# pedestrianID x y
20 449.508120649652 169.21113689095125
21 589.1368909512762 175.661252900232
22 574.1055684454757 214.1902552204176
23 528.3781902552205 147.22041763341068
24 658.3839907192576 148.76102088167053
25 435.2911832946636 67.07656612529003
40 690.3201856148492 300.5568445475638
41 654.0788863109049 262.5522041763341
42 660.2262180974478 180.5475638051044
43 662.6519721577727 192.11136890951275
44 633.893271461717 198.82134570765663
45 590.5429234338748 166.0139211136891
46 506.9396751740139 240.64037122969836
47 466.78886310904875 258.8538283062645
48 576.2006960556845 145.6844547563805
49 477.35614849187937 238.8445475638051
50 569.2645011600928 192.11136890951275
52 519.8967517401393 136.56612529002322
53 504.29350348027845 231.70765661252898
54 471.4164733178655 98.98375870069606
55 505.4141531322506 96.22273781902553
56 431.5742459396752 47.29002320185615
57 332.54756380510446 48.49187935034803
99 419.3535735540454 11.184623426529505
100 124.91647331786547 676.8027842227378
101 539.9489559164733 567.5638051044084
102 715.5881670533643 306.41763341067286
133 188.08584686774947 412.4408352668213
134 465.6241299303945 499.2853828306265
135 541.5916473317866 603.0672853828306
136 324.8283062645012 70.91879350348029
137 471.91491635010266 617.4596650294332
139 491.09591878279065 649.6989741730264
150 308.8836674515354 639.333817969838
151 314.2026732317173 1357.0652205662118
187 681.6937354988399 597.9396751740139
189 682.6171693735499 592.830626450116
190 539.6414002200805 676.1498887034379
192 656.3723085224032 567.8825412525563
195 440.69489559164737 473.45707656612524
197 605.6283464959138 689.9341574968121
198 408.4716619297376 456.05476913740995
199 669.2932717721574 528.575965925161
201 456.96731264681625 358.06916586836195
204 171.17517401392115 346.5568445475638
205 62.81438515081214 644.7563805104407
206 242.8155452436195 501.66125290023206
207 587.0962877030163 626.3712296983758
208 312.4743657684801 207.25344231705373
209 481.4965197215778 508.8167053364269
210 714.1731895960073 267.8746517997219
214 208.67633410672858 570.0696055684455
215 444.5406032482599 452.74245939675177
216 545.6508120649653 318.26450116009283
217 529.502320185615 367.32250580046406
218 410.87006960556846 475.7819025522042
219 334.69373549883994 448.19025522041767
220 191.45939675174017 608.2134570765661
221 234.68445475638055 547.6844547563805
222 588.7327581347669 427.37335929350695
223 188.72389791183298 577.6148491879351
224 680.0069605568445 300.5568445475638
225 285.81322505800466 482.78422273781905
226 478.63805104408357 448.19025522041767
227 207.45707656612532 634.2227378190255
228 302.64269141531327 597.9396751740139
229 503.74825986078895 436.8909512761021
230 535.002320185615 399.34106728538285
231 457.81554524361957 224.6450116009281
232 238.91995359628777 177.28538283062645
233 283.25522041763344 504.0417633410673
234 296.8805104408353 136.56612529002322
235 567.0436985351238 459.4793750106498
236 39.660184410051016 261.7312851574907
