# pedestrianID x y
26 415.8422273781903 25.33642691415313
39 127.05220417633413 674.106728538283
41 728.8179600752959 448.7168376375021
46 727.1058128708687 437.2069093225781
47 604.0394431554525 603.0672853828306
49 564.1960556844548 565.0626450116009
52 730.000567752744 286.8291281739024
53 730.5589203751053 467.112989992342
57 537.0719257540604 430.1670533642691
58 100.53944315545249 516.0139211136891
59 635.6078886310905 195.4570765661253
60 255.2111368909513 172.42691415313226
61 608.5452436194896 156.5336426914153
62 189.23201856148498 532.969837587007
63 648.7714617169374 217.65661252900233
64 577.100928074246 121.7401392111369
65 468.4269141531323 572.5800464037123
66 577.0672853828307 117.38283062645012
67 464.47679814385157 663.368909512761
68 420.9744779582367 41.35034802784222
69 169.05336426914155 27.56844547563805
70 16.896751740139223 306.41763341067286
71 14.85783973681823 312.2905955554602
96 251.39104256899657 252.44436345039037
100 425.29064157430355 337.9253673994835
101 703.7148726066024 458.4092190076438
102 648.9721577726218 682.2088167053364
103 470.94315545243626 585.2018561484919
104 589.7389791183296 118.830626450116
105 74.15893271461721 432.40371229698377
106 179.22273781902555 547.6844547563805
107 248.7389791183295 575.0951276102088
108 151.5147781104836 17.78488968301134
133 140.3957065344622 615.4226816253944
134 414.82714617169376 405.87006960556846
135 504.28444429857905 434.57674444956467
136 522.175928254559 373.07139336297854
137 393.6668821493588 452.77315837835755
138 190.87106102911468 353.22408945710447
139 178.69025522041767 384.2691415313225
140 444.7575406032483 268.13457076566124
141 372.3155452436195 448.19025522041767
142 429.52436194895597 523.2529002320186
143 386.0881670533643 485.1276102088167
144 396.69373549883994 508.8167053364269
145 231.6299722434809 622.5309203171023
150 642.2120108242319 460.02230413926304
187 721.206823595123 662.2049808924667
192 588.0579264176235 682.5445220438482
195 587.5116009280742 279.4245939675174
198 517.335059635347 406.6271398776064
199 726.4798990212495 418.44115446947535
201 533.1624129930394 336.3480278422274
202 335.49379040445336 421.02867386288204
204 184.38426813493282 612.6647281960562
206 191.67735175907364 655.0565172684417
208 184.139211136891 352.737819025522
209 366.08584686774947 159.6751740139211
214 148.19199459268367 688.1888493354846
215 671.3527351877193 298.96376628827426
216 704.1630039366923 433.86478942705776
219 522.7993039443156 363.1322505800464
221 182.50045337861164 692.5512267803776
223 143.15201467906073 684.4163727511291
225 501.83729143867606 638.5081415013216
226 598.800464037123 226.40371229698377
228 665.7662879528749 322.37472982648467
229 691.2444530429987 298.125114624435
231 540.3700696055685 473.45707656612524
233 437.8491879350348 518.4222737819025
234 636.1422873114675 215.65323152062535
235 544.7598607888632 302.5058004640371
236 522.308584686775 222.89095127610207
237 458.9744779582367 209.02552204176334
238 263.2262180974478 183.82830626450115
239 228.68964684042444 597.5602494586016
240 313.7386762797867 548.9380282066904
241 195.55573306708916 610.6905193868313
242 224.8056704749705 346.8142435866331
243 260.7119066768639 550.3709826720149
244 164.69655323559806 678.113136113744
