# pedestrianID x y
25 662.9814385150812 219.39675174013922
40 723.421881480794 435.32049508461824
41 714.8670194989342 416.04115211100776
44 732.1614322114622 248.25484469777098
46 707.2751664306769 381.64396739114704
47 530.4025522041763 473.45707656612524
49 518.1322505800465 434.64501160092806
52 708.0 300.5568445475638
53 706.2871489756144 445.8416025658225
54 713.5348027842228 207.31322505800466
55 696.8805104408353 187.12761020881672
56 654.5603248259861 200.51044083526682
57 466.42459396751747 255.1740139211137
58 96.10672853828311 655.3642691415314
59 429.8375870069606 89.4013921113689
60 406.1299303944316 58.27378190255221
61 463.17517401392115 77.41531322505801
62 72.43912985933302 804.9597813251006
63 443.6206496519722 115.93967517401393
64 401.49883990719263 18.751740139211137
65 562.877030162413 693.07656612529
66 401.59048723897916 9.187935034802784
96 187.477958236659 262.5522041763341
99 736.9443155452436 222.89095127610207
100 303.76102088167056 443.6566125290023
101 632.4849187935035 430.1670533642691
102 954.0501755576092 -308.8467171742382
104 455.50928074245945 52.125290023201856
105 55.50371391486494 229.76349798933956
133 139.08236658932717 535.4106728538284
134 438.5649651972158 464.20417633410676
135 355.9837587006961 499.2853828306265
136 472.99535962877036 292.80742459396754
137 422.5928807051779 576.5552694473101
138 159.677494199536 198.82134570765663
139 794.1356238583264 996.4802616655345
140 360.93851508120656 468.8213457076566
141 281.7761020881671 540.3062645011601
142 235.1966167763211 625.4278483469202
143 269.88542672297723 582.1392058761209
144 172.42264531376395 656.7732300691507
150 555.2911832946636 459.6055684454757
151 75.56960556844552 158.10208816705335
187 694.6362894866281 672.6256019275178
189 723.4632960395372 640.8081573381944
192 601.6039124346403 659.7086142982895
195 645.7436194895593 367.32250580046406
198 415.39370341152954 437.58094958969093
199 719.8921113689096 410.24593967517404
201 377.1244531544831 374.8300731448112
202 304.5986966466161 471.28208375446366
204 195.4651972157773 540.3062645011601
205 97.9291726130099 685.6129433220792
208 161.9398015408602 346.4601211208673
209 479.9060324825987 367.32250580046406
214 168.87735732186405 676.9736287003294
215 594.0661252900233 346.5568445475638
216 689.6793241444847 416.65490690019686
218 641.1705336426915 338.3805104408353
219 339.8849043906065 478.65979184143345
221 239.27610208816708 682.2088167053364
222 648.6055684454757 373.6426914153132
223 168.2902739829488 662.3123966931172
224 723.395067960282 434.535578105727
225 437.4593967517402 587.7401392111368
226 572.6497883201498 407.91832617474813
228 530.9433480465739 425.86754862858726
229 670.4825986078887 340.41763341067286
231 474.07791810944246 355.3604950325804
232 81.96403712296984 170.81670533642693
233 387.4687937407195 571.7754786285066
234 593.3480278422275 209.02552204176334
235 630.9585339799645 389.03579812328445
236 323.14442105793137 195.82807217399372
237 215.82320336044114 191.52697586823476
238 137.10514078472252 299.14145372753836
243 153.2531355977473 672.0733562694676
