# pedestrianID x y
3 153.67877290159066 682.7273556323231
19 114.74832273253448 674.4070304703921
83 729.0855994519724 646.224841875189
86 169.52078128470293 667.1795888901706
91 577.5930342492305 668.2833224117088
93 577.1899228387298 668.7467369749261
94 578.5810310258977 679.4806538645812
122 719.1249045111831 272.0758789019089
125 170.35796413934102 662.5419890843039
127 177.48793680594085 646.2443716874944
129 724.9027962078302 639.3191211180665
131 581.1842089296523 688.3138071777643
148 187.52005600925386 658.5362508820185
149 144.23937740333702 685.0929431405752
173 57.18407083967878 274.55945779617866
175 126.93754400850183 683.7776729584859
178 130.93228354212692 690.3813657847319
179 202.77033614294143 629.5553307631127
180 128.44885721539177 653.2945073522919
181 725.8186085181906 302.17952750972916
182 611.2733283152389 11.70930301661307
184 713.7052449615044 485.07357594403976
185 456.1049363009262 104.10841266036262
245 445.31674570094464 487.91144963685156
246 436.1374809387327 470.9158942243011
247 448.6038363410948 489.5984857473872
248 452.36521735236806 498.85890690927204
249 303.21186287121316 501.268323627679
251 656.8618050513062 283.75199135136563
252 109.09881148356389 9.983958712448079
253 464.4905787536655 516.4685275971741
254 461.781896612768 511.9053998608001
255 111.33648962778962 59.295624102719096
256 456.9277890797244 126.15868575466183
257 595.4483848506534 681.1310539932344
258 160.17135598426972 633.8244056505647
259 132.0757359749945 592.3957526750884
260 731.6059628479272 474.8706987387237
261 132.02234190072815 581.5295043987982
262 27.2791832113734 264.50728569009146
264 94.90736769064303 351.7762708648794
265 702.7756960838996 465.8373722270633
266 706.0377813885151 250.55007728195216
267 653.2726680943881 240.66725024006664
268 142.98794369072206 645.2376929191197
269 65.96622470560476 253.70447164075
270 44.29420721726566 248.08735846448474
271 568.5450492266061 626.7305315591658
272 704.8204170253575 241.49499102211695
273 707.6448379011645 62.51623640318803
