# pedestrianID x y
20 100.11368909512763 233.48491879350348
21 364.42923433874716 43.712296983758705
40 538.3352668213457 164.42227378190256
41 455.88979118329473 82.69605568445475
42 464.3781902552205 70.91879350348029
43 446.28422273781905 57.03480278422274
44 433.1102088167054 42.52900232018561
45 365.1914153132251 26.450116009280745
46 285.554524361949 20.928074245939676
47 285.6878956790948 22.51110294268633
48 436.9703051145482 8.713161765311364
49 295.0377821410149 23.677881826449987
133 242.43851508120653 255.1740139211137
134 149.99071925754063 666.046403712297
150 -155.4961602099393 682.3499321602611
151 126.31206496519727 555.1044083526682
187 679.9849187935035 410.24593967517404
188 80.65429234338751 222.89095127610207
189 676.6798143851508 395.01160092807424
190 509.47563805104414 603.0672853828306
191 706.8457076566126 253.34106728538285
192 671.6496519721578 386.40835266821347
194 701.7273781902552 246.05568445475637
195 -295.61239327373505 919.7766584383277
196 701.893271461717 233.48491879350348
197 669.7807424593968 590.2830626450117
198 246.93787334815784 470.67998491412766
199 665.0951276102089 377.87935034802786
200 659.546403712297 246.05568445475637
201 525.6740139211138 235.26682134570765
203 97.8816705336427 198.82134570765663
204 202.04951365279632 106.755343495594
205 89.62645011600932 466.5104408352668
206 182.2018561484919 288.96055684454757
207 536.8109048723899 427.93503480278423
208 426.23665893271465 226.40371229698377
209 255.6496519721578 513.6102088167054
210 544.901392111369 177.28538283062645
211 643.8016241299305 388.55220417633416
213 672.5127610208817 618.5614849187934
214 185.50812064965203 421.2668213457076
215 283.4060324825987 542.7610208816706
216 426.7308584686775 255.1740139211137
217 337.4935537278266 499.95670008719486
218 191.6716937354989 605.6380510440835
219 249.48607888631096 450.4640371229698
220 152.10440835266826 395.01160092807424
221 213.75058004640377 363.1322505800464
222 342.29814385150814 525.675174013921
223 155.38399071925758 371.53132250580046
224 390.55220417633416 159.6751740139211
225 169.91733126761108 143.09330848518331
226 304.19953596287706 430.1670533642691
227 164.30742459396757 450.4640371229698
228 440.52115866286596 493.0700620733201
229 260.6205243027368 609.6866467320203
232 437.0447324113011 220.45518112907425
233 221.20834429697575 566.5741875796973
