# pedestrianID x y
3 198.6851231003942 655.582669267697
7 126.34677982322731 681.9605555141844
11 125.91864330270097 689.6735411206101
14 728.3667380416707 251.50842326529437
16 391.76450116009283 190.44547563805105
18 14.177494199536 246.05568445475637
19 146.07076566125295 478.11136890951275
83 712.998596728941 633.0999052780951
86 233.83423891629408 619.4513853546983
87 64.62412993039447 671.415313225058
91 577.8180994700251 589.1630905753636
92 73.36426914153134 634.2227378190255
93 534.2529002320186 448.19025522041767
94 537.4269141531323 461.9025522041763
95 690.3723897911834 459.6055684454757
108 133.9782001914693 690.2172306771763
121 726.2733010580657 272.0423430397925
122 681.624858588408 284.5975897417425
125 234.8089642227715 609.955402380135
126 720.8408993214492 478.4878576620154
127 239.7095868245747 583.9560927076527
128 157.73146512309756 683.7337835621669
129 702.9802784222738 496.91415313225053
130 499.9408352668214 210.74245939675174
131 585.7956638300158 673.9922175146406
148 401.131090487239 550.15313225058
149 181.7656612529003 557.5870069605569
157 293.2464370522527 7.429719090104245
166 124.0854104211563 682.209040245075
173 119.38464878629017 274.0897724222327
175 133.24492542517945 630.9806679492136
178 145.85618416886024 666.7196294495692
179 419.1752808301723 296.67783249055515
180 157.1960556844548 455.02552204176334
181 641.7133068736875 313.7467563107851
182 529.6763341067285 217.65661252900233
183 392.1374354062521 164.4445414750272
184 582.2807424593968 408.0556844547564
185 456.21345707656616 430.1670533642691
186 520.0139211136891 156.5336426914153
233 133.16606577764128 829.7112023376513
245 137.12371358594385 571.1516287855633
246 457.9066859533002 241.73597216614493
247 254.17063371150624 -1150.6682829410588
248 43.93415295829425 -608.587283093008
249 824.8150498124518 56.03111608923426
250 162.3712296983759 78.72853828306265
251 439.9211136890952 399.34106728538285
252 173.20649651972164 205.60556844547563
253 47.28979343720167 126.50267010414046
254 234.80714287433213 -707.5440047676835
255 180.95591647331793 240.64037122969836
256 427.20765661252904 432.40371229698377
257 532.2204176334108 430.1670533642691
258 429.8596287703017 358.96055684454757
259 153.3747099767982 246.05568445475637
260 641.9675174013921 671.415313225058
261 153.23549883990725 210.74245939675174
262 277.77030162412996 103.16009280742459
263 635.7610208816706 53.34570765661253
264 468.23665893271465 513.6102088167054
265 467.977958236659 565.0626450116009
266 527.1867749419954 74.80278422273781
267 275.6740139211137 148.76102088167053
268 336.33178654292345 111.63805104408353
269 370.2357171162855 38.487921822221026
270 370.26914153132253 58.27378190255221
