# pedestrianID x y
20 192.98259860788866 200.51044083526682
21 416.28886310904875 82.69605568445475
22 328.2529002320186 46.09280742459397
23 330.877030162413 14.454756380510442
40 601.7563805104409 188.78422273781902
41 514.9872389791184 124.66821345707656
42 521.9187935034803 105.9675174013921
43 500.3781902552205 94.8491879350348
44 486.81090487238987 80.04640371229698
45 416.84802784222745 64.53828306264502
46 334.15081206496524 65.80510440835268
47 336.79930394431557 93.48027842227378
48 414.72273781902555 54.5707656612529
49 346.50928074245945 74.80278422273781
50 325.98143851508127 27.56844547563805
133 216.8758700696056 279.4245939675174
134 -366.07384149775766 1020.3990077736544
150 -294.7807321294687 702.303022464292
151 135.80162412993045 506.42691415313226
187 677.1937354988399 459.6055684454757
188 22.38051044083528 251.5127610208817
189 676.5614849187936 448.19025522041767
190 503.0127610208817 636.8491879350348
192 671.7505800464037 432.40371229698377
195 286.31322505800466 557.5870069605569
197 659.4385150812066 639.4802784222737
198 301.7877030162413 506.42691415313226
199 666.8921113689096 432.40371229698377
200 730.2412993039443 277.53132250580046
201 500.177494199536 275.6426914153132
203 41.40371229698383 229.9350348027842
204 292.1416809487778 -139.8558634557004
205 86.18445475638055 520.8352668213457
206 198.4176334106729 348.6125290023202
207 553.0986078886311 482.78422273781905
208 412.31379387043404 205.60556844547563
209 306.15458159834003 490.2936617570401
210 619.5487238979119 221.14153132250578
211 685.1403712296984 350.67285382830624
213 661.4849187935035 666.046403712297
214 187.70069605568452 461.9025522041763
215 323.5916473317866 518.4222737819025
216 412.499573720407 235.57343401860777
217 339.06655718035245 514.3078187671773
218 236.42807424593974 575.0951276102088
219 236.71345707656616 492.1856148491879
220 158.83874709976803 455.02552204176334
221 222.87238979118334 416.8445475638051
222 414.85614849187937 494.54756380510446
223 160.2714617169374 430.1670533642691
224 466.16125290023206 200.51044083526682
225 117.65983021917738 -58.475782838166964
226 333.3712296983759 425.70765661252904
227 175.00464037122973 504.0417633410673
228 408.5276255760857 490.49538794785116
229 357.09224280429527 542.0674881386166
230 199.8589982649107 644.6670945736355
232 362.7216547869938 209.21683662976804
233 236.3328471684116 545.3945903872595
