# pedestrianID x y
1 689.3433557591223 615.8823913236178
2 687.1691700584329 609.3879064339573
3 410.5730858468678 377.87935034802786
4 413.87006960556846 382.13457076566124
5 581.5278422273782 535.4106728538284
6 726.8037276527766 252.25298788966217
7 329.35498839907194 475.7819025522042
9 699.9847343781147 245.45204994808972
11 221.40951276102092 318.26450116009283
12 215.47331786542927 304.45939675174014
14 441.4048723897912 107.37819025522042
15 444.4791183294664 93.48027842227378
16 578.8062645011601 684.9187935034803
30 293.9307520178617 20.864006085695085
34 704.2053364269143 203.90255220417635
35 704.6160092807424 193.78190255220417
36 618.955916473318 304.45939675174014
37 646.6206496519721 427.93503480278423
38 522.4025522041763 136.56612529002322
69 509.06923729808466 687.0917235483395
72 729.8930754642583 266.5228798875638
79 144.0473953501519 692.4752471308859
80 44.85419568517664 295.84037182424265
83 643.4988399071926 395.01160092807424
86 411.0941107456644 350.4657413591915
87 253.96867749419957 93.48027842227378
90 491.21229698375873 388.55220417633416
91 396.7262180974478 182.18561484918794
92 264.8016241299305 74.80278422273781
97 628.0243619489559 380.00464037122964
100 645.0682663972483 7.374439030843068
108 163.03813910918265 658.2759265669735
111 482.69924008743163 28.375483449648424
114 272.3957606230853 14.002341000070409
118 346.62481852270025 17.20491385029423
120 267.2633410672854 555.1044083526682
121 619.2935034802784 350.67285382830624
122 437.9047906535043 205.25610876960272
123 317.9106728538284 22.023201856148493
124 701.0827991697194 276.9477500200369
125 493.4408352668214 175.661252900232
126 569.9083526682135 496.91415313225053
127 552.9119171090225 141.37159924435474
128 400.04640371229704 169.21113689095125
131 606.8913982339914 609.4149865984351
132 380.2789596383151 122.62235602160997
136 170.18863130332846 678.0898054373046
141 634.1449658918907 9.119966810380173
147 508.2204176334107 34.37587006960557
148 415.83185260253805 20.649628896795008
157 329.7613225458862 24.710318140818114
159 222.054524361949 54.5707656612529
163 372.33473921524916 209.70598489204252
166 119.12343630172853 587.1434929088132
167 374.8665893271462 5.05800464037123
168 367.9889036091443 93.56056389827663
171 266.28886310904875 363.1322505800464
172 443.1345707656613 557.5870069605569
173 269.10788863109053 482.78422273781905
174 251.14733178654296 380.00464037122964
175 260.0347728492814 32.454377692910384
176 607.8807043847372 474.1525772215333
202 104.0408538836343 10.533287511532622
219 729.1944161560313 273.91185055163095
233 410.4653590786648 572.5935939926131
237 721.0481959946013 480.6642993826041
245 261.3764402463035 459.9486982684979
246 429.3660971723325 281.0312942767595
247 296.4177090303705 -585.7482157692614
248 322.34106728538285 195.4570765661253
249 540.2562234990377 248.40869833286064
250 258.64269141531327 434.64501160092806
251 263.67517401392115 312.3201856148492
252 632.953596287703 618.5614849187934
253 235.60556844547568 266.26914153132253
254 375.1624129930395 111.63805104408353
