# pedestrianID x y
1 603.4976798143852 473.45707656612524
2 599.4907192575406 468.8213457076566
3 441.6241299303945 212.4640371229698
4 486.91531322505807 260.7006960556845
5 498.0881670533643 247.87006960556843
6 629.1070127642068 153.533872772207
7 550.6450116009281 114.50116009280742
8 589.7053364269142 144.15313225058006
9 423.61368909512765 74.80278422273781
10 531.2935034802784 49.698375870069604
30 219.01044083526688 249.6890951276102
32 649.8225058004641 193.78190255220417
33 641.9651972157773 185.4756380510441
34 436.10904872389796 73.50348027842227
35 438.19025522041767 63.27610208816705
36 423.95591647331787 89.4013921113689
37 564.4419953596288 115.93967517401393
49 148.97384673112109 689.3765223433968
69 442.6469110780928 674.7701777044188
72 717.5358555182083 268.3873615283003
78 142.56333033247736 1051.3882956355526
79 -11.12410062429769 397.39483701212316
80 144.50232018561488 371.53132250580046
81 728.7989033889388 265.7142733621074
83 567.2679814385151 104.5614849187935
84 422.7830626450116 101.76334106728538
86 438.95707656612535 197.13689095127611
88 566.0591647331787 161.25290023201856
89 505.9269141531323 77.41531322505801
90 625.0708843922307 820.9745620992041
96 728.5768665620865 270.5377116292061
97 434.762180974478 525.675174013921
100 642.2006797732224 15.918209236219107
108 202.785516535718 615.978439403059
111 507.9843142056711 63.34917954923889
112 323.1903331551372 61.30778708221293
114 263.22188908444076 38.492493477125294
118 429.47563805104414 412.4408352668213
120 180.1496519721578 575.0951276102088
121 383.5763181321449 233.08358938456982
122 259.6624129930395 306.41763341067286
123 433.3422273781903 290.88167053364265
124 548.0382830626451 314.2969837587007
125 503.0495251977592 133.57688707751217
126 491.377030162413 287.04408352668213
127 518.284222737819 190.44547563805105
131 601.5730858468678 494.54756380510446
132 480.87470997679816 328.26450116009283
136 203.34561106555526 663.0476521412987
138 131.1069320467088 689.4262714062074
141 623.3447604655465 16.206930752742835
144 634.3061823366361 7.588764193943625
146 726.7107577574161 266.7851206412107
147 457.325504355674 294.0640505143843
156 575.4176334106729 81.36890951276102
157 419.5912127629303 102.8925183974203
159 435.3677494199536 257.01160092807424
161 506.81786542923436 177.28538283062645
163 450.4640371229699 324.2505800464037
164 678.9837587006962 296.67285382830624
165 116.24361948955922 639.4802784222737
166 141.1728538283063 427.93503480278423
167 214.9802784222738 283.2250580046404
168 464.45243619489565 312.3201856148492
169 147.71925754060328 162.83526682134573
170 268.4130604528886 338.7792566868655
171 512.4296382494183 607.6879687957808
172 560.7299662505794 685.7717971349776
173 564.9280598523052 564.1545042229185
202 115.07688544427577 20.486957301459324
219 722.4486855985325 279.6773998422742
233 453.92780105472485 532.6916078653858
237 702.4951159836264 486.50194684439094
243 384.47215777262187 101.76334106728538
245 138.44648420925714 363.2044018423059
246 419.425531047434 294.12140408574214
247 322.41287020667613 -240.26506402549552
248 322.8526682134571 180.5475638051044
249 549.5278422273782 110.21345707656613
250 377.2401392111369 585.2018561484919
251 75.60672853828305 322.25058004640374
