# pedestrianID x y
40 455.10788863109053 101.76334106728538
41 385.69025522041767 33.22969837587007
42 391.9582366589328 16.593967517401392
43 395.8339219916493 16.220110116446207
133 408.9898247969184 94.19128492883222
150 47.387968407846614 652.067077629739
151 108.34686774942 600.5011600928074
187 690.2389791183296 340.41763341067286
188 167.677494199536 185.4756380510441
189 688.1612529002321 326.25522041763344
190 516.1032482598608 555.1044083526682
191 644.1740139211138 215.92111368909514
192 686.1461716937355 324.2505800464037
193 704.3515081206497 200.51044083526682
194 639.3886310904873 203.90255220417635
195 -83.07654723346232 788.7303658417142
196 639.4767981438515 190.44547563805105
197 697.6693735498841 530.5336426914153
198 256.88051044083534 436.8909512761021
199 679.6241299303945 316.2784222737819
200 542.7691415313226 154.96983758700696
201 547.8677494199536 178.9141531322506
203 173.5638051044084 169.21113689095125
204 183.8515081206497 156.5336426914153
205 85.34686774942003 397.17401392111367
206 160.40139211136895 215.92111368909514
207 499.26970174237215 346.2188977290066
208 432.969837587007 285.1322505800464
209 202.67517401392115 557.5870069605569
210 458.26566125290026 115.93967517401393
211 590.1624129930394 439.1415313225058
212 684.7737819025523 410.24593967517404
213 699.6368909512762 550.15313225058
214 183.10904872389796 373.6426914153132
215 210.4702625241762 551.7753357411958
216 440.12296983758705 304.45939675174014
217 256.41647331786544 530.5336426914153
218 142.95359628770308 644.7563805104407
219 261.81786542923436 384.2691415313225
220 148.19373549883994 318.26450116009283
221 201.42111368909517 298.6125290023202
222 291.6252900232019 555.1044083526682
223 152.04988399071928 294.73781902552207
224 311.10324825986083 107.37819025522042
225 174.6735473844543 189.2731108759861
226 264.66262553186436 374.44418706793255
227 96.27700318334229 364.2998131863382
228 521.5742070434188 618.7931544121213
229 146.45549175507503 685.6851538820566
232 535.5586248278518 234.93210922586533
233 203.27678259674457 591.0173572804804
