# pedestrianID x y
188 478.70883596602613 119.9662388019864
190 665.9034277426609 478.83142447218194
198 196.6369873817019 365.37938110709433
199 616.4350255760933 178.86668274735257
201 465.1650418807409 32.95652256881888
204 277.4890547983245 7.308976855510636
207 460.91500866628803 63.33416375873347
208 413.05515887435257 448.99677830118964
209 185.34750502931809 574.6882027409105
211 405.2348986438069 549.3987041694934
214 40.920580548489525 281.89525938138405
215 202.73768547114526 605.563276031565
216 258.5982249288958 332.5850208468185
217 150.34656823343738 669.7416172862639
219 133.66812189858408 301.2261424693394
226 11.644805752126794 279.3954338986949
233 158.5486579186608 652.5962736680315
