# pedestrianID x y
26 684.9361948955917 187.12761020881672
27 480.0011600928075 28.691415313225058
28 380.15197215777266 9.187935034802784
39 114.53712296983761 392.8538283062645
47 608.6617971234247 687.7811574399544
49 352.44315545243626 618.5614849187934
57 603.1902552204177 655.3642691415314
58 54.07076566125295 197.13689095127611
60 168.10222079236613 212.95441528529562
62 483.5359628770302 390.70069605568443
64 650.8851508120649 334.32018561484915
65 546.248259860789 439.1415313225058
66 722.3769257524576 254.7055955665568
67 541.8863109048724 403.68909512761024
68 698.8039443155453 203.90255220417635
69 329.4083526682135 138.0742459396752
70 251.85382830626455 156.5336426914153
71 31.176334106728575 53.34570765661253
72 504.4106728538284 195.4570765661253
73 147.10092807424599 658.0278422273782
74 480.8689095127611 15.522041763341068
76 439.3677118136443 11.277701766304478
96 417.6438515081207 397.17401392111367
100 515.969837587007 226.40371229698377
103 210.86890951276106 346.5568445475638
106 525.3167053364269 384.2691415313225
107 246.18615930493203 402.718509605789
108 331.477958236659 111.63805104408353
109 608.7101554620662 500.7029412862164
110 362.8352668213457 523.2529002320186
111 352.3056501134158 513.745526826696
112 215.45243619489563 650.0510440835267
113 300.3329466357309 90.75638051044085
115 248.16297047836701 595.9138387669944
117 279.88680662860315 582.443896371846
131 430.09860788863114 127.61484918793502
133 132.0587513115977 661.9520501830731
134 646.5127610208817 328.26450116009283
135 718.7911832946636 328.26450116009283
136 462.9907192575406 434.64501160092806
137 549.2807424593968 258.8538283062645
138 168.87587006960558 482.78422273781905
139 209.8588731007145 193.6076824067676
141 523.4048723897912 257.01160092807424
142 671.9439282540314 468.1288037696335
143 440.1287703016242 350.67285382830624
144 540.0266821345708 401.5127610208816
145 366.9037122969838 384.2691415313225
146 408.4930394431555 506.42691415313226
150 704.0520026044072 469.6929074673578
152 111.89675174013925 419.0533642691415
153 408.931554524362 375.75870069605566
154 404.0730858468678 530.5336426914153
155 469.2644507258309 413.23759961034483
156 273.26948419311395 592.1435391605029
157 254.487982347736 549.249035995674
158 201.58135959758621 620.6834931981248
159 238.3788925146244 632.9863067149752
195 352.41995359628777 41.35034802784222
198 708.2285382830627 363.1322505800464
199 731.2678406311887 438.37638719020384
201 461.7900232018562 334.32018561484915
202 221.61716937354993 316.2784222737819
204 153.07077279504958 659.3429313014857
206 151.40575553471166 682.3133129637052
208 222.01276102088173 113.06728538283062
215 703.4953633691846 283.17017708246954
216 719.8615547705041 451.8223941313644
219 665.0355329093676 328.2064298442291
225 550.1658180555644 677.9582626564973
226 725.1576971157001 237.30556292172483
228 721.885599522556 278.2504982772522
229 718.7923018009574 279.8883554672614
231 581.7821753608788 614.3167516815731
233 527.9170452287609 464.5744921815103
235 708.9281931324675 285.38070676741444
237 565.4709976798144 461.9025522041763
238 434.13523183967504 14.682932995117612
239 541.4976798143852 310.34802784222734
240 464.5361169709173 405.04211679541663
241 438.25522041763344 277.53132250580046
242 425.6577726218098 260.7006960556845
243 424.18909512761024 310.34802784222734
244 430.4083526682135 504.0417633410673
