# pedestrianID x y
1 666.2257388142733 597.6961141433869
2 663.4989969289691 588.8200002193357
3 453.61832946635735 326.25522041763344
4 456.93851508120656 330.27842227378187
5 571.563279286624 364.894772329673
6 715.2907858751336 241.0112230543613
7 429.09048723897916 373.6426914153132
9 658.8334314115648 225.10061285367894
10 728.9953596287703 212.4640371229698
11 268.4918793503481 198.82134570765663
12 267.5023201856149 180.5475638051044
14 352.4547563805105 34.37587006960557
15 330.3688397052335 13.301507990816097
30 286.98491879350354 42.52900232018561
34 614.4338747099769 172.42691415313226
35 616.3700696055685 161.25290023201856
36 622.5580046403713 268.13457076566124
37 626.6809744779582 334.32018561484915
38 440.3375870069606 54.5707656612529
69 493.19011847915806 684.1621671049271
72 727.0143043584526 266.95630168375953
79 149.40463576004234 690.408038973147
80 58.928352791469166 302.9513014048241
83 616.9651972157774 316.2784222737819
86 449.2853828306265 308.3805104408353
89 707.0429234338748 200.51044083526682
90 509.0208816705337 475.7819025522042
91 320.68909512761024 108.79350348027842
97 556.6392111368909 419.0533642691415
100 644.3966921897323 9.340963864089685
108 172.2270934998396 648.3784970983706
111 488.7355700600962 36.35353719496016
114 270.4553781097328 19.033508098932092
118 392.56032482598613 96.22273781902553
120 350.89443155452443 511.2111368909513
121 545.7064965197217 384.2691415313225
122 387.939675174014 195.4570765661253
123 363.8584686774942 81.36890951276102
124 677.2901281723621 283.9056182138571
125 502.93814614468636 133.75084964669858
126 518.8120649651972 425.70765661252904
127 543.8596198337437 148.3258479187305
128 324.67053364269145 100.37122969837587
131 613.1611952720484 589.7536554573933
132 359.41995359628777 117.38283062645012
136 178.4927327990001 674.0782780697729
141 631.5039829458309 10.921165614007432
147 471.7853828306265 124.66821345707656
157 340.0449656728073 29.534968004600454
159 300.93503480278423 114.50116009280742
163 420.2962468845596 194.36628216475614
166 116.966488913827 546.8873196699277
167 285.65661252900236 73.50348027842227
168 358.1102088167054 96.22273781902553
170 285.93503480278423 60.76566125290023
171 322.1690924818412 502.23836540500207
172 418.14140762902605 551.823155920399
173 342.9593967517402 436.8909512761021
174 347.7536483347432 481.58011721410315
176 714.4684527682165 619.9231440893531
202 106.75834531839938 12.972394445001166
219 727.3648776229577 275.3899418572403
233 425.924934133884 558.4655328062044
237 716.7211225895967 482.0328910208982
245 280.92575406032483 443.6566125290023
246 426.0935184270014 285.4155354957287
247 303.7069405965581 -487.76141829002694
248 354.4593967517402 212.4640371229698
249 516.1034266881182 264.67475414465554
250 204.62180974477963 457.3132250580046
251 -455.5173754482933 478.140577425096
253 278.0452436194896 180.5475638051044
254 436.78438618400435 55.2893656964841
