# pedestrianID x y
86 135.94032377958538 691.9509217060512
125 136.62594718512665 690.3083130243411
127 141.04204460093408 683.5475103943677
173 18.1663111838159 274.85772276898604
179 137.37451589947946 689.0804979628916
185 461.80173085141223 11.334880392151351
245 518.2661321220062 605.0079672697673
246 502.66581057486 577.2990549758796
247 520.8954818516189 607.1350621910724
248 526.2219448239242 618.1357790794452
249 196.2898681287082 620.3133652979076
251 715.7094596987938 270.52583781132523
253 540.1089034984149 639.6024424764202
254 538.0373271644314 636.0566609752555
256 461.7613656591135 16.407698999400736
259 125.6525292914397 689.755312667869
261 125.72536509879788 688.1143789971529
264 11.436344721122719 284.30624460348304
