# pedestrianID x y
27 560.0394431554525 92.11600928074246
28 476.3062645011601 73.50348027842227
39 103.83990719257545 308.3805104408353
47 601.1854771413804 690.6162496967207
49 282.18873851841283 629.762900328457
57 614.7760884192734 685.957774347546
58 47.11876721072388 180.42846815416425
60 170.33642691415318 352.737819025522
62 565.1496519721578 367.32250580046406
64 723.6487305350404 387.41771231243047
65 599.6160092807424 397.17401392111367
66 730.3795117197642 259.4669115416228
67 556.9756380510441 314.2969837587007
69 303.0231402635684 106.6052697874606
70 342.131090487239 127.61484918793502
72 487.42575406032483 290.88167053364265
73 201.79582366589332 613.3781902552204
74 558.3863109048724 82.69605568445475
75 598.7888631090487 618.5614849187934
76 481.4083526682135 94.8491879350348
77 420.6001884748653 12.87037213298306
78 79.85426910254722 690.1451774314875
96 518.6751740139212 395.01160092807424
100 560.1461716937355 169.21113689095125
103 174.04872389791188 266.26914153132253
106 557.4025522041763 298.6125290023202
107 244.79984791583976 410.5654401136365
108 378.06148491879355 127.61484918793502
109 474.82115784249334 803.4916688168033
110 465.0823665893272 441.3967517401392
111 381.8967517401393 540.3062645011601
112 398.4489559164734 511.2111368909513
113 358.3190255220418 148.76102088167053
114 69.27988400651822 974.6035008663138
115 323.1194895591648 545.2204176334106
116 127.05220417633413 674.106728538283
117 374.6716937354989 511.2111368909513
131 389.3375870069606 197.13689095127611
133 130.66444181559902 669.5228630424892
134 632.4385150812066 395.01160092807424
135 725.2326914494611 313.93592546527293
136 534.3503480278423 434.64501160092806
137 602.8491879350348 209.02552204176334
138 171.800464037123 552.6264501160093
139 289.19837587006964 210.74245939675174
141 567.0893271461717 200.51044083526682
142 696.8881001934878 470.5558939426716
143 390.8885235227066 345.44598813276065
144 556.34686774942 310.34802784222734
145 360.35811338102747 373.7464778769538
146 484.82018561484927 464.20417633410676
150 712.8459908662347 471.02504680134393
152 65.7204176334107 326.25522041763344
153 515.1925754060326 377.87935034802786
154 449.13225058004645 475.7819025522042
155 357.5104408352669 395.01160092807424
156 359.4211136890952 525.675174013921
157 322.5649651972158 482.78422273781905
158 315.3375870069606 506.42691415313226
159 322.47563805104414 582.6682134570766
160 276.01116636827777 605.619920008366
161 162.20693281976114 677.6767104759447
163 26.49614400256189 269.9929704958729
198 710.5893271461717 304.45939675174014
199 732.2885735343316 442.62226433180183
201 502.4814385150812 375.75870069605566
202 207.23433874709983 222.89095127610207
204 147.6418804042236 667.2739807084072
206 145.3222770179126 686.5252508718786
208 226.2529002320186 32.08816705336427
215 709.3683508710054 280.0033370668854
216 723.0858314912878 455.42018274813694
219 674.89823059915 319.75338578959924
225 557.0346891887514 683.3346407384754
226 727.497371771312 241.7968542976144
228 727.8169740548785 273.9541666958593
229 723.2140646728417 276.8788109850128
231 580.8084194064907 633.1025672488887
233 522.9271296728699 469.3562360694233
235 474.6821345707657 162.83526682134573
237 567.7552204176335 535.4106728538284
238 444.12865167915743 9.259818743744573
239 623.6763341067286 260.7006960556845
240 619.3642691415314 138.0742459396752
241 473.9872389791184 177.28538283062645
242 462.3329466357309 167.61020881670532
243 407.3732747599775 310.8589581058567
244 487.5638051044084 457.3132250580046
