# pedestrianID x y
40 402.7679814385151 58.27378190255221
133 342.77494199535965 169.21113689095125
150 116.84918793503485 650.0510440835267
151 98.84989461888314 632.7929068783332
187 691.6693735498841 294.73781902552207
188 212.90719257540607 175.661252900232
189 687.4095127610209 279.4245939675174
190 530.4129930394432 523.2529002320186
191 603.9802784222738 187.12761020881672
192 686.491879350348 281.322505800464
193 655.699535962877 170.81670533642693
194 591.7587006960557 175.661252900232
195 152.31902552204178 642.1160092807426
196 592.2853828306265 162.83526682134573
197 709.6357308584687 480.44547563805105
198 258.2529002320186 390.70069605568443
199 678.6078886310905 273.7587006960557
200 553.8352668213457 117.38283062645012
201 516.0684454756381 142.62645011600927
203 218.00000000000006 159.6751740139211
204 221.24593967517404 147.22041763341068
205 80.68445475638055 348.6125290023202
206 152.52552204176337 164.42227378190256
207 485.52900232018567 300.5568445475638
208 393.0192834522201 390.702404891249
209 219.19721577726222 523.2529002320186
210 402.7064965197216 72.20881670533643
211 555.0417633410673 471.13689095127614
212 587.8491879350348 320.2552204176334
213 714.5661252900233 504.0417633410673
214 181.39791183294668 338.3805104408353
215 241.92111368909517 542.7610208816706
216 421.04640371229704 336.3480278422274
217 241.73549883990722 518.4222737819025
218 125.49419953596293 671.415313225058
219 260.1577726218098 340.41763341067286
220 148.6160092807425 264.40835266821347
221 192.52179962161517 263.13315581694684
222 307.55851474221197 550.468557128672
223 111.13707295345093 262.687518652861
224 278.4282777127576 16.77613717608369
225 77.7336185778776 239.13569209280723
226 196.5159556152147 348.74116803202327
227 23.805030866100463 296.9795555219008
232 598.6327082583472 244.56552381027194
233 191.5305991724031 607.452421785451
