# pedestrianID x y
3 175.6236434864336 669.5949527333075
7 125.77981862709382 689.7931013015892
16 245.88515081206498 3.020881670533643
19 104.2993039443156 618.5614849187934
83 720.9381489869356 639.6197482714053
86 201.56387996973294 643.719323848885
91 577.6958937621135 632.5617658533739
92 78.41330987087261 688.4577698408583
93 574.5603248259861 610.7935034802784
94 578.070765661253 626.3712296983758
95 700.9916539895945 508.9929974173953
121 730.835272352164 269.7787422737634
122 700.9852658201069 278.17129249943514
125 202.83338089696173 636.9834055246847
126 728.9758670298143 477.0212174957994
127 209.2647346449958 614.6999424067624
128 143.9721671284921 690.454275139874
129 702.8641111407428 615.7298617476881
131 583.5842517080109 680.9690383179841
148 250.2204176334107 613.3781902552204
149 185.39736108242045 654.6578470687348
166 124.41136689045153 688.6966080668402
173 89.1107141431415 274.31548470562007
175 129.65769208698742 661.3900388539764
178 137.7454328760968 679.601592899287
179 300.76450116009283 540.3062645011601
180 134.41664586858232 568.8227119466704
181 688.7192575406033 340.41763341067286
182 562.8781902552205 42.52900232018561
183 256.6252900232019 9.187935034802784
184 656.6020881670534 511.2111368909513
185 449.5150812064966 273.7587006960557
233 708.9118329466357 336.3480278422274
245 379.37935034802786 380.00464037122964
246 379.37935034802786 380.00464037122964
247 379.37935034802786 380.00464037122964
248 379.37935034802786 380.00464037122964
249 379.37935034802786 380.00464037122964
251 580.9385150812066 298.6125290023202
252 126.4651972157773 37.84222737819026
253 379.37935034802786 380.00464037122964
254 379.37935034802786 380.00464037122964
255 138.16288265637394 139.37990812238957
256 448.23781902552207 314.2969837587007
257 636.9164733178654 634.2227378190255
258 227.74709976798147 523.2529002320186
259 144.8236658932715 390.70069605568443
260 638.1890951276102 492.1856148491879
261 143.62645011600932 356.8816705336427
262 150.50485045055308 216.79690153038067
263 725.7714617169374 148.76102088167053
264 269.2063986270389 490.0434152469978
265 452.4176334106729 421.2668213457076
266 579.9373549883991 192.11136890951275
267 439.1194895591648 183.82830626450115
268 194.86765720349186 486.12641388123393
269 346.84570765661255 151.85614849187934
270 208.55452436194898 147.22041763341068
271 514.2227378190255 182.18561484918794
272 387.40951276102095 26.450116009280745
273 353.5742459396752 19.837587006960558
