# pedestrianID x y
0 596.5359628770302 78.72853828306265
39 129.56612529002322 4.037122969837587
49 203.39077701136728 664.982256335534
58 11.38052333647862 252.65788307217124
60 238.26218097447799 634.2227378190255
67 604.1654097182211 39.54370011211442
69 392.81670533642693 416.8445475638051
70 594.1821345707657 133.56380510440835
72 478.7807424593968 164.42227378190256
73 350.8433359572755 572.3929812285029
75 580.878613447931 870.9630309478852
77 652.2532402657231 329.73228279370187
78 163.53364269141534 471.13689095127614
79 223.70765661252904 202.20417633410673
80 225.96983758700702 185.4756380510441
81 464.3190255220418 142.62645011600927
82 440.5777262180975 81.36890951276102
83 435.61832946635735 69.63341067285383
96 693.1730466917606 287.1102871273983
98 710.2030162412993 560.0742459396752
100 627.7050092861939 60.11759763630014
103 300.93503480278423 14.454756380510442
107 56.39675174013928 308.3805104408353
108 439.22737819025525 336.3480278422274
109 667.9361948955917 217.65661252900233
110 734.5672853828307 487.4756380510441
111 531.647331786543 336.3480278422274
112 508.10904872389796 304.45939675174014
113 -368.4912586071059 390.85550163950194
114 164.99535962877036 369.42459396751735
115 294.89936924457163 367.96896208719636
116 410.1113689095128 504.0417633410673
117 462.7819025522042 219.39675174013922
118 582.5185614849188 684.9187935034803
119 1236.3308910318046 1475.9815573287492
120 244.94020073039124 183.07971902740164
121 34.71113689095131 224.6450116009281
131 354.82653657477886 369.7868102292956
132 222.7256438559267 615.183526859429
133 127.56354127563795 685.9677278213022
134 538.155452436195 499.2853828306265
136 375.47215777262187 585.2018561484919
138 151.42433038686823 651.9998915347829
139 343.36899357981906 181.85718770714215
141 608.131090487239 104.5614849187935
142 729.894291807703 473.9789879753714
143 523.4048723897912 257.01160092807424
144 597.2906062657107 28.216215686686105
145 326.81034047521985 825.2891376558521
146 572.0777262180975 392.8538283062645
147 328.70765661252904 518.4222737819025
150 729.9127162493513 473.523750891438
152 99.33990719257548 214.1902552204176
153 699.5614849187936 202.20417633410673
154 487.4222737819026 188.78422273781902
155 185.56960556844552 275.6426914153132
156 547.2134570765661 408.0556844547564
157 343.02900232018567 427.93503480278423
158 519.5116009280744 464.20417633410676
159 445.45558513660114 551.1993315466766
160 517.7402413845571 437.1145007738607
161 454.63235195829515 517.7159101471286
162 82.06960556844552 212.4640371229698
163 201.99071925754066 386.40835266821347
164 349.1148491879351 535.4106728538284
165 95.76439009875668 233.27588845106254
201 552.7308584686775 508.8167053364269
202 161.11498774196954 63.227697231859864
204 135.6546703611493 684.4964817721088
215 723.4890117926875 272.9030973351848
216 730.6086895699734 464.1277486429418
219 699.9217579048986 298.8985560338223
231 578.9508059156105 671.0245265318312
233 502.1728640024672 488.22659869756217
237 613.9824613380058 512.7516250993488
243 397.93387470997686 427.93503480278423
244 626.8979118329466 390.70069605568443
245 23.03944315545249 258.8538283062645
246 324.78886310904875 97.60092807424593
