# pedestrianID x y
1 706.5743985332606 629.2963233995414
2 705.1834944303449 625.2417655454354
3 362.35173768941183 434.446043678368
4 362.4593967517402 439.1415313225058
5 620.7865429234339 608.2134570765661
7 219.3805104408353 567.5638051044084
9 721.8449331360406 255.9549016194881
11 177.16009280742463 452.74245939675177
12 175.67401392111373 436.8909512761021
13 423.75174013921117 76.10672853828305
14 569.2645011600928 192.11136890951275
15 567.600928074246 178.9141531322506
16 566.0684986427798 624.040648860768
17 423.9222737819026 67.07656612529003
30 289.2517970164688 15.061335955341487
36 698.4570765661254 292.80742459396754
37 665.0800464037123 520.8352668213457
38 693.3712296983759 215.92111368909514
69 523.3887002292403 689.7973450746102
72 732.3892938243886 266.12891651181644
80 32.19307817090588 290.00374998371086
83 662.9605568445477 489.8283062645012
86 385.98585018860854 371.4065235271325
87 189.72273781902555 203.90255220417635
90 460.44199535962883 283.2250580046404
91 483.016241299304 251.5127610208817
92 202.12296983758705 185.4756380510441
93 463.9512761020882 55.800464037122964
97 667.7157772621811 310.34802784222734
108 154.49834633299008 667.8039658657333
111 477.6848393287824 21.32289166426366
114 273.9516632083256 9.80890628318164
118 325.8419924157118 12.303707661596633
120 180.94779582366593 626.3712296983758
121 705.6044083526683 302.5058004640371
122 503.232018561485 244.24593967517401
124 716.9587084650994 272.10442655274096
125 438.6450116009281 304.45939675174014
126 621.6965411480325 496.494566394512
127 441.8364269141532 287.04408352668213
128 417.00940738670243 146.14183984212687
129 461.4628770301624 42.52900232018561
131 601.068743127659 627.818507087776
132 382.81567935346135 121.27403445440383
136 162.2108902252112 681.9749267973161
141 636.7042642313872 7.362382104882705
148 502.8573085846868 113.06728538283062
149 87.00545207671627 200.00116112386738
157 319.9815981022901 20.12504129117045
163 279.6876192904899 240.35198924396718
166 120.82783351115437 619.58025101038
171 239.2250580046404 258.8538283062645
172 433.35308939232095 848.3909476570747
173 263.5361988954717 466.4287466305028
174 235.17924034105116 365.8345642164543
175 178.01160092807427 209.02552204176334
176 480.7504747881262 303.84044265089346
177 523.7167428103635 469.5383574932833
178 235.33820073230865 124.63703273090137
202 101.51789990940074 8.272163892686262
219 730.9764288429092 272.4362379555363
233 389.50371863644386 591.7167268541909
237 725.3293254064783 479.4013395719738
245 246.81189577473023 473.1467861220983
246 433.4338018014892 275.28633915101693
247 288.5959189483824 -688.2571466712784
248 296.175762937049 152.54652957402877
249 574.6746335094982 226.09175049116777
250 221.1496519721578 436.8909512761021
251 160.33066992399108 234.23125560690406
252 895.0243261350822 610.4407806486457
253 213.48754413813703 250.08655005387877
254 330.7602476739977 71.57562084401007
255 543.0693562795888 671.7613834193927
