# pedestrianID x y
20 439.78886310904875 162.83526682134573
21 581.7772621809745 172.42691415313226
22 564.4860788863109 207.31322505800466
23 520.8120649651972 141.1044083526682
24 650.0336426914154 139.58700696055683
25 428.0208816705337 63.27610208816705
40 682.4373549883991 298.6125290023202
41 656.3874709976799 255.1740139211137
42 652.5858468677495 177.28538283062645
43 655.4582366589327 190.44547563805105
44 631.5916473317866 195.4570765661253
45 582.8294663573085 161.25290023201856
46 500.131090487239 231.70765661252898
47 464.4675174013921 249.6890951276102
48 569.0800464037123 142.62645011600927
49 476.9501160092808 235.26682134570765
50 558.8573085846868 187.12761020881672
52 513.4060324825987 129.09512761020883
53 497.54292343387476 222.89095127610207
54 463.83642691415315 96.22273781902553
55 497.1682134570766 90.75638051044085
56 424.3863109048724 42.52900232018561
57 327.27378190255223 43.712296983758705
99 432.2733233895559 37.1661412541212
100 124.62761020881675 679.5034802784223
101 540.4385150812066 572.5800464037123
102 716.27030162413 298.6125290023202
133 186.73201856148495 410.24593967517404
134 457.47099767981445 504.0417633410673
135 543.8654292343388 608.2134570765661
136 319.401392111369 65.80510440835268
137 479.00753532712355 623.0225103036588
139 498.3011141467867 653.7027341248516
150 311.479781939219 632.4932518654966
151 308.71629251289426 1330.515126854426
187 680.8422273781903 592.830626450116
189 683.5313225058005 587.7401392111368
190 538.1358252085965 675.3398821638805
192 659.8208682564283 562.0177779685873
195 437.4872389791184 475.7819025522042
197 607.114206279974 689.3067947892845
198 406.48780474373666 454.48171263272747
199 669.3792249380364 528.4952632105776
201 446.46283494758916 361.0187299217839
204 170.49419953596293 340.41763341067286
205 63.186774941995395 642.1160092807426
206 243.12412993039447 496.91415313225053
207 586.5 621.1600928074246
208 311.0982019510287 207.92227376331203
209 473.016241299304 508.8167053364269
210 712.8958589493736 267.9897253099201
214 207.11832946635735 567.5638051044084
215 439.7389791183295 455.02552204176334
216 532.3955916473318 298.6125290023202
217 520.9443155452436 373.6426914153132
218 404.28422273781905 478.11136890951275
219 331.32134570765663 455.02552204176334
220 190.09976798143853 603.0672853828306
221 234.84570765661257 545.2204176334106
222 588.6117075212884 427.65011704443066
223 188.94315545243626 575.0951276102088
224 672.1403712296984 298.6125290023202
225 282.6740139211137 478.11136890951275
226 467.02900232018567 445.92111368909514
227 204.02668213457082 631.6009280742459
228 307.98143851508127 597.9396751740139
229 497.4547563805105 439.1415313225058
230 524.6508120649653 405.87006960556846
231 455.58468677494204 215.92111368909514
232 244.1728538283063 177.28538283062645
233 278.2865429234339 501.66125290023206
234 285.34686774941997 139.58700696055683
235 574.7690962297127 460.22141760196763
236 29.673820114826537 265.5987420817266
