# pedestrianID x y
86 136.0118008334776 691.8948943001179
125 136.69896420482965 690.2526483872159
127 141.1064944867718 683.4760592044995
173 18.2403434811754 274.8570776585201
179 137.47933632940305 688.9997620675076
185 461.79547740183415 11.461684072950725
245 518.0623938055168 604.7416769531214
246 502.50514821189864 577.0368319427539
247 520.7445297738416 606.851735510671
248 526.0313390193659 617.8997650668258
249 196.5568646302642 620.0472335617246
251 715.5965488614122 270.5529124494643
253 539.9538716752156 639.3410546788538
254 537.8821791468949 635.7877540672176
256 461.75568574801866 16.529735646751355
259 125.65865958192238 689.6590478825763
261 125.73225823670869 688.008740841683
264 11.526052243697192 284.39071073995837
