# pedestrianID x y
86 137.29356369601703 690.993249800038
125 137.96773803177786 689.2016950078354
127 142.6102911115562 681.9718510663407
148 137.01426066365246 691.9862803630817
173 19.952722020343202 274.84474426721573
179 139.2206935967873 687.4296831118146
185 461.66864177653713 13.484606199557925
245 514.711777446495 599.1073958985086
246 499.07674026117326 571.3118540488296
247 517.2206497150876 601.4958514828265
248 522.6422551530738 612.6449352574418
249 201.19962963403216 614.7863264183524
251 713.3209965453444 271.0780897668775
253 536.8879378973418 634.3540355821923
254 534.7268343486903 630.6473562037274
255 95.0707622518132 8.053826869502949
256 461.63806092555524 19.094267854236232
258 129.3034986065636 692.0252906271135
259 125.7903293496841 687.7189817244306
261 125.87042874713775 685.8330019428297
264 13.417152945613589 285.8926388524714
267 731.4556985797832 262.5183954311267
