# pedestrianID x y
1 732.5011766015234 649.1593914531783
2 732.1266252776294 648.222280568258
3 222.55373387090316 641.1525390558573
4 152.59976798143856 658.0278422273782
7 127.04029753579528 672.8736444004275
11 126.55194780915643 682.759532958817
13 731.7435153473045 298.45594001839777
14 719.0980869586548 240.67069732518507
16 460.76102088167056 340.41763341067286
18 179.71345707656616 164.42227378190256
19 106.00464037122973 425.70765661252904
80 9.524750260241065 279.52654937707297
83 704.8738632923088 626.3280154791543
86 268.58878071067875 594.3236848151731
87 105.2993039443156 582.6682134570766
91 572.2749419953597 516.0139211136891
92 111.7436194895592 560.0742459396752
93 622.8585914454925 240.34282467094218
94 476.5394431554525 314.2969837587007
95 703.745939675174 306.41763341067286
108 136.81551302991863 687.197809240333
111 467.6572061434845 7.379705091812474
121 721.8062789627107 274.57083983277175
122 660.768436772671 291.6799304842698
125 270.00232967473033 582.6735104453224
126 711.0334655930624 480.2217751641905
127 272.02732868466035 550.8353440699947
128 173.45243619489565 671.415313225058
129 718.5580046403713 338.3805104408353
130 428.6496519721578 365.22505800464035
131 588.0511306124852 667.4015769377055
132 295.5058004640372 16.593967517401392
136 143.07282214759823 691.1178179341265
148 515.9814385150812 461.9025522041763
149 -112.71832380372672 135.24684786791593
157 297.40744957686945 9.359923820538159
166 123.71062429367608 675.1360784479325
172 317.054524361949 67.07656612529003
173 149.1168227326678 273.86129443684996
175 138.27842227378196 587.7401392111368
176 336.87935034802786 50.909512761020885
177 322.35498839907194 53.34570765661253
178 142.7575406032483 595.3828306264501
179 418.3294697018506 325.75503132018065
180 203.9280742459397 340.41763341067286
181 630.0487238979118 390.70069605568443
182 448.58490130875845 347.0545932197238
183 421.85730858468685 459.6055684454757
184 520.3816705336427 275.6426914153132
185 398.68561484918797 520.8352668213457
186 423.3677494199536 384.2691415313225
233 246.302302549719 725.7056436622307
245 169.4208016110597 542.9249332765462
246 451.52475073300155 250.7092706021784
247 261.86641657813635 -1048.8608765726383
248 83.55245130047572 -490.497887702312
249 760.1170028061091 99.62459576556354
250 189.1542923433875 207.31322505800466
251 416.2192575406033 441.3967517401392
252 220.3712296983759 328.26450116009283
253 92.7529964361224 160.74869423549168
254 252.30498525868555 -569.3059532756479
255 221.07540603248262 367.32250580046406
256 320.04185377114754 480.60157873661393
257 472.63805104408357 304.45939675174014
258 464.1531322505801 219.39675174013922
259 191.3341067285383 138.0742459396752
261 167.97563805104411 130.58004640371232
262 348.38399071925755 17.670533642691414
263 534.4686774941996 2.0092807424593966
264 525.7552204176334 605.6380510440835
265 548.3355664525603 662.0571482707085
267 282.0180029306956 9.165775516107187
