# pedestrianID x y
125 135.40367108741037 691.3375069864959
127 139.515120023607 685.1067241404693
173 16.571848524696758 274.87077965398254
179 135.71627556773583 690.5512433856107
185 461.9144840288158 9.470137102117226
245 521.7620555671068 610.2953226171431
246 506.1515583631121 582.9956775992937
247 524.3683939707364 612.6493254778022
248 529.5733306086111 623.7916788748707
249 191.53193671339386 625.7579821428474
251 718.0185860621275 269.991056002612
253 543.2118105456112 644.3343868984558
254 541.1053227420424 641.251201734467
256 461.8708894752683 14.016779930729102
259 125.53876440121377 691.4347502194692
261 125.60644877941715 690.0586189275415
264 9.712341675240063 282.90127849014056
