# pedestrianID x y
0 621.3109048723898 94.8491879350348
49 199.52819819077533 666.6497789436777
58 10.078252933673443 255.20311014758167
60 233.71229698375873 650.0510440835267
67 608.0651980647484 36.12421343932202
69 381.9002320185615 434.64501160092806
70 593.2668087701239 130.50951395801965
72 490.50348027842233 156.5336426914153
73 299.15523825093436 611.5566163397906
75 659.052204176334 401.5127610208816
77 671.0189785137273 316.42895929943245
78 173.99535962877033 466.5104408352668
79 221.67169373549888 217.65661252900233
80 224.83178654292345 203.90255220417635
81 482.3433874709977 153.4106728538283
82 468.5881670533643 96.22273781902553
83 462.3503480278423 86.70533642691416
96 696.128845878151 285.772631404918
98 701.6368909512762 580.1392111368909
100 628.8996062569723 56.31721301016657
103 327.4489559164734 3.020881670533643
107 32.20649651972161 304.45939675174014
108 428.09860788863114 354.8074245939675
109 663.4489559164733 190.44547563805105
111 538.1798143851508 318.26450116009283
112 513.2331786542924 287.04408352668213
113 634.6937354988399 114.50116009280742
114 163.8329466357309 344.5058004640371
115 297.0495997620429 374.76335714673644
116 428.21229698375873 492.1856148491879
117 462.72273781902555 193.78190255220417
118 577.4083526682135 671.415313225058
119 586.3526682134572 100.37122969837587
120 238.393271461717 161.25290023201856
121 49.871229698375885 224.6450116009281
131 359.0498839907193 380.00464037122964
132 240.6867270750103 598.4450033549714
133 127.40845814559529 686.820524877505
134 553.6600928074247 473.45707656612524
136 350.70881670533646 590.2830626450117
138 149.78766792959647 655.2484175911247
139 345.2364476382168 183.06723111579748
141 603.9350348027842 89.4013921113689
142 730.9688051786603 474.08643597584165
143 528.1693735498841 233.48491879350348
144 600.1390801582534 26.607643713193372
145 306.6864704115348 957.4739771457614
146 577.3213457076566 375.75870069605566
147 350.9118329466358 504.0417633410673
150 730.6786917938322 473.62668319615057
152 98.77146171693738 190.44547563805105
153 703.0092807424594 182.18561484918794
154 493.3422273781903 183.82830626450115
155 192.2900232018562 258.8538283062645
156 561.2587006960557 405.87006960556846
157 367.14733178654296 414.6403712296984
158 544.8712296983759 455.02552204176334
159 444.74019911988825 553.988096342094
160 612.1624129930394 475.7819025522042
161 461.8336170006526 517.4085672292374
162 78.91415313225065 185.4756380510441
163 200.65081206496524 414.6403712296984
164 349.12296983758705 532.969837587007
165 108.1682134570766 253.34106728538285
166 119.33947075849761 33.36437827847321
201 559.7598607888631 525.675174013921
202 157.78702282004167 60.02834358127611
204 135.0482375348392 685.4233869567674
215 724.2370968842442 272.55070930824985
216 731.0452310263086 464.62505171748467
219 701.5110043736162 297.72214693103564
231 578.8603027306601 672.7196097766601
233 500.4204450665918 489.91896983089316
237 621.21749522792 510.89884169595473
243 386.9918793503481 445.92111368909514
244 651.0417633410673 377.87935034802786
245 39.20069605568449 257.01160092807424
246 321.96171693735505 107.37819025522042
