# pedestrianID x y
3 144.55790476743596 688.0981107580782
19 119.77869793882428 686.8172249673082
83 732.560831730195 649.0234997917198
86 155.9308384066905 677.0621691823213
91 577.5576563883226 680.475165921383
93 577.3217756342939 682.065228310689
94 578.0513995925287 689.7155690634579
122 726.0475067463808 269.7491286906785
125 157.2074951532672 673.3964095269539
127 163.4720718740591 660.3739192966619
129 731.9217588553598 646.4064956892744
131 580.1261417931476 691.5686139793985
148 164.56950435050464 673.890790708341
173 42.866071756252694 274.67029031340445
175 126.07610936645044 690.9751534915981
179 173.04698785510644 656.6814660081625
180 126.80258791084404 675.9665670254643
181 731.3324287725518 287.3039494985964
184 727.6913465920338 479.66030455657045
185 458.9290563262338 58.31450875143294
245 471.0532322394024 529.4006179234199
246 458.62985104241994 507.1211428190924
247 474.0132526642003 531.3568089014493
248 479.26681121886594 542.6030807743147
249 263.0170871423634 546.1868339720822
251 679.6827202706454 278.72405457183805
253 494.012987561772 565.0551901121241
254 491.3627672300582 559.7025201048062
255 103.22531528018804 33.84961619529348
256 459.2412133130993 73.62249036608645
257 585.9538606875216 691.1514981890018
258 144.40527571089916 663.8084036789927
259 128.73441473162347 641.7660034361988
261 128.8675622150246 637.6511137280612
262 10.194279556920808 271.04951798108016
264 54.03188981241787 318.07885742749073
265 731.3178017666903 472.91333477583146
266 725.4590649841596 258.91733644497265
267 695.7621744485915 252.46782081571004
268 133.00807430167296 675.8305138992796
269 27.602636594188187 266.2040695840648
270 17.424857774550134 264.2589400891115
271 574.2227144917147 673.4383622786996
272 729.6822552626323 257.9909913886754
273 731.4048331708434 64.32714861544584
