# pedestrianID x y
86 142.56780886818072 687.0910848546971
91 577.5262880094585 691.0111151341663
93 577.4255942109895 692.5236817252488
125 143.54093628366854 684.7170404500164
127 148.79345266053153 675.4956185021309
148 144.0931147522639 687.2085776436726
173 26.84651275411873 274.7923710265887
179 147.81774723413963 679.8351286169302
180 125.64127092104505 691.2762490995094
185 461.0466862834282 23.66381600145075
245 500.82785288327995 576.8185027545522
246 485.4009252720868 549.4848594965803
247 503.89478361059173 579.6099036276762
248 509.03611505794737 591.2784540729999
249 220.4449212522278 593.8912900589582
251 703.4704519374415 273.3507658896641
253 524.336920328619 613.2763425391869
254 521.7315313481497 609.4256914026275
255 96.96806866574343 14.000567030388446
256 461.0596162032924 32.064449125808984
258 132.73060105590235 685.873704836147
259 126.4413353941266 677.4998349941511
261 126.56149748441099 674.9779190902494
264 22.918562927559165 293.57422773385855
267 723.7471197678163 260.34371174284007
269 7.581031062395462 272.58194345364603
