# pedestrianID x y
3 194.65323085318917 658.1006762850915
7 126.24279399580809 683.5323879543342
11 125.82916004586079 690.7429643397627
14 729.6754595193325 252.99721883902612
16 375.42343387471004 174.04176334106728
19 138.0916473317866 501.66125290023206
83 714.3670427013207 634.2760691761791
86 228.35640664920288 623.6510736617897
87 60.5730858468678 687.6334106728539
91 577.7949332032852 597.6449317956137
92 69.01044083526688 652.7053364269142
93 544.0255220417633 461.9025522041763
94 548.6229698375871 487.4756380510441
95 686.4454756380511 489.8283062645012
108 133.5043054547802 690.7667875068696
121 727.0895260780994 271.6522669507245
122 685.2413125487194 283.46380432537995
125 229.26394233736613 615.0118810783744
126 722.3321691338045 478.22779247801896
127 234.50520450956517 589.5800172609042
128 154.99328035526278 684.9611653731471
129 701.4106728538284 523.2529002320186
130 529.9581390031216 249.78808980022347
131 585.4126049145833 675.2107786186738
148 380.5406032482599 567.5638051044084
149 193.5823665893272 582.6682134570766
166 124.14235912424324 683.4005279437328
173 113.81146289997879 274.1292632687773
175 132.5663961642127 636.753307363672
178 144.37529924214547 669.1194522458345
179 389.6102088167054 416.8445475638051
180 149.18097447795827 466.5104408352668
181 641.5751391784249 313.2881387328309
182 540.2354988399072 193.78190255220417
183 364.6067285382831 142.62645011600927
184 599.7900232018562 427.93503480278423
185 458.4002320185615 414.6403712296984
186 545.3236658932715 127.61484918793502
233 112.87701167525707 848.8722562903355
245 130.24500874512367 577.3925382568267
246 459.331939187038 239.85394991000362
247 252.67030602801736 -1170.8221417654308
248 36.51545781850292 -630.7922784692503
249 837.8509394992303 47.51036991735183
250 155.2331786542924 54.5707656612529
251 457.0533642691416 395.01160092807424
252 166.0266821345708 180.5475638051044
253 38.036787355562076 119.51878108401566
254 231.53578587347423 -735.784403077097
255 168.91763341067292 214.1902552204176
256 417.49071925754066 432.40371229698377
257 540.7958236658933 448.19025522041767
258 395.1357308584687 384.2691415313225
259 150.8132250580047 268.13457076566124
260 644.5591647331787 650.0510440835267
261 150.4883990719258 231.70765661252898
262 272.1357308584687 121.7401392111369
263 652.4373549883992 67.07656612529003
264 456.90951276102095 494.54756380510446
265 456.3955916473318 545.2204176334106
266 522.106728538283 86.70533642691416
267 265.9791183294664 169.21113689095125
268 318.1113689095128 138.0742459396752
269 407.7900232018562 64.53828306264502
270 343.05684454756386 74.80278422273781
