# pedestrianID x y
3 143.31777329098512 688.823735311892
19 120.32725543969488 688.1630449807544
86 154.1472486057921 678.4034874936093
91 577.5528919990023 681.9800893014876
93 577.3377704003067 683.6671132838513
94 577.9871939246868 690.873925905531
122 727.0046607774913 269.4464920714396
125 155.33843759207403 674.9247833309006
127 161.48599705515198 662.4910818682677
131 579.9796900442107 692.0495346358047
148 161.7459702620742 675.8485959013899
173 40.632267090127534 274.68529525701024
175 125.97140493634676 691.8678495673313
179 169.37470860009068 660.2368604625457
180 126.60502233562923 678.5084203149032
181 732.022170941691 285.5623390425471
184 729.2588555219282 479.0473015402887
185 459.2458640482634 52.9679955460431
245 474.9333468275424 535.216232518862
246 462.13935704565694 512.5756523085003
247 477.7963918511231 537.75618671641
248 483.1915272138302 549.123346665324
249 257.4991968997622 552.2989941335867
251 682.9475264220392 277.97765108044683
253 498.2723286249637 571.4184365656992
254 495.5444715475318 566.4690731096999
255 102.2702134029467 30.881794637971062
256 459.5195234352434 67.24093853462468
257 584.9057249055545 692.2207622113867
258 142.53789997514676 667.3541214219
259 128.37474364603446 647.4753387598814
261 128.5085379333667 643.4724380399507
262 8.568206733853755 271.6914344967376
264 49.088188876261405 314.4183895828845
266 727.472814263179 259.71208591266463
267 700.6340718411396 253.739347886415
268 131.93445508188682 678.7801825968924
269 24.114745686096484 267.39903224402127
270 14.88755943342495 265.7634082301624
271 574.739007203117 677.5928129075008
272 731.6292315910578 259.24380886231734
