# pedestrianID x y
86 138.30251942865985 690.2416890512975
125 139.05181034281298 688.3570128436926
127 143.8604851739427 680.7181907533628
148 138.3583893338771 691.0637640956675
173 21.300471118023925 274.8341353369696
179 140.87159214519568 686.0688361734669
185 461.55966380109385 15.282994500911155
245 511.92636355095084 594.6409286769085
246 496.3490709636275 566.7199818735211
247 514.4927967478073 597.0082496098153
248 519.875627313956 608.3113470502198
249 204.80981683746052 610.2993330523047
251 711.3459243368969 271.53161625101666
253 534.4232497113801 630.1042212538223
254 532.1792542239076 626.6166217655239
255 95.41378014096536 9.14917470448448
256 461.5328508934766 21.44169958589868
258 129.90925267185878 690.9363773908203
259 125.90015108858633 686.0074105066361
261 125.98927652279426 683.759505895652
264 15.15713013516591 287.30259999062565
267 730.0804416734691 262.16448334526507
