# pedestrianID x y
26 492.3364269141532 78.72853828306265
39 139.86194895591655 605.6380510440835
41 732.3377818985073 456.82524695280597
46 731.612762739537 450.2489682538227
47 621.8341067285382 658.0278422273782
49 492.2877030162413 562.5661252900231
57 555.5730858468678 504.0417633410673
58 89.59512761020886 436.8909512761021
59 731.4141531322507 242.44083526682135
60 197.07192575406037 226.40371229698377
61 682.2819025522042 187.12761020881672
62 275.51856148491885 525.675174013921
64 654.0951276102089 166.0139211136891
65 398.5672853828307 516.0139211136891
66 657.9860788863109 166.0139211136891
67 486.1102088167054 600.5011600928074
68 498.6287703016242 92.11600928074246
69 184.5069605568446 82.69605568445475
70 56.21925754060328 290.88167053364265
71 46.98607888631091 304.45939675174014
96 286.6867749419954 356.8816705336427
100 423.60219056816027 335.9314953108315
101 719.1502807324113 465.4094097273867
103 918.0504439042634 888.6793417369
104 667.8016241299304 164.42227378190256
105 12.898352709467634 99.45439243964108
106 270.07540603248265 496.91415313225053
107 297.38979118329473 537.8561484918793
108 192.66241299303948 64.53828306264502
109 589.201856148492 628.9837587006961
110 198.53118201531126 626.0049518904868
111 152.99157574423754 672.3081118844409
133 137.27780696639553 632.882757890245
134 495.4048723897912 367.32250580046406
135 495.5247762617663 434.001833369469
136 564.3963103748251 338.22330051812594
137 441.5058004640372 399.34106728538285
138 193.30693027518709 344.91758031971835
139 187.04292343387476 318.26450116009283
140 464.34338747099775 162.83526682134573
141 419.2262180974478 397.17401392111367
142 519.9733178654293 468.8213457076566
143 390.1589327146172 441.3967517401392
144 475.1960556844548 445.92111368909514
145 324.48491879350354 567.5638051044084
146 566.8891442157441 691.9458050264171
150 666.3762417263662 463.91315684982317
153 27.794868900167636 282.0003652905138
187 727.7083328724079 659.6402725118801
192 584.6191651847429 688.1680091689243
195 515.4292343387472 222.89095127610207
198 518.8612478001311 401.5239119205581
199 728.079212343192 425.0871754303752
201 538.5118305450144 336.3480278422274
202 277.05932092346546 416.72613616462525
204 172.70810671253565 629.4752635395033
206 176.2704100455533 665.6502275303998
208 192.67633410672858 287.04408352668213
209 311.5487238979119 64.53828306264502
214 141.86709048054257 691.2474524383571
215 682.517051459328 293.36765789135325
216 709.6363472332309 439.9614843962928
219 603.9802784222738 350.67285382830624
223 136.8404395682306 689.8123414057457
225 521.0464549274712 654.0261453832921
226 692.7273781902552 235.26682134570765
228 691.377806429179 302.2305390645589
229 701.4382913705145 291.4776933940871
231 559.3341067285384 552.6264501160093
233 523.2865429234339 468.8213457076566
234 632.9456136873034 211.1034718154722
235 558.7133177143883 262.86704270749084
236 548.9153132250581 190.44547563805105
237 503.3016241299305 277.53132250580046
238 327.8375870069606 111.63805104408353
239 360.94663573085853 471.13689095127614
240 446.37935034802786 427.93503480278423
241 312.8967517401393 468.8213457076566
242 370.01856148491885 382.13457076566124
243 313.2488600712306 491.2944129173468
244 286.77405896139385 611.0573431203952
