# pedestrianID x y
20 80.19837587006964 235.26682134570765
21 352.4547563805105 34.37587006960557
40 524.223897911833 151.85614849187934
41 444.1484918793504 73.50348027842227
42 449.44315545243626 55.800464037122964
43 434.2714617169374 50.909512761020885
44 421.3491879350348 35.52668213457076
45 353.58120649651977 17.670533642691414
46 274.63689095127614 11.280742459396752
49 284.5914183686831 8.990003430636357
133 248.6345707656613 249.6890951276102
134 147.62877030162417 671.415313225058
150 -123.61856759446034 677.6605294136322
151 125.39675174013928 562.5661252900231
187 682.3781902552205 399.34106728538285
188 102.00232018561488 209.02552204176334
189 679.024361948956 384.2691415313225
190 510.44779582366596 592.830626450116
191 696.1032482598608 246.05568445475637
192 676.5023201856148 380.00464037122964
194 691.0591647331787 238.8445475638051
195 -258.78162921450513 901.1913928532649
196 690.7296983758702 224.6450116009281
197 671.6600928074247 580.1392111368909
198 250.39331063336917 474.82821185414565
199 667.4419953596289 367.32250580046406
200 644.9663573085847 238.8445475638051
201 530.8596287703017 224.6450116009281
203 108.99767981438521 192.11136890951275
204 195.4194306476076 122.41299852216225
205 88.58004640371234 452.74245939675177
206 179.79698375870075 275.6426914153132
207 532.0429234338748 414.6403712296984
208 432.5313225058005 237.05336426914153
209 239.71693735498843 523.2529002320186
210 529.2726218097448 164.42227378190256
211 636.4222737819026 399.34106728538285
213 674.4524361948957 608.2134570765661
214 185.1357308584687 410.24593967517404
215 276.17517401392115 550.15313225058
216 434.3341067285383 262.5522041763341
217 323.8491879350348 504.0417633410673
218 182.06728538283068 613.3781902552204
219 250.53364269141537 434.64501160092806
220 151.0638051044084 380.00464037122964
221 211.96171693735502 350.67285382830624
222 325.1345707656613 528.1020881670534
223 154.3944315545244 356.8816705336427
224 376.1194895591648 148.76102088167053
225 180.02326241072964 183.98223390794038
226 296.45243619489565 421.2668213457076
227 162.68097447795827 436.8909512761021
228 455.05955818715995 516.3111310562813
229 241.57223727503657 622.6593935693488
232 456.1142312008717 222.93660231452398
233 218.25195754958335 571.2650214912501
