# pedestrianID x y
20 612.3051044083527 214.1902552204176
21 706.2761020881671 229.9350348027842
22 734.7088167053364 287.04408352668213
23 649.9779582366589 231.70765661252898
25 546.3607888631091 142.62645011600927
40 710.8401338413822 404.72849468192493
41 696.8780984472746 373.44139067645597
42 727.1181865345658 225.87090693357257
43 732.0893162956419 186.03733879816303
45 703.5278422273782 217.65661252900233
46 656.7575406032483 405.87006960556846
47 490.7552204176335 367.32250580046406
48 685.9060324825987 193.78190255220417
49 495.94752836784363 307.5818211601996
50 733.7389791183296 279.4245939675174
52 641.0417633410673 219.39675174013922
53 653.1392111368909 403.68909512761024
54 602.9640371229699 154.96983758700696
55 614.6798143851508 147.22041763341068
56 540.9083526682135 124.66821345707656
57 405.17981438515085 145.6844547563805
59 326.6194895591648 16.593967517401392
60 376.8399071925754 4.037122969837587
61 411.22546338767177 18.04930336624665
63 304.9650628837854 17.327262900610062
96 49.5762611330295 263.0737063278799
99 588.054524361949 187.12761020881672
100 -272.2126152726914 1308.0848283186203
101 519.002320185615 475.7819025522042
102 734.9752648687975 333.1483795335894
133 130.84106728538288 432.40371229698377
134 347.5394431554525 501.66125290023206
135 510.754060324826 513.6102088167054
136 408.0440835266822 172.42691415313226
137 396.14269141531327 560.0742459396752
138 163.57424593967522 67.07656612529003
139 391.33642691415315 582.6682134570766
140 214.38903086812212 600.2155144703269
141 180.05397705486232 643.4269646665929
143 173.7189958923313 658.3855998341766
150 446.7482598607889 525.675174013921
151 88.25754060324829 247.87006960556843
187 674.1252900232018 676.8027842227378
189 707.6764004089703 627.0665555288194
190 556.1939035836506 686.8903500563719
192 619.3075536954989 629.7170217759402
195 531.3584686774942 436.8909512761021
198 378.7618387382021 389.51328273027775
199 692.2204176334108 485.1276102088167
201 378.96955096782955 377.3610034896587
202 213.38338871375868 587.3798372389499
204 195.65661252900236 448.19025522041767
205 77.16184178636065 674.8629298567482
206 247.75638051044086 592.830626450116
208 212.96519721577732 300.5568445475638
209 506.81199789628545 460.7891521760025
210 727.08801547051 266.42444202840767
214 222.96413215241492 609.7110949173771
215 518.046403712297 403.68909512761024
216 683.8155452436195 405.87006960556846
217 678.1345707656612 328.26450116009283
218 402.7565242337209 484.43883510294984
219 347.67517401392115 471.13689095127614
220 218.88399071925758 682.2088167053364
221 242.32134570765666 626.3712296983758
222 587.901392111369 445.92111368909514
223 200.71708800662083 632.7415704371826
224 710.8404407231264 404.6260640239414
225 364.66009280742463 545.2204176334106
226 573.8169498146934 406.1270381462216
228 258.7869046557819 630.3252645638023
229 583.8979118329466 377.87935034802786
230 683.0116009280744 361.04408352668213
231 476.35730858468685 328.26450116009283
232 157.50000000000006 177.28538283062645
233 359.5197215777263 567.5638051044084
234 441.69837587006964 169.21113689095125
235 588.1508120649653 425.70765661252904
236 214.24239843928822 206.93826308677802
237 239.98300226396688 126.84292427168032
