# pedestrianID x y
26 506.29930394431557 89.4013921113689
39 143.03480278422276 592.830626450116
46 732.3225162472648 452.5758818986941
47 621.3422273781903 668.7285382830627
49 496.39443155452443 547.6844547563805
57 557.7726218097448 523.2529002320186
58 86.59628770301629 416.8445475638051
60 184.6067285382831 235.26682134570765
61 698.6728538283063 192.11136890951275
62 296.3863109048724 516.0139211136891
64 672.0870069605569 180.5475638051044
65 383.0487238979119 504.0417633410673
66 676.0406032482599 180.5475638051044
67 493.7447795823666 582.6682134570766
68 514.0788863109049 103.16009280742459
69 193.6206496519722 93.48027842227378
70 58.632250580046446 253.34106728538285
71 40.68793503480282 283.2250580046404
96 293.91995359628777 367.32250580046406
100 423.20192666869826 335.4523548209868
101 721.3711839325583 466.47493660155266
103 1019.2684440238512 963.441649656038
104 685.4164733178654 177.28538283062645
105 -7.703326864410279 -48.527236230647794
106 292.32134570765663 487.4756380510441
107 311.29930394431557 532.969837587007
108 200.6682134570766 73.50348027842227
109 593.0870069605569 615.9675174013921
110 224.21274133478573 592.8669433880917
111 179.79906377024577 650.7923807416398
133 136.7033101899009 636.0960512252783
134 516.1334106728539 358.96055684454757
135 493.3686715435758 433.8683235748782
136 575.1713411095614 329.29224182720816
137 451.88515081206504 388.55220417633416
138 193.8725773280664 342.9612890344732
139 187.39211136890955 304.45939675174014
140 469.9930394431555 138.0742459396752
141 426.715777262181 388.55220417633416
142 538.5591647331787 457.3132250580046
143 378.09343400312173 429.9200730520883
144 495.8283062645012 439.1415313225058
145 343.8143851508121 557.5870069605569
146 538.3438499181597 675.1510874348627
150 671.2755873808526 464.61575511707196
153 61.29793095157158 290.95438747395485
187 728.7765325259529 659.2521022801524
192 584.0138377833529 689.1509319381695
195 504.27378190255223 212.4640371229698
198 510.9095127610209 443.6566125290023
199 728.3769594150097 426.4118416931549
201 538.7072737274983 336.3480278422274
202 275.95651123934726 416.32051633354087
204 170.35238481769207 632.8659909628634
206 173.22496747832588 667.5369336901265
208 193.046403712297 273.7587006960557
209 296.55104408352673 44.90023201856149
214 140.72613379589336 691.8315275946973
215 684.5308809936892 292.23040898273763
216 710.6525250901515 441.2517218713059
219 622.2587006960557 342.4593967517402
223 135.81728935946697 690.738706365802
225 524.5669463747702 656.8863857890292
226 714.2064965197217 237.05336426914153
228 695.5439523181692 298.99913888222284
229 703.3445148606635 290.14976656192323
231 562.9965197215778 570.0696055684455
233 538.5591647331787 457.3132250580046
234 632.1796676973319 210.07720298871325
235 566.5354892045133 264.0149983707928
236 552.6879350348029 170.81670533642693
237 508.37470997679816 294.73781902552207
238 342.715777262181 93.48027842227378
239 369.6409176419827 461.65277602917143
240 456.94663573085853 416.8445475638051
241 324.83642691415315 450.4640371229698
242 385.6345707656613 380.00464037122964
243 324.36426914153134 475.7819025522042
244 314.6820665666879 597.2470073196281
