# pedestrianID x y
3 191.40330668546105 660.0262018186819
7 126.15970045633452 684.5839284094667
11 125.75883931848719 691.5121657835854
14 730.6972988104357 254.08854999754502
16 384.9340411921461 185.48909140544427
19 130.58352668213462 520.8352668213457
83 715.4790190685563 635.167279980972
86 223.85651170494742 627.2602100460568
91 577.7774518747428 603.6815084218637
92 68.67401392111373 668.7285382830627
93 553.3735498839908 485.1276102088167
94 556.3979118329466 511.2111368909513
95 682.4292343387472 504.0417633410673
108 133.13806628336704 691.1757117797694
121 727.7341083163649 271.33707472479557
122 687.8684877564415 282.56057809761774
125 224.712520437404 618.8836485692474
126 723.5420504229253 478.01390321538247
127 230.1274289581485 593.5299109788583
128 153.08873009408205 685.9668593238886
129 700.4466357308585 545.2204176334106
130 577.0121117527128 316.97006986465374
131 585.0972545308244 676.1503984413414
148 363.08584686774947 582.6682134570766
149 201.00580046403718 600.5011600928074
166 124.18906229852321 684.3761840354118
173 109.4322973381692 274.1595194635791
175 132.03940258538515 641.3637561763512
178 143.18777943378905 670.9799763806787
179 376.662789280496 426.7570117729636
180 142.44315545243623 480.44547563805105
181 641.4482563984359 312.8730654913771
182 546.1682134570766 170.81670533642693
183 345.9002320185615 123.20185614849188
184 612.4025522041763 445.92111368909514
185 453.89327146171695 395.01160092807424
186 559.6078886310905 111.63805104408353
233 97.2868680752839 864.1212592742485
245 124.45313408551816 583.1574323365068
246 460.57307573323885 238.23342437571813
247 251.50046304751007 -1187.585655052893
248 30.245353736286166 -650.1590881869339
249 848.4632071550816 40.51741260221193
250 149.61252900232023 36.682134570765655
251 463.34106728538285 373.6426914153132
252 160.40487238979122 158.10208816705335
253 30.239282878473137 113.34222746385623
254 228.59120958913516 -758.5471969582061
255 165.1484918793504 212.4640371229698
256 416.2379987688092 446.4225810646668
257 502.7925474059894 407.3455246323515
258 373.4962955943098 401.36385001997337
259 150.42111368909517 287.04408352668213
260 643.4245939675175 628.9837587006961
261 150.96287703016245 251.5127610208817
262 264.64153132250584 133.56380510440835
263 667.1600928074247 78.72853828306265
264 479.99394687505776 494.14386443812793
265 448.5870069605569 528.1020881670534
266 517.3631090487239 101.76334106728538
267 279.7633410672854 175.661252900232
268 306.50348027842233 166.0139211136891
269 430.9744779582367 78.72853828306265
270 321.81322505800466 85.36426914153132
271 394.62296983758705 11.280742459396752
