# pedestrianID x y
1 537.024361948956 342.4593967517402
2 533.1624129930394 336.3480278422274
3 362.41415313225065 183.82830626450115
4 377.0255220417634 135.06264501160092
5 374.092807424594 117.38283062645012
6 476.7958236658933 76.10672853828305
7 420.3503480278423 27.56844547563805
8 413.6055684454757 43.712296983758705
30 164.57424593967522 384.2691415313225
31 624.5452436194896 150.3062645011601
32 482.1496519721578 98.98375870069606
33 474.53828306264506 89.4013921113689
34 344.4454756380511 8.148491879350349
49 157.35901229570064 685.7499366843294
67 637.2861615264246 9.155991068088296
69 392.92478856172687 666.218411868505
72 708.2164809789767 269.8052185716263
73 731.5329283946874 412.7252060829266
78 84.97447795823672 485.1276102088167
79 89.99303944315551 485.1276102088167
80 497.4202060217836 -83.55063648548084
81 717.627819320094 266.4306577938381
83 558.5382830626451 58.27378190255221
84 563.6763341067286 197.13689095127611
86 360.8723897911833 150.3062645011601
88 382.88863109048725 41.35034802784222
96 723.6888827825487 272.82556798545323
97 377.38515081206504 597.9396751740139
100 640.1520437850104 22.23672697135696
108 231.19049481928946 584.3912489505235
111 527.4019845887451 89.90765282089518
112 323.0246263162818 61.93552295035899
114 255.2109892233245 60.11091822099137
115 402.1241299303945 80.04640371229698
118 521.2877030162414 499.2853828306265
120 201.2250580046404 494.54756380510446
121 412.52784222737824 228.16705336426915
122 -242.16672165375056 1002.2899539908284
123 379.5591647331787 390.70069605568443
124 422.5881670533643 401.5127610208816
125 370.01856148491885 48.49187935034803
126 457.1438515081207 156.5336426914153
127 364.8677494199536 166.0139211136891
131 543.4512761020883 367.32250580046406
132 -35.48031861679789 850.966202534761
136 224.2271188013302 653.5730067108485
138 133.81142811026473 684.5372563286924
141 616.408620170874 20.85793792361716
144 629.0030727846471 10.555616931403051
146 717.3167948138567 268.02484233086534
147 431.07751825306104 378.39322921023364
156 562.3793503480279 167.61020881670532
157 491.9721577726218 166.0139211136891
159 444.9257540603249 377.87935034802786
161 454.1194895591648 294.73781902552207
163 384.8433874709977 419.0533642691415
164 553.046403712297 369.42459396751735
165 290.1660422392324 269.03226554610546
166 156.21113689095134 344.5058004640371
167 100.57812965597039 453.6178246235288
168 253.7490372348278 460.5337738175068
169 236.16473317865433 304.45939675174014
170 263.93511450369647 406.2103952206332
173 707.4323444965855 638.321082661072
202 122.18390354831632 27.10185151948017
215 732.6501430919549 268.5589630227216
219 718.5462913742037 283.2799984330719
231 578.0103620735298 689.7957908054931
233 468.1985364806953 519.4572216464744
237 689.4613228198851 490.581999567409
243 498.8062645011601 193.78190255220417
245 139.3283062645012 441.3967517401392
246 413.97215777262187 255.1740139211137
247 344.3619489559165 65.80510440835268
248 322.6728538283063 68.35266821345708
249 420.1055684454757 17.670533642691414
250 537.035029455781 676.5315724180014
