# pedestrianID x y
1 724.3014903499283 642.6882885702802
2 723.4844818522128 640.6967095790258
3 291.4512761020882 511.2111368909513
4 247.39675174013928 537.8561484918793
7 129.04270780366002 646.0150551947497
11 128.67021445745866 658.9262799703821
12 124.52320185614852 663.368909512761
13 647.8317865429235 200.51044083526682
14 682.4449775055806 196.6157207712218
16 549.9419953596288 562.5661252900231
17 648.1635730858469 197.13689095127611
18 154.885150812065 148.76102088167053
19 64.08120649651977 150.3062645011601
30 283.8280140030709 8.075248461457942
37 678.6334106728539 682.2088167053364
80 17.479240926007453 283.27843964687946
83 684.5313418165084 609.494619596043
86 335.9025522041764 485.1276102088167
87 158.85846867749424 403.68909512761024
90 349.4292286332389 141.62933677387002
91 536.3097447795824 326.25522041763344
92 171.393271461717 380.00464037122964
93 635.1635730858469 228.16705336426915
94 435.24245939675177 85.36426914153132
97 726.754060324826 185.4756380510441
108 143.53565506009724 679.7351101879325
111 471.37093905970556 12.496244650012425
121 710.3240005800337 280.5309865829062
122 606.5046326314049 310.2691048266058
124 731.0062427430471 267.7785137791928
125 304.64116249146235 482.69103122670555
126 682.343811779353 485.554135689373
127 339.9976798143852 408.0556844547564
128 337.2343387470998 518.4222737819025
129 604.0423037890228 160.11894372913594
130 188.2088167053365 671.415313225058
131 593.1463798564588 651.3622416269462
132 242.91198588423484 23.24998296784885
136 150.8952175619834 687.325851215714
148 422.15661252900236 358.96055684454757
149 85.49535962877036 363.1322505800464
157 306.7339305350953 13.68151873203883
166 122.71447185164169 655.863075780393
171 188.48723897911836 43.712296983758705
172 443.45243619489565 251.5127610208817
173 247.42343387471 367.32250580046406
174 210.89327146171698 188.78422273781902
175 155.8248259860789 414.6403712296984
176 375.5464147110243 180.59691229991492
177 394.08584686774947 182.18561484918794
178 160.83062645011603 425.70765661252904
179 465.87824419362937 185.89213628693844
180 276.72933579566956 38.76325683470863
181 594.3527581735764 624.5831797577367
182 198.34750113850077 620.7787965303436
233 339.11700995658504 639.3317798892668
237 730.890386422418 477.72470115879156
245 213.7427335236691 503.5310717052792
246 441.71866063877405 263.7352676433491
247 274.8246665701042 -875.6548835489946
248 160.82478123428723 -258.9113123544127
249 657.7618243629161 169.55243647042656
250 272.06612529002325 397.17401392111367
251 438.42459396751747 430.1670533642691
252 359.3341067285383 489.8283062645012
253 160.77499779190657 210.2261303669667
254 284.3192742224395 -298.31815977310606
255 383.469837587007 530.5336426914153
256 188.96635730858472 595.3828306264501
257 316.89907192575413 69.63341067285383
258 427.2335104922049 72.51423691487274
