# pedestrianID x y
1 723.9739570896155 642.4642821412701
2 723.1690066890492 640.4652979522242
3 295.0127610208817 506.42691415313226
4 249.2633410672854 535.4106728538284
7 129.10639128742477 645.1973107169009
11 128.74977751907355 658.1508575793605
12 125.39675174013922 655.3642691415314
13 641.4582366589327 197.13689095127611
14 680.7626191290251 194.65945398277844
16 551.9501160092808 565.0626450116009
17 642.6403712296984 192.11136890951275
18 162.30394431554527 144.15313225058006
19 65.46983758700702 142.62645011600927
30 283.91691442749425 8.190516439646757
37 679.6728538283063 676.8027842227378
80 17.73017903361182 283.3863349526227
83 683.9541480382039 609.0321434862556
86 339.27030162412996 482.78422273781905
87 161.30046403712302 397.17401392111367
90 349.43403161975084 141.57173543559963
91 533.9744779582367 320.2552204176334
92 171.93851508120653 375.75870069605566
93 639.7366589327146 224.6450116009281
94 439.0788863109049 78.72853828306265
97 726.0777262180975 187.12761020881672
108 143.7661725818183 679.5343543836455
111 471.47877913968443 12.67688867201074
121 709.9994599248004 280.738095998621
122 604.6028402651859 310.8191530305161
124 730.8013520025589 267.8398800464771
125 305.92807424593974 480.44547563805105
126 681.5356854237461 485.75470141076937
127 341.631090487239 403.68909512761024
128 340.66473317865433 516.0139211136891
129 610.0235522835387 160.68380773193985
130 187.78886310904875 676.8027842227378
131 593.3072308825004 650.8858456881102
132 242.91529821769603 23.327732138815506
136 151.12132959589587 687.2123281571216
148 428.09860788863114 354.8074245939675
149 84.76450116009283 358.96055684454757
157 306.97430057440783 13.81652551849193
166 122.67774445838782 655.2678787665553
171 188.17401392111373 48.49187935034803
172 445.0127610208817 253.34106728538285
173 250.20997679814388 371.53132250580046
174 214.39211136890955 192.11136890951275
175 156.6914153132251 408.0556844547564
176 373.5569768549266 179.65505899703845
177 395.61832946635735 187.12761020881672
178 161.3897911832947 421.2668213457076
179 465.7082361222506 175.21107428610102
180 277.0061997387166 25.732742657122447
181 593.0910441856458 629.8098635687002
182 189.71301774586595 629.3915423450372
233 340.699708717879 638.0420844411947
237 730.795628293079 477.7546999976969
245 214.5570440507636 502.6699267707013
246 441.52335551788633 264.04861183780133
247 275.1216320453807 -870.7046314192862
248 163.06921924550934 -252.04387935719697
249 655.3647534366129 171.02871698349384
250 273.52900232018567 399.34106728538285
251 430.12296983758705 425.70765661252904
252 364.3921113689096 494.54756380510446
253 162.3755287361851 211.34226146345398
254 285.3288008379419 -290.72947751865746
255 388.7111368909513 535.4106728538284
256 186.75058004640377 600.5011600928074
257 311.4593967517402 65.80510440835268
258 432.45493879267025 62.32350652932205
