# pedestrianID x y
1 695.8208390978243 620.8623151529372
2 693.6341060136297 615.467512363952
3 392.2714617169374 395.01160092807424
4 395.5498839907193 399.34106728538285
5 592.3526682134572 552.6264501160093
6 729.4928196236699 254.9519609223957
7 289.8422273781903 508.8167053364269
9 709.0238935387005 249.80398219447
11 200.7761020881671 354.8074245939675
12 199.131090487239 342.4593967517402
13 373.1682134570766 13.39211136890951
14 481.29002320185623 138.0742459396752
15 484.1287703016242 124.66821345707656
16 575.7308584686775 655.3642691415314
30 292.18831039272067 18.791658612282504
34 735.0893271461716 214.1902552204176
35 734.5638051044084 205.60556844547563
36 641.2494199535963 298.6125290023202
37 653.7099767981439 457.3132250580046
38 579.3619489559165 162.83526682134573
69 514.2438956990562 688.0399237611454
72 730.7494506424288 266.37983307810333
80 40.29426414603253 293.71609004869526
83 652.6519721577727 425.70765661252904
86 393.3399071925754 375.75870069605566
87 231.63109048723902 129.09512761020883
90 486.2668213457077 352.737819025522
91 425.7900232018562 200.51044083526682
92 244.10904872389796 111.63805104408353
97 659.409512761021 358.96055684454757
108 159.87702965432348 661.6266164228452
111 480.8695784538356 25.859144690346195
114 272.9896392245096 12.46863724096448
118 338.9224427555658 15.41187213402916
120 234.3515081206497 580.1392111368909
121 652.3979118329466 334.32018561484915
122 433.90257420221076 202.81918457075938
124 707.2308926760971 275.04319125211686
125 492.03944315545243 222.89095127610207
126 582.7127416763011 503.24034233613037
127 486.7993039443156 203.90255220417635
128 428.7343387470998 203.90255220417635
131 604.8807775912148 616.0846580030789
132 381.12043637330004 122.20658270024883
136 167.37997475783243 679.530296299912
141 635.0369531839594 8.48919942182287
147 515.7505800464038 3.020881670533643
148 397.48143851508127 47.29002320185615
157 326.23074517368633 23.132470827630833
159 193.44083526682138 27.56844547563805
163 348.39043072473555 217.6472853812538
166 119.75172641151191 599.2883589428842
168 377.0442842556716 100.36003289653796
171 258.16589327146175 326.25522041763344
172 414.4547563805105 532.969837587007
173 286.73037948193587 468.68695501875067
174 237.81670533642696 352.737819025522
175 221.10820194252477 102.91197667509009
176 566.1701033970761 415.60458976047346
177 564.4350151719667 647.1128164110271
202 103.11729254981691 9.749285870898248
219 729.8371389911134 273.39284932624133
233 403.98961355265686 578.3232433214396
237 722.5250320628057 480.21182415622883
245 257.05484106867556 463.9532956609307
246 430.6417807834093 279.2103065601132
247 293.72714853430875 -621.151096458962
248 309.03364269141537 193.78190255220417
249 550.5583233208324 241.89012789258567
250 278.5452436194896 425.70765661252904
251 243.24537183071683 296.55151937879276
252 632.8665893271462 580.1392111368909
253 229.00262802686146 261.308783559964
254 340.73201856148495 136.56612529002322
