# pedestrianID x y
86 134.96937581981945 692.6593149601013
125 135.65571501151982 691.1397233332639
127 139.78674268867675 684.7993630695153
173 16.891079866080165 274.86813023059307
179 136.05871808240326 690.2415708903437
185 461.8947112939641 9.827971738959278
245 521.1357172819305 609.1909462086512
246 505.4738059577488 581.8359637670853
247 523.662923474413 611.5295783801145
248 528.9437852732059 622.6260867828514
249 192.41372511257046 624.7573112732607
251 717.6016923346514 270.10221754366177
253 542.6171323431911 643.4329882471352
254 540.4711332429807 640.2812649500518
256 461.85091738910364 14.478155778762178
259 125.55872066497287 691.1083262079709
261 125.62671601237882 689.6801881248192
264 10.026882358605452 283.1678272981439
