# pedestrianID x y
39 125.5638051044084 81.36890951276102
49 219.46666289789434 657.9618384788096
58 16.925841558584473 241.8643203279682
60 236.74129930394434 570.0696055684455
67 592.0139211136891 60.76566125290023
69 418.401392111369 344.5058004640371
70 568.7146171693736 172.42691415313226
72 457.9721577726218 240.64037122969836
73 415.5974477958237 516.0139211136891
75 620.5363175199843 543.4286151227474
77 634.5939675174014 373.6426914153132
78 131.59512761020886 540.3062645011601
79 246.82714617169378 145.6844547563805
80 248.8109048723898 130.58004640371232
81 396.57076566125295 84.0278422273782
82 373.3712296983759 18.751740139211137
83 372.4656665250724 7.979048411058516
96 681.8542461430666 292.6842820179871
100 622.9871929900943 74.13355682408306
103 207.16473317865433 60.76566125290023
106 592.5336426914154 50.909512761020885
107 150.00696055684458 316.2784222737819
108 234.15454218919143 -223.17501498583118
109 673.1403712296984 302.5058004640371
110 662.1635730858469 441.3967517401392
111 493.39443155452443 395.01160092807424
112 478.41183294663574 350.67285382830624
113 -89.88174328987044 312.8586766582568
114 169.4849187935035 448.19025522041767
115 256.82250580046406 388.55220417633416
116 347.33062645011603 550.15313225058
117 459.6635730858469 308.3805104408353
119 989.4153183504603 925.643577192969
120 258.05104408352673 147.22041763341068
131 354.447280042507 371.18543492424413
132 161.28806586210231 669.7409059859885
133 128.16442079732565 682.7372105630841
134 461.16009280742463 537.8561484918793
135 732.3018579228163 291.1770888631426
136 457.8503480278423 540.3062645011601
138 158.31120274083733 639.0363695438142
139 336.59758296621055 177.80175003727172
141 626.9153132250581 183.82830626450115
142 725.0154742335561 473.48225653996167
143 298.81359148438685 360.83187652264957
144 591.0371229698376 58.27378190255221
145 373.96740795270375 500.74816424913945
146 555.0092807424594 457.3132250580046
147 247.457152768327 588.9918382249422
150 726.9350843857516 473.08043969906
152 8.19061603015847 445.1546068063519
153 702.2192575406033 275.6426914153132
154 474.8689095127611 268.13457076566124
155 163.8329466357309 344.5058004640371
156 491.59512761020886 427.93503480278423
157 414.9971028694828 476.88777750591146
158 438.98027842227384 506.42691415313226
159 449.2192575406033 540.3062645011601
160 541.3225058004641 452.74245939675177
161 441.9628770301624 532.969837587007
162 86.25986078886314 300.5568445475638
163 213.07540603248265 287.04408352668213
164 243.74854808915674 613.5267200305884
201 522.5649651972158 445.92111368909514
202 174.6042276937465 75.59138546186414
204 138.05703886839305 681.0720533655613
215 720.5606718450678 274.3687580161266
216 728.9937682789255 462.2480217313402
219 694.2101125720666 303.44604410033315
225 567.5537851617015 691.8812643816952
226 732.1083699509728 250.0838953075833
229 730.89125592527 271.5074779800372
231 579.3072161229076 664.0524563266002
233 508.2421704813845 482.7826559846563
237 575.2679814385151 555.1044083526682
243 424.0069605568446 365.22505800464035
244 609.6912653968394 339.4429665510474
246 320.4469782046476 64.9307597318501
