# pedestrianID x y
3 144.0462275738066 688.4107523281756
19 120.02184752323353 687.3789216766515
86 155.15780157196778 677.6509074403067
91 577.5557078185276 681.0992128915304
93 577.3291060954033 682.7540805053217
94 578.0238360568127 690.2316715205895
122 726.4598596853313 269.6160555028236
125 156.37655730331255 674.0372972093206
127 162.61581496599993 661.30958747684
129 732.2215932972179 646.7977495765589
131 580.0676589504858 691.7815071772219
148 163.38552571170572 674.7862334741009
173 41.94447166924147 274.6765969847278
175 126.03202964050644 691.3746208047255
179 171.48622044617335 658.2550092372373
180 126.71214348521306 676.975157056301
181 731.6338003413786 286.56681617703765
184 728.3836818210954 479.39893167502527
185 459.07403713182407 56.0772220147155
245 472.64658861776246 532.0256803732519
246 460.1401897185679 509.59833203079313
247 475.61922831413295 534.0212818189309
248 480.80396950323666 545.3457541513596
249 260.4843283641423 548.669013621482
251 681.0502834876943 278.42559361630975
253 495.78510899814785 567.6454024648971
254 493.1817519204097 562.6202131061302
255 102.79512237243762 32.64356872903474
256 459.36102728224813 70.8612449641374
257 585.4691224310337 691.6674528594922
258 143.63568566005387 665.4271094242858
259 128.588599201824 644.2820957882979
261 128.70643108818788 640.1794588135803
262 9.497860703107866 271.3254172401494
264 51.82802556570256 316.50562041569106
265 732.1498213713347 473.10895113712104
266 726.3408132090004 259.24986913678
267 697.8780755118729 253.01735034659083
268 132.55551634763086 677.0725858558602
269 26.039685408022024 266.72685038519796
270 16.37386358327707 264.9023921125446
271 574.4567432408364 675.3068379152573
272 730.457426093845 258.52304146194416
273 732.1793897823234 64.38451815611153
