# pedestrianID x y
1 361.9164733178655 123.20185614849188
2 361.8143851508121 111.63805104408353
30 140.7186082090228 620.3330472733948
49 178.93257478493652 676.0907492623111
67 624.2534386914207 21.390401280906424
69 361.2389791183295 557.5870069605569
70 612.0371229698376 159.6751740139211
72 621.7296983758702 235.26682134570765
73 649.9605568445477 403.68909512761024
77 725.2730740745912 276.1572736923351
78 218.38631090487243 363.1322505800464
79 215.215777262181 320.2552204176334
80 223.7285382830627 270.0046403712297
81 615.2911832946636 231.70765661252898
82 639.955916473318 178.9141531322506
83 561.6183294663574 193.78190255220417
85 51.51392111368909 57.03480278422274
96 710.3030609130072 279.17998166578093
97 208.91838649023774 679.5748688786458
98 622.84686774942 666.046403712297
100 634.6160401228127 38.942993436342405
108 319.1740139211137 485.1276102088167
109 644.024361948956 33.22969837587007
111 548.2494199535963 200.51044083526682
112 474.85498839907194 145.6844547563805
114 191.07308584686777 203.90255220417635
115 314.82227221891833 429.7376026129605
116 577.5011600928075 430.1670533642691
117 398.92343387471 103.16009280742459
118 570.8654292343388 698.538283062645
120 257.11832946635735 340.41763341067286
121 -418.2182632571174 193.11384944012732
122 71.19953596287706 650.0510440835267
123 225.6867749419954 528.1020881670534
124 132.24738546997264 693.0193616986037
131 336.9983824231651 379.6214840705403
132 331.9384302249487 529.033240716995
133 126.66035572564437 690.9296763203664
134 697.338747099768 382.13457076566124
136 218.67981438515085 628.9837587006961
138 141.4122736403795 670.3226778791783
139 284.7343387470998 93.48027842227378
141 599.6416094888277 32.117244944747405
143 623.1218097447796 235.26682134570765
144 614.5690504132016 18.49796933660921
145 460.0150812064966 72.20881670533643
146 682.08462547256 272.7075464070414
147 441.902627543773 442.97768937399366
152 97.25174013921117 40.17633410672854
154 465.20765661252904 82.69605568445475
155 281.3051044083527 115.93967517401393
156 538.8573085846868 302.5058004640371
157 413.7439167792818 350.67285382830624
158 671.4744779582368 392.8538283062645
159 439.30758019085795 574.1128817525093
160 691.7749419953597 352.737819025522
161 326.5962877030163 443.6566125290023
162 83.40719257540604 33.22969837587007
163 249.83410672853833 525.675174013921
164 359.47112274749554 518.5662470500205
165 215.23665893271465 348.6125290023202
166 136.48143851508127 161.25290023201856
167 105.24504218059904 318.8741491780931
168 191.96150287032083 597.6333723173956
169 553.0508850006975 677.2679289953647
201 603.4373549883992 642.1160092807426
202 140.4135123583002 43.905915977593835
204 132.09008769905404 689.7147017427717
215 728.2369837686422 270.63170682084865
219 709.3606957074213 291.08189340748345
231 578.4288384451272 681.3798180955705
233 489.2078244735211 500.50973417722264
237 655.3382104537598 501.0076176793854
243 465.2250580046404 377.87935034802786
245 105.12412993039445 260.7006960556845
246 334.35770106464486 132.65790468485807
