# pedestrianID x y
26 561.8167053364269 129.09512761020883
39 150.2436194895592 528.1020881670534
47 623.4498957265412 682.0225780260087
49 477.49303944315545 550.15313225058
57 567.3433874709978 577.6148491879351
58 69.54756380510446 336.3480278422274
60 167.250453812433 243.36365166980718
62 373.92459396751747 445.92111368909514
64 706.062645011601 233.48491879350348
65 436.79814385150814 461.9025522041763
66 707.4524361948957 233.48491879350348
67 521.4106728538284 518.4222737819025
68 432.75728827596583 46.441762105424075
69 248.75986078886316 113.06728538283062
70 173.16705336426918 237.05336426914153
71 28.590487238979165 197.13689095127611
72 539.5046403712297 62.01856148491879
96 282.71923234893114 380.1996393629522
100 466.11252900232023 314.2969837587007
101 728.5297020730804 469.6214884871371
103 293.6264501160093 452.74245939675177
104 737.2227378190255 209.02552204176334
105 79.83758700696063 613.3781902552204
106 387.5348027842228 473.45707656612524
107 306.0649651972158 475.7819025522042
108 250.68909512761024 84.0278422273782
109 604.7633410672854 567.5638051044084
110 286.31322505800466 557.5870069605569
111 245.55336426914158 600.5011600928074
112 137.14775875091036 670.446492380091
133 134.65131369007244 647.4495252147638
134 588.2563805104409 314.2969837587007
135 619.377030162413 401.5127610208816
136 627.2239540428988 285.58177611500855
137 483.9489559164733 344.5058004640371
138 196.60601645194464 333.8469237507439
139 201.32714617169378 255.1740139211137
140 492.3503480278423 48.49187935034803
141 466.1577726218098 332.2969837587007
142 607.2826909361393 461.8031480460903
143 438.67981438515085 377.87935034802786
144 460.9443155452437 452.74245939675177
145 413.1157012871763 565.8554024588684
146 425.43159255477235 609.3044897644819
150 686.5452714166513 466.93907508794695
152 128.7899211317364 591.3052501522999
153 197.62610982885818 328.36488676466155
154 556.1756840662558 680.7292277164327
155 653.5039013136707 454.6130086417856
156 151.85871205046053 682.0267737411715
157 158.62915630093627 662.2723659402948
187 732.1573875098743 657.9360099734369
192 582.1171888612598 692.3039923358178
195 448.25174013921117 145.6844547563805
198 595.0324825986079 408.0556844547564
199 729.5330549337608 431.32060279686846
201 539.5007999821111 336.3480278422274
202 299.5881670533643 423.4849187935035
204 162.74406430177345 644.5241400485583
206 163.18370908725493 674.1853709451677
208 204.73665893271468 221.14153132250578
215 692.5991487104496 288.3429114233832
216 714.48463744364 445.6381275208154
219 648.4549651326112 342.0841567806249
225 536.3056287425896 666.6624817169268
226 720.9971110126675 229.4434444006276
228 708.7596746761969 288.54716702876334
229 710.0221044643961 285.6257350741227
231 581.1334106728539 575.0951276102088
233 534.6281127554115 458.34924932780234
235 604.2081968957784 269.22690198815445
236 566.2122969837587 85.36426914153132
237 529.9988399071926 358.96055684454757
238 399.72157772621813 34.37587006960557
239 386.901392111369 441.3967517401392
240 492.09976798143856 365.22505800464035
241 384.15661252900236 384.2691415313225
242 418.4908469500344 380.01142730540886
243 307.1408652664937 502.435559357562
244 407.6535073052716 552.6264501160093
