# pedestrianID x y
1 685.4609785991943 612.5735259682161
2 682.7787304505785 605.8289464724525
3 422.66125290023206 369.42459396751735
4 425.87122969837594 371.53132250580046
5 568.8689095127611 516.0139211136891
6 724.8660319749575 250.38378099424025
7 349.4071925754061 450.4640371229698
9 693.8417298759678 242.52438637755208
11 225.57308584686777 292.80742459396754
12 223.90487238979122 281.322505800464
14 419.25058004640374 89.4013921113689
15 422.92343387471 68.35266821345708
16 578.3364269141532 698.538283062645
30 294.91104293215267 22.230434720847107
34 685.7134570765662 197.13689095127611
35 684.9361948955917 187.12761020881672
36 606.4408352668214 308.3805104408353
37 644.8665893271462 410.24593967517404
38 501.64153132250584 113.06728538283062
69 506.0304647982065 686.5218579921585
72 729.3751369570934 266.6048113532752
79 145.1720806887634 692.1100260095357
80 47.55222610679632 297.23176008866426
83 641.6728538283063 377.87935034802786
86 420.02436194895597 346.5568445475638
87 267.2807424593968 73.50348027842227
90 496.2064965197216 408.0556844547564
91 376.5788863109049 167.61020881670532
92 278.69373549883994 55.800464037122964
97 615.4860788863109 388.55220417633416
100 644.9379189761914 7.732018458083209
108 164.94173479576537 656.410770299405
111 483.8526298324812 29.93388606607833
114 272.02286604509317 14.91639825544209
118 351.0487939744134 18.33127245454083
120 286.8631090487239 542.7610208816706
121 600.4965197215778 356.8816705336427
122 440.25163137559537 206.5852693704885
123 332.8329466357309 41.35034802784222
124 696.9411711415703 278.1445460183669
125 495.1276102088167 153.4106728538283
126 561.1647331786544 480.44547563805105
127 550.9221055273954 142.99246498923202
128 381.3480278422274 153.4106728538283
131 608.1555189532834 605.3248027124964
132 379.8591941971981 122.85224744287811
136 171.76228936527352 677.2848522849105
141 633.6147635465329 9.479516621050871
147 502.08932714617174 52.125290023201856
157 331.79749641820547 25.6398622852712
159 238.84686774941997 65.80510440835268
163 383.6780189695621 206.20690073403674
166 118.71474893752664 579.7220562524616
167 353.58468677494204 16.593967517401392
168 362.9794766174079 89.93610999509701
170 350.5777262180975 6.08352668213457
171 274.60440835266826 380.00464037122964
172 411.2492479364592 549.2603544312875
173 291.1821345707657 473.45707656612524
174 261.26566125290026 392.8538283062645
176 631.1203058847495 503.8235135805881
202 104.57554417830403 10.987560355544913
219 728.8449339175755 274.1935191055121
233 414.0809972788525 569.2865264858625
237 720.1455749546604 480.9354038966417
245 263.65810106045467 457.7131541744633
246 428.6685839656338 282.00207254429375
247 297.9058877421743 -564.9537828208224
248 350.77971231806407 215.3368657892741
249 534.9381387025267 252.2002770903269
250 249.93503480278426 443.6566125290023
251 257.8781902552205 310.34802784222734
252 635.4628770301624 636.8491879350348
253 239.41415313225062 257.01160092807424
254 397.88863109048725 105.9675174013921
