# pedestrianID x y
1 700.7400978528402 624.6704669046115
2 698.8644057788117 620.1317037130632
3 379.9187935034803 412.4408352668213
4 381.59396751740144 416.8445475638051
5 603.9965197215778 575.0951276102088
6 731.3129075526695 256.7828143404142
7 261.69373549883994 528.1020881670534
9 715.1826305107405 252.84874283422675
11 191.60556844547568 395.01160092807424
12 189.66937354988403 384.2691415313225
13 385.0011600928075 40.17633410672854
14 517.0382830626451 161.25290023201856
15 514.4176334106729 147.22041763341068
16 574.3329466357309 642.1160092807426
17 385.4918793503481 29.819025522041763
30 290.9616981053339 17.16556795010273
36 659.9083526682134 290.88167053364265
37 661.6832946635732 482.78422273781905
38 625.592807424594 183.82830626450115
69 518.1322765088084 688.7419202072024
72 731.4401835562469 266.27072011564314
80 36.51964655610012 292.085487930652
83 660.2041763341067 448.19025522041767
86 382.8273067582053 381.3649090518561
87 215.42459396751744 159.6751740139211
90 477.6740139211137 326.25522041763344
91 449.2285382830627 221.14153132250578
92 227.26450116009283 141.1044083526682
93 408.9106728538284 19.837587006960558
97 667.4431554524363 340.41763341067286
108 157.75874738096365 664.1863292049633
111 479.5313693639789 23.886683440134327
114 273.40431100055 11.31795014127515
118 333.4993378074535 14.047789294854956
120 208.32482598607893 597.9396751740139
121 676.1438515081206 320.2552204176334
122 430.19288702409904 200.55570271131415
124 711.6756477628725 273.74446547558006
125 473.7064965197216 257.01160092807424
126 599.3042424660869 500.18103616123176
127 470.3723897911833 238.8445475638051
128 437.591714448034 225.75840281056736
129 407.3573085846868 6.08352668213457
131 603.2337594571334 621.1754887468475
132 381.8101795714853 121.84352635646722
136 165.20527156488973 680.5612651328353
141 635.749734631206 8.011116024033228
148 441.22157772621813 77.41531322505801
149 26.354825476517586 251.7399147611882
157 323.46084939993335 21.848728367938946
159 167.98259860788866 11.280742459396752
163 324.75583261615003 225.76817640339777
166 120.21542007903506 608.0141388984001
168 384.7998349720466 106.29391943510882
171 253.06728538283068 296.67285382830624
172 390.05220417633416 516.0139211136891
173 278.2684877914802 467.8292701261973
174 236.9157069767535 357.2923077580329
175 190.36658932714622 162.83526682134573
176 531.2916190520768 369.5067702987895
177 547.7870287292872 578.5634033885999
178 262.3593678628557 43.42337490977959
202 102.44309379472729 9.129839905047929
219 730.3099221173292 272.9798411655703
233 397.9939900624857 583.5301085064231
237 723.7259327622631 479.8660702255479
245 252.95944424722978 467.5427047097586
246 431.7832176633335 277.596884511722
247 291.5540599613874 -650.3995389088072
248 305.79975112720535 183.72958176744157
249 559.5096577858302 235.57830616304784
250 246.51856148491885 445.92111368909514
251 219.33409940546832 278.5971491144092
252 693.1416356463387 582.7203003755859
253 223.1102172113724 257.13315962711783
254 337.73286161272114 125.26931622031107
