# pedestrianID x y
20 385.0197215777263 148.76102088167053
21 544.7343387470999 158.10208816705335
22 511.79350348027845 175.661252900232
23 478.5417633410673 113.06728538283062
24 606.177494199536 98.98375870069606
25 394.60440835266826 37.84222737819026
40 668.1403712296984 283.2250580046404
41 638.6229698375871 210.74245939675174
42 622.6589327146172 156.5336426914153
43 619.6589327146172 172.42691415313226
44 598.3259860788863 170.81670533642693
45 546.1461716937356 147.22041763341068
46 464.6299303944316 187.12761020881672
47 413.92505651570724 168.00389466170753
48 533.2668213457077 129.09512761020883
49 456.215777262181 195.4570765661253
50 505.35498839907194 153.4106728538283
51 724.732018561485 590.2830626450117
52 474.49419953596293 103.16009280742459
53 462.1682134570766 177.28538283062645
54 425.6299303944316 72.20881670533643
55 463.2343387470998 70.91879350348029
56 393.3341067285383 20.928074245939676
57 305.2900232018562 12.334106728538282
99 461.2783475513067 95.61388435748799
100 118.87006960556849 698.538283062645
101 554.0812064965198 603.0672853828306
102 719.7169373549884 262.5522041763341
133 192.08584686774947 390.70069605568443
134 419.00348027842233 516.0139211136891
135 557.4443155452436 636.8491879350348
136 294.70765661252904 32.08816705336427
137 513.6737154715503 651.4476609439079
139 532.7900207833477 674.3502485710533
150 320.1670533642692 613.3781902552204
151 277.2012082023765 1194.3713945402178
187 682.7215777262181 562.5661252900231
189 683.5939675174014 557.5870069605569
190 530.0808676160132 670.1106265690629
192 674.4930394431556 535.4106728538284
195 414.85614849187937 494.54756380510446
197 617.8566157391399 685.2250155759666
198 400.1867749419954 450.4640371229698
199 669.7726218097448 528.1020881670534
201 434.48143851508127 358.96055684454757
204 162.26682134570768 304.45939675174014
205 74.45707656612535 613.3781902552204
206 240.48955916473324 461.9025522041763
207 572.570765661253 592.830626450116
208 306.9559164733179 209.02552204176334
209 450.83642691415315 506.42691415313226
210 705.4591362708134 268.77258491631824
214 201.95939675174017 545.2204176334106
215 413.9501160092808 468.8213457076566
216 452.6299303944316 228.16705336426915
217 470.76218097447804 388.55220417633416
218 366.10440835266826 499.2853828306265
219 301.37587006960564 466.5104408352668
220 180.1496519721578 575.0951276102088
221 231.33526682134575 520.8352668213457
222 577.1821345707657 427.93503480278423
223 180.9559164733179 547.6844547563805
224 630.945475638051 279.4245939675174
225 269.14269141531327 450.4640371229698
226 430.09396751740144 459.6055684454757
227 193.45823665893278 605.6380510440835
228 340.1914153132251 575.0951276102088
229 470.62296983758705 450.4640371229698
230 475.100928074246 423.4849187935035
231 436.3317865429235 182.18561484918794
232 233.66705336426918 177.28538283062645
233 268.1565371333954 500.00008027949417
234 273.7320783235294 86.7614705597344
235 620.5786653220713 464.2947990339705
