# pedestrianID x y
0 560.8689095127611 52.125290023201856
39 120.87122969837594 30.951276102088165
49 208.89014474686658 662.5118871071978
58 13.241283347959614 249.05738473274235
60 241.10556844547568 615.9675174013921
67 598.8602562903314 44.43875023373748
69 401.54640371229704 388.55220417633416
70 599.1218097447796 154.96983758700696
72 468.0684454756381 193.78190255220417
73 393.20049487918936 542.4681496873769
75 604.875146720008 675.2192529220719
77 619.6174607039168 352.1602793787047
78 153.57076566125292 499.2853828306265
79 231.70301624129934 182.18561484918794
80 236.46635730858475 166.0139211136891
81 440.60440835266826 121.7401392111369
82 409.60440835266826 59.51740139211137
83 405.17981438515085 47.29002320185615
96 689.2985116445499 289.00971186724877
98 719.254060324826 535.4106728538284
100 626.1428249520454 64.87152880644115
103 265.34686774941997 28.691415313225058
107 91.97911832946642 308.3805104408353
108 456.69837587006964 308.3805104408353
109 670.4257540603248 249.6890951276102
110 710.9814385150812 471.13689095127614
111 520.7552204176335 358.96055684454757
112 497.0 324.2505800464037
113 -266.6796572783315 362.7928858284353
114 167.6299303944316 397.17401392111367
115 292.65197215777266 361.04408352668213
116 390.24245939675177 525.675174013921
117 460.58120649651977 253.34106728538285
119 1149.3981357368536 1293.7941697921658
120 243.97679814385154 178.9141531322506
121 23.39675174013928 229.9350348027842
131 354.67513339955894 370.30751074731126
132 200.9495725829965 634.9783755422247
133 127.77184707103729 684.905829297829
134 510.754060324826 513.6102088167054
136 405.131090487239 570.0696055684455
138 153.77733567762826 647.6226534817101
139 340.87612820237774 180.2907196596435
141 617.1844547563805 127.61484918793502
142 728.3928329028918 473.8212993205032
143 519.0614849187936 287.04408352668213
144 593.4734558535278 30.51833162393191
145 350.04203580995903 673.3013908263061
146 570.808584686775 405.87006960556846
147 300.76450116009283 540.3062645011601
150 728.8783356758943 473.37597373498335
152 97.46171693735505 185.4756380510441
153 701.5394431554525 228.16705336426915
154 477.86542923433876 219.39675174013922
155 175.85034802784224 302.5058004640371
156 528.3375870069606 410.24593967517404
157 312.223897911833 432.40371229698377
158 489.61832946635735 482.78422273781905
159 446.34249862537314 547.5893486898883
160 533.3474423293748 444.5251200806495
161 445.5945695089284 518.0682205579122
162 86.77378190255223 242.44083526682135
163 210.2111368909513 352.737819025522
164 324.6879350348028 555.1044083526682
165 44.57948094552485 256.57352642601575
201 538.0638051044084 482.78422273781905
202 165.6288265146323 67.34043465383374
204 136.48440619171544 683.2837662159671
215 722.5273749165086 273.41237509994374
216 730.0638841619847 463.4838467988165
219 697.9561464680269 300.4344503967787
229 732.1059869600703 270.61163197761067
231 579.0733070993477 668.5738260565486
233 504.41595998861266 486.2198759902965
237 608.3828306264502 518.4222737819025
243 405.2772621809745 405.87006960556846
244 609.6560653305594 325.72405891502126
245 10.540603248259913 262.5522041763341
246 320.71229698375873 84.0278422273782
