# pedestrianID x y
20 486.7296983758701 183.82830626450115
21 616.7935034802784 185.4756380510441
22 609.2006960556845 235.26682134570765
23 556.4605568445476 164.42227378190256
24 687.4547563805104 175.661252900232
25 460.5487238979119 82.69605568445475
40 699.5533642691416 318.26450116009283
41 659.409512761021 294.73781902552207
42 683.4257540603248 190.44547563805105
43 686.6508120649653 203.90255220417635
44 648.1403712296984 210.74245939675174
45 617.5116009280744 174.04176334106728
46 536.838747099768 279.4245939675174
47 476.2250580046404 281.322505800464
48 601.6832946635732 154.96983758700696
49 488.9907192575406 266.26914153132253
50 604.1194895591648 214.1902552204176
52 547.8921113689096 154.96983758700696
53 532.5104408352669 270.0046403712297
54 501.64153132250584 113.06728538283062
55 531.5522041763342 105.9675174013921
56 455.139211136891 63.27610208816705
57 350.00348027842233 69.63341067285383
99 374.17509648697745 -72.2686089360413
100 -29.87056596321989 920.81551499374
101 534.284222737819 545.2204176334106
102 713.8700696055685 332.2969837587007
133 209.45702185598074 432.32467181358794
134 495.2111368909513 489.8283062645012
135 536.1206496519721 582.6682134570766
136 343.9211136890952 92.11600928074246
137 448.69025522041767 600.5011600928074
139 466.9127164760525 633.910627931174
150 357.76450116009283 565.0626450116009
151 334.3502086992812 1454.8390167263026
187 681.9245939675175 621.1600928074246
189 685.794163600756 608.4100710270553
190 543.9312809519633 679.1759332714621
192 644.7992099173355 586.325966571295
195 454.9443155452436 461.9025522041763
197 600.5001068543351 691.6731245728431
198 415.7970970234361 461.99582542094
199 668.9867689644516 528.899210714745
201 349.6345707656613 388.55220417633416
202 141.4816851686727 678.231099018312
204 174.03828306264506 371.53132250580046
205 57.286542923433956 658.0278422273782
206 246.55684454756386 523.2529002320186
207 596.1612529002321 642.1160092807426
208 255.1067285382831 240.64037122969836
209 508.00348027842233 501.66125290023206
210 717.9841507147772 267.4482687720942
214 212.63109048723902 587.7401392111368
215 460.3457076566126 443.6566125290023
216 605.4466357308586 367.32250580046406
217 562.3515081206497 358.96055684454757
218 433.60904872389796 464.20417633410676
219 357.58004640371234 439.1415313225058
220 198.99883990719263 626.3712296983758
221 238.6496519721578 567.5638051044084
222 589.1874743473571 426.3404197835267
223 194.29814385150817 595.3828306264501
224 699.0185614849188 316.2784222737819
225 298.63341067285387 499.2853828306265
226 504.38515081206504 443.6566125290023
227 217.27842227378193 650.0510440835267
228 282.5974477958237 610.7935034802784
229 520.4245939675175 425.70765661252904
230 568.6078886310905 390.70069605568443
231 468.32598607888633 246.05568445475637
232 223.3944315545244 175.661252900232
233 294.51856148491885 520.8352668213457
234 330.6635730858469 138.0742459396752
235 533.6291653539515 456.7145336426987
236 77.38117644649569 249.45940576238795
237 271.72842925631625 22.995450059628066
