# pedestrianID x y
20 271.3352668213457 167.61020881670532
21 468.4582366589327 118.830626450116
22 400.12296983758705 103.16009280742459
23 390.22157772621813 54.5707656612529
24 505.70417633410676 15.522041763341068
40 647.2784222737819 212.4640371229698
41 566.9675174013921 159.6751740139211
42 559.4988399071926 120.2830626450116
43 550.6450116009281 129.09512761020883
44 530.0417633410673 120.2830626450116
45 468.2772621809745 101.76334106728538
46 378.7575406032483 110.21345707656613
47 384.6925754060325 139.58700696055683
48 461.38863109048725 88.05104408352668
49 395.1809744779583 123.20185614849188
50 397.5684454756381 81.36890951276102
52 388.47099767981445 43.712296983758705
53 354.54640371229704 96.22273781902553
54 353.59512761020886 13.39211136890951
55 452.3938091350227 7.491647585857203
99 452.24410791677514 38.04850017172583
133 202.77262180974483 324.2505800464037
134 336.86890951276104 555.1044083526682
135 587.6751740139212 698.538283062645
150 279.21229698375873 605.6380510440835
151 162.08811703411513 616.4080512816607
187 682.4292343387472 504.0417633410673
189 682.3155452436196 494.54756380510446
190 506.1546203304986 656.4867779413217
192 675.3781902552205 475.7819025522042
195 338.8294663573086 530.5336426914153
197 657.405868868031 669.0619105862412
198 340.9605568445476 480.44547563805105
199 670.3874709976799 475.7819025522042
201 472.07076566125295 314.2969837587007
204 350.5125705174362 -289.96914803785927
205 82.44547563805111 557.5870069605569
206 218.2656612529003 397.17401392111367
207 564.030162412993 532.969837587007
208 445.52867094449186 205.60556844547563
209 369.2807424593968 475.7819025522042
210 681.1902552204176 262.5522041763341
211 725.2958236658933 314.2969837587007
214 192.59048723897916 496.91415313225053
215 361.0359628770302 496.91415313225053
216 409.82041281032923 237.67648274847141
217 355.9501160092808 432.40371229698377
218 283.3097447795824 545.2204176334106
219 252.8097447795824 504.0417633410673
220 162.63805104408357 508.8167053364269
221 228.94199535962883 461.9025522041763
222 481.87122969837594 468.8213457076566
223 165.53480278422276 482.78422273781905
224 536.0197215777263 238.8445475638051
225 234.44431554524365 392.8538283062645
226 367.35614849187937 441.3967517401392
227 177.2517401392112 550.15313225058
228 373.1682134570766 530.5336426914153
229 413.5742459396752 506.42691415313226
230 334.4633511200236 519.2131764514761
231 447.31740499142774 61.15383878162859
232 288.2387384735884 198.72270375924316
233 250.28209801445595 526.1335925180449
235 714.2138089624021 472.93095226406126
