# pedestrianID x y
125 135.29266489211125 691.4295108967051
127 139.3807199921973 685.248914829016
173 16.425096777936993 274.871945584019
179 135.56783983092112 690.6865183073485
185 461.9245569445913 9.28377518812577
245 522.1326657079397 610.7830981438879
246 506.49109963273463 583.5691989852323
247 524.7375353708342 613.1601296632772
248 529.9032439346755 624.281985085843
249 191.1542083032767 626.253282634161
251 718.2208922946111 269.9460661684603
253 543.5109639110068 644.8451322425312
254 541.4267193465814 641.6782941095366
256 461.881123723173 13.765852591941172
259 125.5271170942106 691.5920287927045
261 125.59563414049128 690.2392465563421
264 9.553675416749241 282.74947880401146
