# pedestrianID x y
27 664.3109048723899 144.15313225058006
28 594.3735498839908 147.22041763341068
29 570.953596287703 117.38283062645012
39 113.68909512761027 205.60556844547563
49 249.8771248018896 643.8360678708408
57 604.9793302375563 689.7473936656402
58 30.244000200292167 214.78157061726375
60 205.25870069605574 450.4640371229698
62 656.3445475638051 338.3805104408353
64 729.5740521613609 418.77326137003513
65 651.6194895591648 324.2505800464037
67 574.5719257540604 203.90255220417635
69 426.9535962877031 237.05336426914153
70 446.48027842227384 141.1044083526682
72 449.977958236659 338.3805104408353
73 299.5220417633411 582.6682134570766
74 661.3515081206497 139.58700696055683
75 614.9361948955917 540.3062645011601
76 601.7981438515081 169.21113689095125
77 521.2122969837587 224.6450116009281
78 90.01276102088173 631.6009280742459
79 266.6020881670534 54.5707656612529
80 268.8155452436195 40.17633410672854
96 610.1055684454757 350.67285382830624
100 603.3236658932715 104.5614849187935
103 127.92691415313229 164.42227378190256
106 575.9350348027842 192.11136890951275
107 242.94563573966826 421.1303640869027
108 379.83896499318877 98.85706768162403
109 340.185078442779 1093.2578784527577
110 560.4756380510441 377.87935034802786
111 428.5498839907193 461.9025522041763
112 465.59860788863114 403.68909512761024
113 380.6094834386164 177.83315593455086
114 16.695997351961374 1273.9774123211737
115 345.81206496519724 508.8167053364269
116 0.9048374424050287 685.3699800672254
117 420.7296983758701 432.40371229698377
119 732.054524361949 401.5127610208816
120 276.6252900232019 54.5707656612529
131 480.60739334925756 -430.0786674349699
133 129.35437074067613 676.3022052310703
134 568.77030162413 461.9025522041763
135 728.9680481372973 302.0727176037455
136 566.062645011601 466.5104408352668
137 624.6264475083218 163.70192714237442
138 171.30626450116014 613.3781902552204
139 327.8367526853404 172.1268457358854
141 563.036003558721 200.99759641874527
142 712.9964849541719 472.24635756576583
143 358.4964912445797 350.8995794176738
144 573.8178654292344 200.51044083526682
145 392.88515081206504 358.96055684454757
146 562.3503480278423 425.70765661252904
150 720.3818875358199 472.13175564771814
152 44.92252353316633 313.6214708336536
153 595.2807424593968 336.3480278422274
154 462.73781902552207 386.40835266821347
155 253.0777262180975 397.17401392111367
156 398.9176334106729 464.20417633410676
157 381.8712214225814 464.64686482355955
158 366.51577421992926 473.37234905091793
159 425.33410672853836 547.6844547563805
160 424.300464037123 520.8352668213457
161 307.18186136366677 591.1287962687619
162 108.03572446888914 463.57554645561027
163 122.8546353930025 251.2323432502793
201 504.793016685701 369.16721443797184
202 196.5788863109049 130.58004640371232
204 142.83591473554293 674.2817379125916
206 140.08512254289172 689.9469923356564
215 714.8408327360435 277.2086974759793
216 726.0046519947189 458.774740559405
219 684.4699477043371 311.9061500661612
225 562.6415832527922 687.9301582067786
226 729.8219627458275 245.9674066171081
228 732.0186687883913 270.76682319500713
229 727.2369241549471 274.11063812634256
231 580.0221268589953 649.0961929344107
233 516.5974982764959 475.03469512436607
235 493.5406032482599 58.27378190255221
237 533.2888631090487 590.2830626450117
239 723.1844547563805 238.8445475638051
240 628.6484918793503 13.39211136890951
241 489.86194895591655 67.07656612529003
242 481.9965197215778 62.01856148491879
243 405.2222443852235 304.77280639400857
244 561.8768369084019 417.5206732599243
246 289.12504215400867 16.692496881707743
