# pedestrianID x y
86 138.04357556404227 690.4501610738483
125 138.74983750015352 688.5647534223159
127 143.5190057237631 681.0559526510852
148 137.9728817022919 691.2994981782078
173 20.92813924081865 274.83702556798033
179 140.40390265197263 686.4367806718716
185 461.59122792519634 14.776409621966561
245 512.672480982932 595.8488543358123
246 497.0853086207534 567.9292644069126
247 515.1410210035175 598.1600329767163
248 520.6329265522296 609.3479142526427
249 203.8228705506638 611.4864546826425
251 711.8789586426108 271.4209748995231
253 535.080781326987 631.2952321544102
254 532.8313169757517 627.6392203902598
255 95.31323036654184 8.84172413601369
256 461.56383867271984 20.85720076304535
258 129.75323434102805 691.2348714456889
259 125.86872624402194 686.437551314776
261 125.95669225334181 684.3447526407604
264 14.66018599690568 286.9298707499838
267 730.4790651137284 262.2652808477326
