# pedestrianID x y
1 610.6867749419954 499.2853828306265
2 607.9524361948957 492.1856148491879
3 449.54640371229704 224.6450116009281
4 505.2041763341068 292.80742459396754
5 516.3109048723899 277.53132250580046
6 651.200731126131 175.61793080105528
7 553.9338747099769 142.62645011600927
8 628.4709976798144 162.83526682134573
9 453.1450116009281 96.22273781902553
10 554.7424593967518 70.91879350348029
30 222.36890951276106 222.89095127610207
32 684.0510440835267 212.4640371229698
33 676.399071925754 205.60556844547563
34 456.6925754060325 88.05104408352668
35 458.76102088167056 78.72853828306265
36 453.84802784222745 110.21345707656613
37 585.4443155452436 133.56380510440835
49 147.62338257312743 689.9976298644756
69 450.70040100418413 676.2181761805437
72 719.0815228641158 268.1567815550518
78 12.921113689095193 344.5058004640371
79 -55.767628413513606 343.850171409694
80 124.90255220417637 340.41763341067286
81 730.2852035685147 265.62138268495494
83 578.330626450116 121.7401392111369
84 397.4837587006961 80.04640371229698
86 443.8921113689096 207.31322505800466
88 607.5197215777263 185.4756380510441
89 533.5754060324826 94.8491879350348
90 668.4784538777941 938.0569920227526
96 729.3910293928113 270.12482627337374
97 447.57540603248265 508.8167053364269
100 642.5556203265662 14.772872053793742
108 197.93552445677858 621.2888393463653
111 504.88174557311146 58.74444260423583
112 323.2252880707298 61.17440012688199
114 264.49473782216205 35.27079606410688
118 442.57540603248265 390.70069605568443
120 176.99187935034806 590.2830626450117
121 363.6559739690719 209.0355234931871
122 261.6293124811737 302.44859627508697
123 433.5394431554525 271.8793503480278
124 577.9320655750887 312.6176962685748
125 503.03613217918934 133.5994448219944
126 461.723897911833 281.322505800464
127 530.2088167053364 169.21113689095125
131 608.0382830626451 516.0139211136891
132 470.58004640371234 348.6125290023202
136 199.67573852466828 664.5832476452348
138 130.65776865068577 690.2223543897226
141 624.5408970598659 15.387538486289003
146 728.0641610971823 266.6050613801782
147 458.59329508961076 297.7024160123917
156 579.0661252900233 96.22273781902553
157 394.20301624129934 64.53828306264502
159 425.32482598607896 233.48491879350348
161 517.5475638051045 150.3062645011601
163 450.3190255220418 302.5058004640371
164 705.9037122969838 283.2250580046404
165 115.33526682134575 663.368909512761
166 134.12761020881675 443.6566125290023
167 218.11484918793508 257.01160092807424
168 468.06667609649793 310.1118496378313
169 128.16009280742463 135.06264501160092
170 271.91598961306556 385.16346889287263
171 481.14722647234623 560.574119807733
172 525.5225491376885 653.7986300811681
173 535.7153800865516 550.8474955138906
174 563.8026434173485 688.2217133114232
202 113.75857323842244 19.306371255447374
219 723.1825887248175 279.04157587300466
233 450.5838587767894 535.4959771554867
237 704.7240020206226 485.8223861375465
243 354.554524361949 86.70533642691416
245 76.4881205935535 337.7725230955897
246 420.2122535844408 293.07199465552526
247 319.58456112143256 -277.66807641726524
248 331.22648034195123 193.36987715695852
249 551.9454756380511 139.58700696055683
250 347.2575406032483 567.5638051044084
251 98.59164733178659 312.3201856148492
