# pedestrianID x y
20 160.73201856148498 214.1902552204176
21 401.2784222737819 68.35266821345708
22 302.6542923433875 27.56844547563805
23 309.5348027842228 1.0023201856148491
40 584.1925754060326 182.18561484918794
41 495.29466357308587 111.63805104408353
42 500.7041763341068 90.75638051044085
43 482.0174013921114 85.36426914153132
44 469.631090487239 68.35266821345708
45 401.0696055684455 50.909512761020885
46 314.66009280742463 52.125290023201856
47 319.969837587007 76.10672853828305
48 396.9454756380511 40.17633410672854
49 328.8051044083527 58.27378190255221
133 225.58468677494204 266.26914153132253
134 -228.42411530310738 929.0048525827377
150 -248.47815277407582 695.6246892713372
151 133.69837587006964 523.2529002320186
187 676.8225058004641 441.3967517401392
188 40.00696055684455 244.24593967517401
189 676.609048723898 432.40371229698377
190 505.86658932714624 626.3712296983758
192 668.5754060324826 416.8445475638051
195 -397.12510303039835 985.8008032606479
196 733.5580046403713 257.01160092807424
197 662.5150812064966 623.7633410672854
198 286.262180974478 513.6102088167054
199 664.4709976798144 412.4408352668213
200 708.0185614849188 266.26914153132253
201 511.64153132250584 264.40835266821347
203 56.897911832946704 219.39675174013922
204 255.12579716259205 -34.101932681892265
205 89.10788863109053 501.66125290023206
206 193.01740139211142 330.27842227378187
207 547.8654292343388 466.5104408352668
208 411.3723897911833 207.31322505800466
209 307.19953596287706 494.54756380510446
210 594.2958236658933 207.31322505800466
211 671.6171693735499 365.22505800464035
213 662.8190255220418 650.0510440835267
214 185.84222737819027 448.19025522041767
215 309.70301624129934 528.1020881670534
216 413.00928074245945 237.05336426914153
217 338.47966753241474 509.05722488405746
218 221.65777262180978 585.2018561484919
219 239.52204176334112 475.7819025522042
220 156.4686774941996 434.64501160092806
221 219.84802784222742 397.17401392111367
222 391.5058004640372 504.0417633410673
223 159.31090487238984 412.4408352668213
224 392.02997226998383 157.70594244393624
225 135.90746066464584 16.635165016726567
226 317.354988399072 421.2668213457076
227 173.38399071925758 487.4756380510441
228 404.5580046403713 487.4756380510441
229 325.99376787099186 565.5342133538506
230 148.67017378780528 683.0773108919993
232 388.54086091469674 213.2580206181176
233 231.54422001117734 552.2399034019862
