# pedestrianID x y
3 140.61464315487981 690.5118079960474
19 121.47842813238698 691.0894341853577
86 149.9710378044541 681.5410225864343
91 577.5429601666455 685.3928030984838
93 577.3716083202115 687.1492233268324
122 729.1333580828726 268.7124165947094
125 150.97379544806324 678.4725959316949
127 157.03554965865618 666.9291904173763
148 155.01831913256615 680.1518519607536
173 36.03769833636604 274.723201699509
179 161.01550730098063 667.8773535669739
180 126.19999077355969 683.6813355659468
184 732.2960345122718 477.9262953450433
185 459.9701284730096 41.173047330459184
245 484.0369116400877 549.5980383766835
246 470.0348976720292 525.0070182212315
247 486.7433095494281 552.070265788632
248 492.20786604457135 563.5412357899153
249 244.68054585934 567.0439163062994
251 690.4376822794275 276.39285703286384
253 507.5333533481277 586.6867884884294
254 504.8036752859548 581.7226958500539
255 100.23927849583498 24.36911926739233
256 460.1044944188388 53.4161796914848
258 138.74277024105987 674.933539670254
259 127.59955254604459 659.6532412410593
261 127.73426403382722 656.2472792660084
264 38.64856098512234 306.2013600385182
266 731.2914880792833 261.37249536291654
267 710.2402964102253 256.4570308228883
268 129.84905715105933 684.8982725202608
269 16.75791049599814 269.6420379140011
270 10.112721041848298 268.74693816307797
271 575.6890302242932 685.4269992032711
