# pedestrianID x y
1 456.25986078886314 209.02552204176334
2 454.39095127610216 203.90255220417635
3 393.93345033151314 11.368038601950943
4 254.28190255220423 30.951276102088165
5 257.7354988399072 18.751740139211137
30 181.46291870862882 412.03060443466137
31 499.4419953596288 59.51740139211137
32 345.26566125290026 17.670533642691414
33 340.3712296983759 8.148491879350349
49 167.63393452963192 681.164060328434
67 631.8262596346129 14.466217435278253
69 365.09396751740144 631.6009280742459
70 726.562645011601 224.6450116009281
72 696.3176785647426 271.52873100356123
73 726.8020933213994 378.61440816130386
78 154.677494199536 399.34106728538285
79 157.42691415313232 390.70069605568443
80 248.78594999609402 206.47294103138918
81 696.9697717195744 267.740994570184
83 556.4953596287703 96.22273781902553
84 677.3689095127611 285.1322505800464
85 22.077726218097496 200.51044083526682
86 228.37122969837594 36.682134570765655
96 717.6382232613518 275.72152270187706
97 331.26677769510087 650.089749745813
100 637.678674483574 29.90577949445614
108 268.59468364905786 543.5553770017433
111 552.2851667947558 123.15538561262605
112 371.6589327146172 68.35266821345708
114 246.1206496519722 114.50116009280742
115 313.77378190255223 177.28538283062645
116 678.5452436194896 382.13457076566124
117 318.76450116009283 40.17633410672854
118 555.8654292343388 603.0672853828306
120 213.04756380510446 419.0533642691415
121 193.44895591647335 260.7006960556845
122 72.86890951276109 575.0951276102088
123 296.33062645011603 468.8213457076566
124 273.25522041763344 537.8561484918793
125 312.79930394431557 33.22969837587007
126 321.5313657726727 44.00568179314889
127 267.4394357861506 49.18828907732108
131 435.9872389791184 414.6403712296984
132 278.3407526855787 576.5830724413028
136 247.82371867550938 642.5054021174176
138 137.27832464946616 678.0923169677192
139 367.72737819025525 3.020881670533643
141 608.4966416533673 26.182665139206744
143 714.3410672853829 277.53132250580046
144 622.3032553514392 14.273301207475239
146 702.5376911762921 269.9634662475648
147 381.8236658932715 430.1670533642691
155 367.0672853828307 16.593967517401392
156 600.8828306264502 260.7006960556845
157 504.0104408352669 260.7006960556845
159 434.39123490689747 592.3708512221268
161 382.99419953596293 405.87006960556846
163 301.93387470997686 501.66125290023206
164 446.5104408352669 430.1670533642691
165 199.95475638051047 405.87006960556846
166 142.83410672853833 249.6890951276102
167 185.215777262181 382.13457076566124
168 288.6155948225766 454.2510162948772
169 334.90110015694904 452.299080426334
170 149.68162414111742 647.6382533830764
202 130.66194124747017 35.1628775103445
204 130.4772548819269 692.1097858975539
215 730.5206597028789 269.5263509749977
219 714.0666978695883 287.14097557521603
231 578.2031763536248 685.9107970707386
233 480.01822033731736 508.93954775664076
237 673.4085646601225 495.4058718082418
243 508.6171693735499 285.1322505800464
245 118.57540603248262 377.87935034802786
246 310.5282057807507 50.41673630728516
247 270.684926710752 33.88111813807749
