# pedestrianID x y
1 644.6962891455103 580.3570513919376
2 639.7202325909344 568.9489133377914
3 463.34686774941997 283.2250580046404
4 487.98839907192576 270.0046403712297
5 551.8631090487239 361.04408352668213
6 701.9632471161543 228.01531194767898
7 503.98001883777886 277.1302677235558
9 593.6925754060326 193.78190255220417
10 667.0649651972158 166.0139211136891
11 320.292343387471 117.38283062645012
12 318.6960556844548 100.37122969837587
30 254.97911832946642 103.16009280742459
34 557.0348027842227 150.3062645011601
35 559.1136890951277 138.0742459396752
36 599.2969837587007 205.60556844547563
37 608.8294663573087 264.40835266821347
38 373.9837587006961 8.148491879350349
49 142.2276264146391 692.3508186892955
69 479.85327131410565 681.7561795924818
72 724.6579837507091 267.32122949853607
79 154.17865429234342 660.6960556844548
80 71.81901926034881 308.83346980723553
83 599.8921113689096 249.6890951276102
86 457.4965197215778 266.26914153132253
89 647.0904872389792 172.42691415313226
90 807.2406199235667 1304.80612208033
91 257.7006960556845 76.10672853828305
96 732.2866917941578 268.7405288703879
97 506.562645011601 432.40371229698377
100 643.8238160273988 11.006580071628536
108 179.88308969182688 640.1511147382929
111 493.52837690310815 43.157809344489436
114 268.7815692167047 23.660877158117117
118 723.7114876678127 539.0215169858625
120 272.8143851508121 547.6844547563805
121 225.16764948077284 24.056506963582656
122 292.3491879350348 203.90255220417635
123 395.9350348027843 138.0742459396752
124 654.2216995761511 290.873271184801
125 502.97312630874285 133.6975870994263
126 479.9060324825987 367.32250580046406
127 538.5103283962558 152.80395444166246
128 273.450418949035 45.23332329574068
131 618.5293605982894 573.710427612171
132 382.97563805104414 164.42227378190256
136 185.23648248117132 670.99932783869
141 629.3157921452892 12.308272797357716
147 449.53364269141537 182.18561484918794
156 721.5603248259861 210.74245939675174
157 348.16833118960545 33.42124295222912
159 343.1055684454757 145.6844547563805
161 561.0394431554525 32.08816705336427
163 444.47563805104414 198.82134570765663
166 114.96034791730848 509.0142483406275
167 254.2819025522042 136.56612529002322
168 396.61368909512765 151.85614849187934
170 254.73085846867752 123.20185614849188
171 344.477958236659 452.74245939675177
172 401.008120649652 545.2204176334106
173 408.7060973665358 481.4794997267383
174 375.85920248504414 498.0429899544759
202 108.92876462634659 14.960741826055568
219 726.0684053538063 276.5779917445324
233 435.0275997537172 549.9420732914205
237 713.1968131966825 483.2106998482928
245 -455.7109368841765 126.00964920462309
246 423.99428755803444 288.17833195622404
247 308.52979308927877 -419.2607073222757
248 322.17962182949515 188.00141472953624
249 502.4479053373923 274.2135197465722
250 233.03828306264506 473.45707656612524
251 -282.2392841243202 428.1680868664758
253 329.35034802784224 103.16009280742459
