# pedestrianID x y
26 704.6160092807424 193.78190255220417
27 498.53944315545243 42.52900232018561
28 402.11832946635735 25.33642691415313
39 111.13109048723902 375.75870069605566
47 606.9030199520747 688.4642704734314
49 332.6635730858469 618.5614849187934
57 608.4466357308585 668.7285382830627
58 52.97679814385157 175.661252900232
60 168.2682748328111 206.97743774647736
62 497.29466357308587 386.40835266821347
64 671.0139211136891 369.42459396751735
65 567.0893271461717 436.8909512761021
66 724.7419821085114 255.94432992674126
67 544.1380510440836 384.2691415313225
68 717.4814385150812 210.74245939675174
69 335.61252900232023 141.1044083526682
70 269.6299303944316 145.6844547563805
71 35.86310904872391 32.08816705336427
72 500.92923433874716 217.65661252900233
73 159.0962877030163 647.401392111369
74 498.3781902552205 29.819025522041763
75 576.3955916473318 679.5034802784223
76 404.54640371229704 40.17633410672854
96 441.63225058004645 401.5127610208816
100 523.9141531322506 215.92111368909514
103 202.30162412993045 328.26450116009283
106 544.2969837587008 373.6426914153132
107 245.90348720411686 404.35367576414035
108 340.97215777262187 123.20185614849188
109 598.5226691055315 524.1017790001209
110 383.1252900232019 508.8167053364269
111 358.68649021652527 496.96612533021795
112 -39.14724271854644 883.2815056738604
113 317.354988399072 103.16009280742459
114 120.04408352668216 687.6334106728539
115 264.20881670533646 582.6682134570766
117 309.3773638356731 560.3688237583443
131 421.6484918793504 145.6844547563805
133 131.7075259119005 663.7615111397248
134 640.9582366589327 344.5058004640371
135 722.7412993039443 326.25522041763344
136 472.88979118329473 436.8909512761021
137 560.4443155452436 242.44083526682135
138 172.1252900232019 499.2853828306265
139 206.32378698247638 191.77501651330834
141 530.723897911833 240.64037122969836
142 678.784264049997 468.8023464143907
143 431.4485453650874 336.1959990947737
144 543.5788863109049 380.00464037122964
145 373.177494199536 384.2691415313225
146 426.8283062645012 499.2853828306265
150 706.2773194916489 470.02708826697267
152 104.70301624129934 395.01160092807424
153 422.2553721306134 379.8584764177686
154 421.0638051044084 525.675174013921
155 438.5926641303566 406.3973097588496
156 293.1343389139312 576.6124838120992
157 269.24061926300436 531.5683794899908
158 229.98569446409795 591.9589676809339
159 256.3805931820656 621.8601738688856
160 153.17422837620435 682.3047599905265
195 340.79466357308587 28.691415313225058
198 709.7146171693737 356.8816705336427
199 731.5114798208579 439.3485623425484
201 471.754060324826 344.5058004640371
202 215.3248259860789 292.80742459396754
204 151.68778578714077 661.3140992238439
206 149.98581275606762 683.3609929212531
208 223.20301624129934 93.48027842227378
215 704.9219463023733 282.37257716276775
216 720.6061136518657 452.66301060692206
219 667.3775171768687 326.12393839624133
225 551.8327290507874 679.2524334482353
226 725.7651978870556 238.36988466028404
228 723.2896277131817 277.082765644492
229 719.988872088195 279.14132091806215
231 581.5451158061012 619.0389370233518
233 526.9116927874843 465.5648703022309
235 449.26450116009283 237.05336426914153
237 572.5394431554525 478.11136890951275
238 436.725043738476 13.158415648565846
239 559.1948955916473 300.5568445475638
240 585.9872389791184 224.6450116009281
241 447.84338747099775 253.34106728538285
242 436.8503480278423 238.8445475638051
243 424.792343387471 294.73781902552207
244 448.37006960556846 492.1856148491879
