# pedestrianID x y
26 517.8433874709978 93.48027842227378
39 146.18445475638055 580.1392111368909
47 626.046403712297 676.8027842227378
49 502.3352668213457 535.4106728538284
57 557.4257540603248 535.4106728538284
58 84.16009280742463 403.68909512761024
60 174.56148491879355 237.05336426914153
61 711.8097447795824 198.82134570765663
62 313.5301624129931 511.2111368909513
64 682.8538283062646 188.78422273781902
65 376.10904872389796 489.8283062645012
66 686.8422273781903 188.78422273781902
67 501.79814385150814 572.5800464037123
68 519.6451766052585 105.2848954997895
69 202.49071925754066 96.22273781902553
70 54.64037122969842 237.05336426914153
71 38.05104408352673 266.26914153132253
72 548.0870069605569 1.0023201856148491
96 295.2018561484919 373.6426914153132
100 445.1299303944316 356.8816705336427
101 722.9345126558327 467.1247183865501
103 1080.0783347344384 1008.3971422384013
104 697.6078886310905 185.4756380510441
105 -19.21855313595161 -131.84766636126804
106 307.5962877030163 480.44547563805105
107 323.5058004640372 523.2529002320186
108 210.42227378190262 76.10672853828305
109 595.7424593967518 608.2134570765661
110 237.56960556844552 585.2018561484919
111 192.7529002320186 636.8491879350348
133 136.3243809844724 638.3032267481514
134 527.6751740139212 352.737819025522
135 548.9466357308585 434.64501160092806
136 583.9725419230763 322.1789115540645
137 457.5696055684455 380.00464037122964
138 194.32275046515048 341.32017147385653
139 188.70881670533646 294.73781902552207
140 473.8062645011602 121.7401392111369
141 426.50464037122975 384.2691415313225
142 547.4087919859676 456.0567385433708
143 376.878978760297 429.41025620724196
144 510.6879350348028 441.3967517401392
145 356.008120649652 550.15313225058
146 518.6690170504743 663.1422693185043
150 674.5012251159471 465.1231248629956
153 83.60296628911931 297.9329804333812
187 729.5060833652107 658.9950807415362
192 583.635110598747 689.7599367895001
195 492.59976798143856 197.13689095127611
198 526.4860788863109 436.8909512761021
199 728.5821951529947 427.30961982471956
201 538.8572809816721 336.3480278422274
202 275.1473357471619 416.0766486919083
204 168.78134677688774 635.263722210425
206 171.21778760379513 668.7947725898587
208 194.3515081206497 264.40835266821347
209 285.2331786542924 30.951276102088165
214 139.9747437323968 692.2419008903871
215 686.1040987426665 291.49223411633017
216 711.3782995839238 442.1141127609993
219 639.0011600928075 342.4593967517402
223 135.17177775930134 691.329123290903
225 526.7216772795372 658.9556427808845
226 718.4893927755334 225.03621771534003
228 698.3998789226008 296.7878413883681
229 704.4821032487495 289.26262490941986
231 565.3051044083527 575.0951276102088
233 537.86775189264 455.4421404017086
234 678.707656612529 258.8538283062645
235 572.3000478530198 264.8671478466624
236 556.8573085846868 154.96983758700696
237 514.27030162413 306.41763341067286
238 353.3897911832947 84.0278422273782
239 370.3244954711625 461.2908204423416
240 462.57656612529007 405.87006960556846
241 334.7807424593968 441.3967517401392
242 399.57656612529007 375.75870069605566
243 334.46171693735505 466.5104408352668
244 333.7813948959089 587.5693998071183
