# pedestrianID x y
1 723.5989690937524 642.206597418279
2 722.7897067447072 640.1275227656523
3 302.19907157015064 496.637223791771
4 251.1252900232019 532.969837587007
7 129.17824398339178 644.0942405937797
11 130.3201856148492 660.6960556844548
12 125.68793503480282 652.7053364269142
13 636.4582366589327 193.78190255220417
14 678.9915483153277 192.27020249218043
16 554.2262180974478 570.0696055684455
17 636.8132250580047 190.44547563805105
18 169.6531322505801 139.58700696055683
19 65.4593967517402 132.06960556844547
30 284.02710073859595 8.346396464849345
37 680.7030162412993 671.415313225058
80 18.05811629551413 283.53817881657807
83 683.0787183390828 608.3747315282332
86 342.69837587006964 471.13689095127614
87 162.15313225058011 390.70069605568443
90 349.43882997690065 141.50633916795277
91 531.65313225058 314.2969837587007
92 172.4837587006961 371.53132250580046
93 645.155452436195 219.39675174013922
94 442.0266821345708 74.80278422273781
97 708.2900232018562 182.18561484918794
108 143.9784819157101 679.2277492692544
111 471.6306387803708 12.890582843061576
121 709.564065724477 280.98596441200823
122 602.3308521060203 311.66167135487007
124 730.596325327897 267.9095293772478
125 312.66009280742463 478.11136890951275
126 680.4213832004257 485.96348491794726
127 343.23781902552207 401.5127610208816
128 345.81206496519724 508.8167053364269
129 616.6713601134107 161.3044253405508
130 187.36890951276106 682.2088167053364
131 593.4997961114342 650.3137393669482
132 242.91952241162645 23.41980982739528
136 151.3636751040649 687.0714878793113
148 430.82598607888633 348.6125290023202
149 82.5069605568446 354.8074245939675
157 307.3187312685152 13.953407091747671
166 122.6277201268763 654.4944099495756
171 188.99071925754063 53.34570765661253
172 443.74245939675177 255.1740139211137
173 251.14733178654296 380.00464037122964
174 216.7296983758701 203.90255220417635
175 156.26218097447799 399.34106728538285
176 371.027957504495 178.55532073604266
177 401.24709976798147 193.78190255220417
178 162.22853828306268 414.6403712296984
179 465.4962828970062 163.62950866328634
180 277.28806106835174 9.319597425856514
181 591.4709648614576 637.4031964318091
182 177.73538828993946 642.0561320522153
233 342.70056257637356 636.2331366735259
237 730.6570487746008 477.78979939365996
245 215.784234582059 501.7007848061806
246 441.2547317742681 264.4159097766825
247 275.5120222306758 -865.6985868222331
248 166.01213711787173 -244.7332152734133
249 652.4345248048759 172.77869650727482
250 274.762180974478 405.87006960556846
251 418.65197215777266 421.2668213457076
252 367.77378190255223 496.91415313225053
253 164.16000443999428 212.63506756407983
254 286.5078869345184 -281.2002929391473
255 393.9280742459397 537.8561484918793
256 182.51508120649655 608.2134570765661
257 305.0649651972158 60.76566125290023
258 438.16436780506604 50.18563259256162
