# pedestrianID x y
20 494.0696055684455 188.78422273781902
21 621.6983758700696 188.78422273781902
22 616.5 242.44083526682135
23 560.5116009280744 170.81670533642693
24 693.1728538283063 180.5475638051044
25 464.69373549883994 86.70533642691416
40 700.7215777262181 328.26450116009283
41 661.3352668213458 302.5058004640371
42 690.6682134570766 192.11136890951275
43 694.1693735498841 202.20417633410673
44 650.8596287703017 210.74245939675174
45 622.3816705336427 177.28538283062645
46 543.8317865429235 287.04408352668213
47 478.2633410672854 287.04408352668213
48 607.262180974478 156.5336426914153
49 489.20765661252904 268.13457076566124
50 609.5034802784223 219.39675174013922
52 551.5150812064966 159.6751740139211
53 537.9930394431555 277.53132250580046
54 505.86194895591655 115.93967517401393
55 537.9245939675175 107.37819025522042
56 461.22273781902555 65.80510440835268
57 353.4176334106729 73.50348027842227
99 368.18238994656105 -82.91921984350681
100 -45.337415738427104 946.9231231519693
101 533.8039443155453 540.3062645011601
102 715.5232018561485 338.3805104408353
133 214.42360341022987 436.5775604516715
134 500.04292343387476 487.4756380510441
135 535.6450116009281 577.6148491879351
136 348.59396751740144 97.60092807424593
137 446.78886310904875 597.9396751740139
139 462.4660292939001 630.9568535315345
150 361.25522041763344 562.5661252900231
151 338.0484948458541 1473.363320513155
187 680.5429234338748 623.7633410672854
189 687.3524956416121 609.6606466446503
190 544.754979511209 679.6488438184017
192 643.1579104493461 589.0676530726288
195 458.2436194895592 461.9025522041763
197 599.4637521825433 692.0149373252784
198 416.9789341967516 463.2956652097744
199 668.9353817647346 528.9612189332425
201 352.78422273781905 386.40835266821347
202 144.74155301636503 672.9445783343119
204 175.05684454756386 375.75870069605566
205 55.07424593967522 660.6960556844548
206 246.11484918793508 530.5336426914153
207 596.4686774941996 644.7563805104407
208 251.96751740139214 244.24593967517401
209 512.6368909512762 496.91415313225053
210 718.5935051045666 267.3731476401498
214 212.44431554524365 590.2830626450117
215 463.4535962877031 441.3967517401392
216 619.8120649651974 377.87935034802786
217 569.407192575406 354.8074245939675
218 436.6832946635731 459.6055684454757
219 360.8248259860789 436.8909512761021
220 200.60556844547565 628.9837587006961
221 240.24941995359632 570.0696055684455
222 589.2616854699036 426.1533183178168
223 197.64733178654296 597.9396751740139
224 700.7215777262181 328.26450116009283
225 301.93387470997686 501.66125290023206
226 510.46635730858475 439.1415313225058
227 219.10440835266826 650.0510440835267
228 279.0150812064966 610.7935034802784
229 523.6496519721578 425.70765661252904
230 575.8329466357309 386.40835266821347
231 468.88631090487246 251.5127610208817
232 219.46171693735502 175.661252900232
233 297.7784222737819 525.675174013921
234 338.19489559164737 138.0742459396752
235 527.1149033273193 456.22432242894655
236 85.58410366630237 246.92819947942456
237 270.2357014434696 27.30034521756426
