# pedestrianID x y
125 134.5659725244409 692.0558790464111
127 138.46700286678563 686.2273678695584
173 15.349567046983289 274.8795449352278
179 134.56547643501509 691.6123846089477
185 461.9914948204925 8.244708918163306
245 524.4162381315612 614.4123037126541
246 508.91475327512603 587.4459597742056
247 526.9776256889119 616.8258470223461
248 531.9608299131486 627.6797003705327
249 188.1063688318224 629.5913979817489
251 719.6614535018252 269.6250002571045
253 545.4684939665417 647.9734234269498
254 543.2661555466128 644.9851470075762
256 461.9450029174413 12.26473919591649
259 125.46702611455538 692.6059386059948
261 125.5278115071519 691.3813413144701
264 8.497891098438291 281.9349046608611
