# pedestrianID x y
86 143.809335335918 686.1519265551087
91 577.5289244716483 690.1070416193455
93 577.4168487611076 691.693412035361
122 732.194355315608 267.68662842132034
125 144.75990877329806 683.7247376557451
127 150.25355744205467 673.9887459624003
148 145.9479501692911 686.0765654410608
173 28.39994655281279 274.7801896662123
179 149.93457734350238 677.8914908798198
180 125.72359696310605 690.0777246630684
185 460.87414811688643 26.47342011242439
245 497.7940512555531 571.6974194192404
246 482.5733379511793 545.2104386036807
247 500.8930202058372 574.5482669936388
248 505.97595529732035 586.4746957764526
249 224.94037729830652 589.0185153159017
251 701.232918082053 273.87886937462963
253 521.4306020601795 608.6274733941336
254 518.8276298635417 604.518144792233
255 97.46091737196812 15.602709849652799
256 460.9114955857559 35.39331124324964
258 133.69148043028184 684.0816624928763
259 126.61814835225381 674.7569573680505
261 126.74212856284768 672.0932816100408
264 25.489124004292126 295.55451291091265
267 721.6256580261197 259.78484819599163
268 127.58285850482476 691.9748445670971
269 8.8558911913484 272.18253548747805
