# pedestrianID x y
20 566.106728538283 202.20417633410673
21 671.7935034802784 212.4640371229698
22 690.6740139211138 275.6426914153132
23 615.0649651972158 209.02552204176334
25 512.8584686774942 120.2830626450116
40 705.1519721577727 388.55220417633416
41 684.6044083526683 354.8074245939675
42 723.844772170757 215.56370478791322
43 726.0429234338748 190.44547563805105
44 687.9733178654293 224.6450116009281
45 672.054524361949 200.51044083526682
46 606.6496519721578 356.8816705336427
47 489.22505800464046 336.3480278422274
48 654.9547563805105 180.5475638051044
49 498.8828306264502 314.2969837587007
50 682.4396751740139 257.01160092807424
52 605.2494199535963 197.13689095127611
53 603.1983758700696 354.8074245939675
54 565.778422273782 139.58700696055683
55 586.262180974478 132.06960556844547
56 507.48955916473324 100.37122969837587
57 383.76566125290026 114.50116009280742
99 538.9965197215778 174.04176334106728
100 -189.72832441180358 1169.2868325675745
101 514.5406032482599 499.2853828306265
102 711.4338747099769 382.13457076566124
133 130.57888631090492 401.5127610208816
134 600.6223419814247 472.1417125496296
135 518.0487238979118 537.8561484918793
136 384.74709976798147 141.1044083526682
137 415.8155452436195 575.0951276102088
138 162.91415313225062 29.819025522041763
139 413.78087604625784 602.8771711265454
140 146.9696434313888 674.4018786769764
141 147.62470339462357 676.4482126434407
143 145.91155303510337 680.85944582358
150 409.58932714617174 542.7610208816706
151 91.76450116009283 275.6426914153132
187 676.008120649652 652.7053364269142
189 700.3576281904797 620.9552788816881
190 552.2981130904935 684.2767863458502
192 626.7974256391 616.8595924104835
195 501.74593967517404 450.4640371229698
198 381.2877030162413 399.34106728538285
199 686.2656612529003 506.42691415313226
201 379.3433874709977 377.87935034802786
202 185.41315696370916 621.6262029744918
204 188.96403712296987 419.0533642691415
205 68.89628845444518 670.2318709414614
206 249.01972157772627 570.0696055684455
207 609.7227378190255 679.5034802784223
208 229.7053364269142 281.322505800464
209 504.43387470997686 461.9025522041763
210 724.3405480060899 266.74537900552315
214 217.75986078886314 615.9675174013921
215 495.83062645011603 421.2668213457076
216 688.7169373549884 399.34106728538285
217 635.5290023201857 340.41763341067286
218 442.80143449181935 460.2463050457313
219 381.43690357627696 426.84666346968294
220 212.90719257540607 660.6960556844548
221 241.69489559164737 605.6380510440835
222 590.1601208869564 423.9761067121193
223 206.02784222737822 628.9837587006961
224 705.1519721577727 388.55220417633416
225 337.0881670533643 532.969837587007
226 561.1577726218097 416.8445475638051
227 228.1531322505801 682.2088167053364
228 239.77958236658935 639.4802784222737
229 561.9419953596289 399.34106728538285
230 643.9350348027842 373.6426914153132
231 477.9686774941996 298.6125290023202
232 184.06728538283068 175.661252900232
233 335.1821345707657 550.15313225058
234 400.6067285382831 154.96983758700696
235 557.3445475638051 436.8909512761021
236 163.5218506803447 223.46584087458905
237 252.73083796381312 85.24498139715163
