# pedestrianID x y
20 540.4941995359629 202.20417633410673
21 653.7285382830627 202.20417633410673
22 663.1403712296984 264.40835266821347
23 594.1067285382832 195.4570765661253
25 495.6972157772622 107.37819025522042
40 708.7946635730859 371.53132250580046
41 669.5197215777263 336.3480278422274
42 721.5900003340342 207.28028481138693
43 717.808584686775 200.51044083526682
44 664.6728538283063 215.92111368909514
45 652.7946635730859 190.44547563805105
46 579.4408352668214 332.2969837587007
47 485.8828306264502 318.26450116009283
48 637.4443155452436 170.81670533642693
49 495.177494199536 294.73781902552207
50 653.4292343387472 244.24593967517401
52 583.2726218097448 183.82830626450115
53 575.4002320185615 326.25522041763344
54 543.0034802784223 133.56380510440835
55 568.4930394431556 121.7401392111369
56 491.9129930394432 88.05104408352668
57 372.46635730858475 100.37122969837587
99 517.3294663573087 162.83526682134573
100 -140.04855591068613 1090.9817031872176
101 524.3596287703017 513.6102088167054
102 713.9385150812066 367.32250580046406
133 128.83526682134575 382.13457076566124
134 514.8979118329466 485.1276102088167
135 527.8225058004641 550.15313225058
136 371.80394431554527 124.66821345707656
137 424.97563805104414 585.2018561484919
138 163.29002320185617 10.232018561484919
139 432.02750094042926 613.0304571413081
150 392.3538283062645 545.2204176334106
151 362.47690137263146 1573.6303507104178
187 678.4292343387472 644.7563805104407
189 695.672850785269 617.0946172335999
190 549.690817790748 682.8126344106329
192 632.292007661228 608.204205069013
195 485.7343387470998 455.02552204176334
198 373.4176334106729 403.68909512761024
199 668.544552920226 529.328531096266
201 371.56032482598613 380.00464037122964
202 170.66498101692892 639.974303317885
204 184.28770301624132 403.68909512761024
205 63.00625214575923 666.8776978158895
206 248.12180974477963 555.1044083526682
207 606.2877030162414 666.046403712297
208 238.27958236658935 268.13457076566124
209 516.570765661253 485.1276102088167
210 722.3970727903716 266.95209706248653
214 214.89675174013925 605.6380510440835
215 483.5208816705337 427.93503480278423
216 684.7737819025523 410.24593967517404
217 610.8596287703017 346.5568445475638
218 459.37890374899916 449.8875869460718
219 376.6275196213959 431.777473543963
220 208.33526682134575 647.401392111369
221 242.57888631090492 590.2830626450117
222 589.8053637358064 424.85698045651395
223 201.59744779582368 615.9675174013921
224 708.7946635730859 371.53132250580046
225 323.5487238979119 520.8352668213457
226 544.3399071925754 423.4849187935035
227 226.94431554524365 671.415313225058
228 253.28306264501163 623.7633410672854
229 547.4930394431556 410.24593967517404
230 618.6415313225059 380.00464037122964
231 477.67517401392115 281.322505800464
232 197.17633410672858 175.661252900232
233 319.7053364269142 542.7610208816706
234 376.1194895591648 148.76102088167053
235 538.6380510440836 443.6566125290023
236 135.50955197852724 232.00803855196042
237 259.4121022936601 64.02535748145357
