# pedestrianID x y
0 565.508120649652 55.800464037122964
39 121.33874709976803 27.56844547563805
49 208.25582854944653 662.8085313252568
58 13.01857975696762 249.46444833848628
60 241.10556844547568 615.9675174013921
67 599.4506302523944 43.865866636259454
69 399.9733178654293 388.55220417633416
70 598.6798143851508 153.4106728538283
72 468.8097447795824 188.78422273781902
73 389.5226975334664 544.9733696658684
75 599.8801373581013 723.2160775352571
77 623.5769895123979 349.9057512326123
78 153.84802784222742 496.91415313225053
79 231.26914153132253 185.4756380510441
80 234.9547563805105 167.61020881670532
81 443.3955916473318 124.66821345707656
82 411.9675174013922 60.76566125290023
83 407.59976798143856 49.698375870069604
96 689.7068762957769 288.8270943613128
98 718.0208816705336 537.8561484918793
100 626.3324925240968 64.44085949265478
103 268.9129930394432 26.450116009280745
107 87.53132250580052 308.3805104408353
108 454.04176334106734 312.3201856148492
109 669.3886310904873 246.05568445475637
110 712.6403712296985 471.13689095127614
111 522.0440835266822 356.8816705336427
112 499.33062645011603 318.26450116009283
113 -278.3570979051089 365.7292199241817
114 166.32482598607893 395.01160092807424
115 292.7518786153329 361.305352871728
116 393.6670533642692 525.675174013921
117 460.062645011601 247.87006960556843
119 1158.5600537783441 1313.2067801793096
120 243.78074245939678 180.5475638051044
121 24.7819025522042 229.9350348027842
131 354.69245131365614 370.2555062386173
132 203.291014094944 633.0520414463388
133 127.75175457780259 685.0289286601839
134 512.4547563805105 513.6102088167054
136 401.68445475638055 572.5800464037123
138 153.49193198800185 648.1942775465053
139 341.16458703316465 180.45909457183546
141 616.2030162412993 124.66821345707656
142 728.5781811396123 473.83754613598376
143 518.800464037123 285.1322505800464
144 593.8808113730038 30.246023531522138
145 348.13771943505225 686.6368200633506
146 570.1798143851508 401.5127610208816
147 302.56148491879355 537.8561484918793
150 729.0136633270089 473.39124375673447
152 97.88863109048725 188.78422273781902
153 702.338747099768 226.40371229698377
154 478.81670533642693 215.92111368909514
155 177.60556844547568 300.5568445475638
156 529.4257540603248 405.87006960556846
157 313.8433874709977 432.40371229698377
158 492.9593967517402 482.78422273781905
159 446.2453611980566 547.9761881464261
160 531.8329078109616 443.9326018592802
161 446.65495383543544 518.0379947227968
162 85.81902552204184 240.64037122969836
163 208.2343387470998 356.8816705336427
164 326.50464037122975 550.15313225058
165 50.712774221365684 253.9828666969571
201 540.2470997679815 487.4756380510441
202 165.14942718905533 66.91908927075475
204 136.39392552972612 683.4171380350384
215 722.6388978270836 273.3601802819041
216 730.1147467551914 463.5603147612418
219 698.1774493352215 300.282992707464
229 732.1757218151691 270.5642435207057
231 579.0608651997163 668.8255057077789
233 504.16198559124155 486.4506993413496
237 611.7935034802784 518.4222737819025
243 405.42343387471004 410.24593967517404
244 609.6538714295696 324.73395740584
245 12.838747099768 264.40835266821347
246 320.6438515081207 85.36426914153132
