# pedestrianID x y
3 149.3625453696732 685.3025969395536
19 117.31686061947973 680.5480436262906
83 730.6678936668612 647.558751693168
86 163.1808195079241 671.8261725741387
91 577.5762281894519 674.2044304721816
93 577.2545587752973 675.2958617640553
94 578.3071270788743 684.637303473704
122 722.4109439936053 270.96475387880616
125 164.26421921818374 667.6112945883535
127 170.98142328295108 652.6580468610723
129 728.384973933867 642.8663064470456
131 580.6887764584742 689.8034214581016
148 176.4918977668753 666.0749481520256
149 138.80074503357548 689.1173811558491
173 50.36980429279611 274.6106659833294
175 126.51573288046691 687.2688524419648
178 129.77217854601804 692.2284402451062
179 188.3523111993227 642.6936339598825
180 127.62591596192593 664.7723985766926
181 728.5388387485527 294.87958347373024
182 618.8689112459684 9.26634577217695
184 720.9682771970726 482.26149294262075
185 457.49856719446166 81.55792321918736
245 457.4625906632227 506.8256114343288
246 446.5335943489336 486.9602241119632
247 460.3474702462903 508.58358181751845
248 464.5637355011111 518.8450057966235
249 284.48467195283166 522.2369331430092
251 667.597127234556 281.4720388107255
252 105.94518406747174 8.060314674900141
253 478.339061420467 538.8752669006304
254 476.09944110074997 534.5661570084089
255 107.30885562127442 46.73009174018863
256 458.06950772493883 100.5223341377284
257 590.4764819869202 686.3063093694881
258 152.33550032916023 648.8019741967983
259 130.369195873693 617.7930455230512
261 130.3932795023492 610.4706419998794
262 17.67782240541069 268.1009326570158
264 74.52386052533699 334.7832477129564
265 719.9431717609308 470.1037591103976
266 716.6876144109673 254.9754825967911
267 675.4888515347432 246.6506612859585
268 137.77323419660962 661.3420762638524
269 45.2092302889636 260.59592784717864
270 29.50876524298546 256.87226259309045
271 571.6703809252238 652.7579622230792
272 719.4007189519317 251.02358985180334
273 721.7068792576292 63.58413305151067
