# pedestrianID x y
1 721.7786648621609 640.788646217382
2 720.902231360126 638.4582795226542
3 324.4071925754061 473.45707656612524
4 273.58584686774947 530.5336426914153
7 129.62494805179364 637.7777025565067
11 136.22737819025525 639.4802784222737
12 134.58352668213462 621.1600928074246
13 604.4361948955917 178.9141531322506
15 735.1229698375871 237.05336426914153
16 562.7320185614849 600.5011600928074
17 604.4257540603248 174.04176334106728
18 208.35962877030167 114.50116009280742
19 65.17401392111373 89.4013921113689
30 284.65976051522773 9.145680703975062
37 679.2529002320186 650.0510440835267
80 19.885641856083808 284.35036695057386
83 679.3979118329466 605.6380510440835
86 369.0440835266822 448.19025522041767
87 167.1113689095128 365.22505800464035
90 349.46484763261253 141.1908293519318
91 574.0444692797365 337.370406880386
92 179.34454756380512 342.4593967517402
93 669.0765661252901 195.4570765661253
94 458.6194895591648 50.909512761020885
97 685.3317865429235 192.11136890951275
108 145.24018948863574 677.8386547586357
111 472.3900505416842 13.946236851842377
118 306.8417887337085 7.616697184103999
121 707.2785831561071 282.2027157070804
122 590.4114703504116 315.25872623340337
124 729.1522136879888 268.3502866615637
125 337.9164733178655 452.74245939675177
126 673.7811453750738 487.0963386462474
127 359.0440835266822 377.87935034802786
128 370.9883990719258 480.44547563805105
129 637.2830626450116 150.3062645011601
131 594.4790089889211 647.3872418465093
132 242.94043897904038 23.86404245009299
136 152.78093119057002 686.3853926403826
148 451.0672853828307 312.3201856148492
149 80.33178654292345 328.26450116009283
157 308.99608459500416 14.734456083154893
163 733.2262180974478 231.70765661252898
166 122.41108265716461 650.369791215014
171 198.17169373549888 84.0278422273782
172 363.77790028787365 461.2487407893931
173 265.21229698375873 405.87006960556846
174 234.72621809744783 247.87006960556843
175 160.6299303944316 367.32250580046406
176 366.2830626450116 175.661252900232
177 428.6252900232019 221.14153132250578
178 162.4373549883991 388.55220417633416
179 464.48349733489493 103.2857789479326
181 583.6988780797706 671.0353425876389
233 351.15366750939194 627.7822988584704
237 729.9647750638038 477.9936926640422
245 221.02101742430074 496.32449321543083
246 439.99017284133527 266.19632956428575
247 277.4821236761307 -839.3573739150958
248 180.36878944924888 -200.32253687983646
249 638.4213490992076 182.51766005938592
250 291.3538283062645 427.93503480278423
251 -224.15430485826022 -82.2420998312404
252 391.7053364269142 513.6102088167054
253 172.5509701942511 219.43580273224242
254 292.4989429065634 -236.08884162993178
255 417.08004640371234 560.0742459396752
256 163.47795823665896 639.4802784222737
257 275.62761020881675 30.951276102088165
