# pedestrianID x y
3 143.50942713481297 688.7394071866588
19 120.25813760633812 687.997662647252
86 154.38081758299205 678.237864530756
91 577.5534610955082 681.7821112595598
93 577.336079769087 683.4715877599747
94 577.9948788142776 690.7414689076604
122 726.8750521342523 269.48448800287156
125 155.56317670356373 674.7189073838626
127 161.66949219653247 662.2102991819766
129 732.6004758911951 647.1491319192476
131 579.9961002256563 691.9925901374037
148 162.08694656856326 675.6197829193561
173 40.93063706918788 274.68313868287794
175 125.985089168157 691.7563381670975
179 169.814373094286 659.7541396908034
180 126.62793312271587 678.1855059427229
181 731.9283078897619 285.7814189308276
184 729.0654807547803 479.1353670643806
185 459.216844358683 53.65211095322592
245 474.49923921212235 534.6099045234055
246 461.6863515607707 511.85819195506537
247 477.3889435907707 537.0134341270543
248 482.55073067097436 548.2805002693962
249 258.1493977138092 551.5212647051212
251 682.5053148097423 278.0651863855123
253 497.64500614650785 570.4842083925444
254 495.01191879018666 565.4425346739805
255 102.37602761642792 31.29797331110416
256 459.48193476497147 68.02639395269581
257 585.0217721229084 692.0819323629112
258 142.76598478814103 666.9341776514021
259 128.42263286794795 646.9006453415619
261 128.5432328556668 642.7506287677264
262 8.780790751476953 271.61298088890607
264 49.712651355961526 314.8840471123967
266 727.2117740732429 259.6179777810502
267 700.0912233589306 253.5928323440694
268 132.0533231594875 678.4067225907428
269 24.549276796402488 267.24060791309915
270 15.21220007280642 265.5720729843804
271 574.672524307219 677.1608164288124
272 731.3777966196669 259.06841193465584
