# pedestrianID x y
1 700.8646676467152 624.7904268876213
2 699.0704139630019 620.2759464845053
3 378.3201856148492 412.4408352668213
4 381.59396751740144 416.8445475638051
5 603.9965197215778 575.0951276102088
6 731.3898141349018 256.83631539089606
7 259.8503480278423 530.5336426914153
9 715.3600993908457 252.94127024521055
11 191.60556844547568 395.01160092807424
12 189.66937354988403 384.2691415313225
13 385.0649651972158 41.35034802784222
14 518.3283062645012 161.25290023201856
15 515.6867749419954 147.22041763341068
16 574.3329466357309 642.1160092807426
17 386.6252900232019 30.951276102088165
30 290.90614085864746 17.120021447547586
36 659.9083526682134 290.88167053364265
37 661.6832946635732 482.78422273781905
38 628.7169373549884 185.4756380510441
69 518.278921545808 688.7671127562664
72 731.4590886309512 266.26606658160995
80 36.385167615852524 292.04549366376835
83 660.6368909512761 450.4640371229698
86 382.88540054379354 381.2229084251451
87 213.88283062645016 161.25290023201856
90 475.98375870069606 324.2505800464037
91 450.7633410672854 222.89095127610207
92 227.02900232018567 142.62645011600927
93 409.9547563805105 19.837587006960558
97 666.9663573085847 338.3805104408353
108 157.68264532893156 664.2757575607495
111 479.46719499778465 23.839817159984015
114 273.41796097350147 11.284273588314706
118 333.3184432763576 13.990199964821674
120 208.32482598607893 597.9396751740139
121 675.6461716937356 318.26450116009283
122 430.11129526489617 200.46109420296148
124 711.7904484711952 273.699227122599
125 472.477958236659 258.8538283062645
126 599.913832766484 500.08725287584167
127 468.97563805104414 238.8445475638051
128 437.3015620310677 224.32915488871637
129 407.47679814385157 7.11368909512761
131 603.1782842958298 621.3103396327404
132 381.8350622157249 121.83207487813677
136 165.14067208067476 680.607801641458
141 635.7807004430564 7.988866278239052
148 442.377030162413 77.41531322505801
149 28.01147084645068 250.37657333452896
157 323.3885002812295 21.795176249744323
159 167.38283062645016 10.232018561484919
163 324.14736007698843 226.05987480898202
166 120.22633337987858 608.3243373509572
168 385.0107797090202 106.52345389205917
171 253.06728538283068 296.67285382830624
172 390.00464037122975 513.6102088167054
173 277.9627128117548 467.7982987776021
174 236.8838469822126 357.47587586570904
175 190.07076566125295 164.42227378190256
176 530.4039447028972 368.2018934196923
177 547.1274508791181 575.8814610434838
178 261.8886440910955 45.650437553013
202 102.42133134560497 9.112996855340242
219 730.3240771077457 272.9692381307335
233 397.8889947264677 583.7447793701951
237 723.7619135203864 479.8561930873208
245 252.82686681663907 467.68085855787746
246 431.8254237227549 277.5615945520273
247 291.4887422751057 -651.2922534442271
248 305.5320929874593 183.17064136259714
249 559.8679718378339 235.4180530225729
250 244.72853828306268 448.19025522041767
251 218.3997094543868 278.02116007943675
252 696.4693399015708 583.4064567538951
253 222.9575363625387 257.00601323262066
254 337.61484992773387 124.19799144372261
