# pedestrianID x y
28 701.6600928074247 200.51044083526682
29 729.15313225058 205.60556844547563
39 129.49071925754063 121.7401392111369
49 228.07664442436953 653.8682273449681
57 598.6516412038932 692.1647470373525
58 20.70634770615003 234.51040448090163
60 228.77494199535965 532.969837587007
62 736.0220417633411 310.34802784222734
65 725.6856148491879 290.88167053364265
67 584.0939675174014 104.5614849187935
69 428.6438515081207 310.34802784222734
70 529.9385150812066 161.25290023201856
72 459.9373549883991 277.53132250580046
73 385.3491879350348 540.3062645011601
75 625.0155212192442 508.2454471509993
76 708.2320185614849 219.39675174013922
77 605.4883990719259 358.96055684454757
78 116.83642691415318 575.0951276102088
79 252.01508120649657 115.93967517401393
80 253.97563805104414 101.76334106728538
81 362.37935034802786 54.5707656612529
96 675.1901126025402 295.8103166053577
100 620.2958045122535 82.19615500147005
103 174.33410672853833 94.8491879350348
106 585.7424593967518 94.8491879350348
107 183.7053364269142 332.2969837587007
108 300.0300545637766 -75.84183559066045
109 677.5429234338746 344.5058004640371
110 635.3120649651972 419.0533642691415
111 470.5348027842228 405.87006960556846
112 461.78422273781905 373.6426914153132
113 62.55230438668815 271.39110641159044
114 165.2714617169374 485.1276102088167
115 277.0452436194896 423.4849187935035
116 312.16589327146175 570.0696055684455
117 447.50464037122975 346.5568445475638
119 749.4131396672047 417.38385292582416
120 262.8236658932715 117.38283062645012
131 357.47563805104414 373.6426914153132
133 128.51043165899517 680.8414833446473
134 499.0452436194896 516.0139211136891
135 731.3958705144149 294.1662264293772
136 495.83062645011603 518.4222737819025
138 162.32184369721497 632.0040854920676
139 333.6943549296958 175.8869809150665
141 556.5721676822237 201.56566081362533
142 721.9317858937072 473.16998666248645
143 318.79839203617456 357.1110218773402
144 583.2099767981439 101.76334106728538
145 384.70518536781657 432.0202132258901
146 516.7946635730859 487.4756380510441
147 200.16145722088254 630.8613888266527
150 725.1011020547509 472.812651088192
152 23.755170739845987 387.0693983453199
153 685.8039443155453 294.73781902552207
154 474.1160092807425 304.45939675174014
155 165.9837587006961 373.6426914153132
156 460.046403712297 439.1415313225058
157 403.01982103133355 472.5394597484464
158 346.91166383783644 459.2870135845065
159 485.59860788863114 518.4222737819025
160 503.82250580046406 473.45707656612524
161 397.71693735498843 552.6264501160093
162 92.58816705336426 342.4593967517402
163 207.21441682957507 235.75902632907153
164 180.2970600048469 660.0449482632542
201 523.9651534885942 387.6252504010972
202 182.49855193229186 82.50513948929891
204 139.37453651627405 679.2245787228584
206 136.79647225547947 692.2011242528815
215 718.8378018307309 275.2066629961978
216 728.0875755188218 461.22854095558665
219 691.2903959278059 305.89071097287456
225 566.1400864737197 690.7553216262924
226 731.4210532459604 248.86819084658504
229 729.8806555045556 272.2389695452577
231 579.5035604898102 659.8748053969007
233 510.87737816692817 480.2701273084096
237 550.245939675174 582.6682134570766
243 403.19897446754277 299.1346789679314
244 577.7575406032483 358.96055684454757
246 310.0898514176944 49.24586406658762
