# pedestrianID x y
3 155.46644895410603 681.6527635262087
19 113.58627585756494 671.546547234302
83 728.3968303436385 645.6902860472563
86 171.97967121343066 665.2045534972084
91 577.6003613339382 665.4685520873458
93 577.1609469356744 665.8224171932881
94 578.7179004018311 677.0884392286488
95 731.7820608947229 482.1289869268137
122 717.7902795588124 272.5482473996634
125 172.99391037552758 660.3144860044989
127 180.1787791340387 643.642841605087
129 723.3830164004764 637.675173347917
131 581.3939784687652 687.6893836115617
148 192.35357485683565 655.2310668040383
149 146.66722378347444 683.3513327712197
173 59.89170684011934 274.53920983916714
175 127.1236662292341 682.1773070664547
178 131.455563061953 689.5442849162143
179 208.82742174135572 624.0258246088624
180 128.79861292643426 648.3925548528755
181 724.6263035016169 305.2860531149497
182 607.5393379984565 12.79593086086147
184 710.229091472378 486.4251718410101
185 455.43965013142844 114.1487889641934
245 440.44327616601095 480.59635997104147
246 431.6570866671571 464.04442484366353
247 443.3630580081498 481.45336880703087
248 447.1174786637138 490.12614720458305
249 310.7159988746835 492.5444889784162
251 651.9709615771088 284.77531130327253
252 110.42766624012111 10.824680709934592
253 458.4711779252038 507.0360731002562
254 455.72117922817824 502.66281700029595
255 113.180916219652 65.08385226041973
256 456.42774846274375 138.30154134905052
257 597.7078166972906 678.6489313244863
258 163.82076648037003 627.5291371229305
259 132.77259510157802 579.62550002337
260 728.8347780111316 474.82791255090234
261 132.7818495213622 568.4764299120224
262 32.11918920488115 262.60385782834675
264 104.3055646784621 359.2642384817305
265 691.8855946329755 463.43991117888794
266 700.587452522136 248.25563859938896
267 642.4649704488131 237.69520313207764
268 145.5731842687469 637.6697152355674
269 76.31405616340237 250.53781832833224
270 51.33806474501889 243.49170136684566
271 566.809478747986 612.4768814258439
272 696.741226810427 236.2742802922422
273 699.859284241502 61.897333112869205
