# pedestrianID x y
20 134.3132250580047 222.89095127610207
21 384.7761020881671 57.03480278422274
22 281.1264501160093 9.187935034802784
40 564.0220417633411 180.5475638051044
41 477.3793503480279 98.98375870069606
42 485.5255220417634 85.36426914153132
43 467.11832946635735 73.50348027842227
44 451.47447795823666 54.5707656612529
45 383.8538283062645 39.00696055684455
46 301.6206496519722 37.84222737819026
47 302.8143851508121 60.76566125290023
48 384.20750339187174 27.389575098515547
49 313.89246561678857 46.42314174145736
133 232.11368909512765 258.8538283062645
134 -79.83050431130157 828.8802653324582
150 -205.90885694396727 689.4722272782157
151 131.89559164733186 537.8561484918793
187 677.3027842227378 427.93503480278423
188 59.80974477958239 233.48491879350348
189 676.1264501160093 414.6403712296984
190 506.8874709976799 615.9675174013921
191 726.0266821345708 264.40835266821347
192 670.1612529002321 401.5127610208816
194 721.3758700696055 258.8538283062645
195 -349.9913745877242 954.9720177956688
196 720.0058004640372 246.05568445475637
197 665.508120649652 608.2134570765661
198 240.51668392436855 463.1682597787703
199 663.3619489559165 399.34106728538285
200 683.8596287703017 257.01160092807424
201 518.0730858468678 249.6890951276102
203 76.21345707656616 209.02552204176334
204 217.69545836165904 66.55090657453802
205 89.6252900232019 487.4756380510441
206 188.34802784222742 308.3805104408353
207 542.431554524362 448.19025522041767
208 414.6879350348028 217.65661252900233
209 279.8723897911833 504.0417633410673
210 570.9733178654293 193.78190255220417
211 659.9570765661254 375.75870069605566
213 667.7215777262181 634.2227378190255
214 185.66125290023206 434.64501160092806
215 295.66589327146175 537.8561484918793
216 416.100928074246 242.44083526682135
217 338.01242258885554 504.39221483302515
218 208.51624129930397 595.3828306264501
219 245.28422273781905 464.20417633410676
220 153.9327146171694 416.8445475638051
221 218.10440835266826 382.13457076566124
222 367.8781902552205 511.2111368909513
223 157.13573085846872 392.8538283062645
224 406.4628770301625 167.61020881670532
225 151.6422866230924 77.15315554696852
226 315.292343387471 439.1415313225058
227 168.7714617169374 468.8213457076566
228 417.4373549883991 473.45707656612524
229 296.77934635336163 587.0462435334621
232 410.6171909016157 216.59751712256252
233 226.68901824937967 559.0075025021763
