# pedestrianID x y
3 191.684893481744 659.9207766900862
7 126.16891840574046 684.4715484411843
11 125.76538267205476 691.435430993047
14 730.627003992834 253.9948092792018
16 383.30905452705736 183.2727791086684
19 130.88863109048728 518.4222737819025
83 715.3786449499821 635.0915545776058
86 224.31943415313168 626.9185534068017
91 577.7790970417517 603.0334152749341
92 67.19489559164737 666.046403712297
93 553.0986078886311 482.78422273781905
94 556.1229698375871 508.8167053364269
95 681.9802784222738 501.66125290023206
108 133.17177480115384 691.1423165849772
121 727.6718151622913 271.3649711353368
122 687.5783970680603 282.6563140081578
125 225.04016356783652 618.5266550274877
126 723.4090845872005 478.03275190905106
127 230.51720410117048 593.1628103685462
128 153.27748235896638 685.8913794993647
129 699.9837587006962 542.7610208816706
130 571.852641204008 308.50176891095157
131 585.1249145741302 676.0616757639448
148 364.838747099768 580.1392111368909
149 199.4269141531323 597.9396751740139
166 124.18473352973811 684.2882522980735
173 109.78550767749813 274.1570276136891
175 132.0802443974707 640.9416690710369
178 143.31711727709686 670.8384777510058
179 376.7128679900979 426.9660418699929
180 142.44315545243623 480.44547563805105
181 641.4605855230228 312.9155040948809
182 545.201856148492 172.42691415313226
183 347.1171693735499 124.66821345707656
184 610.4060324825987 443.6566125290023
185 455.6206496519722 397.17401392111367
186 557.953596287703 114.50116009280742
233 98.8216569040051 862.8769451461412
245 125.10650135581103 582.55216136838
246 460.4381570528004 238.3682293309025
247 251.61440689063411 -1186.0911224168044
248 31.002382050808443 -648.1003441153939
249 847.3230688524004 41.19229576859098
250 150.25174013921117 37.84222737819026
251 463.6635730858469 377.87935034802786
252 159.70185614849194 161.25290023201856
253 30.968785776141132 113.84725077341099
254 228.82953758530786 -756.5513321797171
255 163.46055684454763 214.1902552204176
256 415.92247022477227 445.8714087266173
257 509.20775372362465 412.6139855495817
258 373.3909512761021 401.5127610208816
259 150.74709976798147 285.1322505800464
260 643.4245939675175 628.9837587006961
261 150.2250580046404 247.87006960556843
262 264.977958236659 130.58004640371232
263 665.3793503480279 77.41531322505801
264 474.0515171800882 493.7024373346896
265 450.43039443155453 530.5336426914153
266 518.2436194895593 100.37122969837587
267 277.00348027842233 177.28538283062645
268 309.262180974478 162.83526682134573
269 428.5116009280743 77.41531322505801
270 321.81322505800466 85.36426914153132
271 392.5719257540604 11.280742459396752
