# pedestrianID x y
20 360.84106728538285 145.6844547563805
21 528.0522041763342 151.85614849187934
22 488.6577726218098 161.25290023201856
23 459.8967517401393 101.76334106728538
24 587.0417633410673 81.36890951276102
25 383.1160092807425 25.33642691415313
40 663.701856148492 271.8793503480278
41 625.7668213457077 193.78190255220417
42 610.4048723897912 145.6844547563805
43 609.9199535962878 161.25290023201856
44 584.5313225058005 162.83526682134573
45 529.631090487239 141.1044083526682
46 445.60324825986083 169.21113689095125
47 422.7748459008532 180.78828612163795
48 518.0754060324826 121.7401392111369
49 443.939675174014 178.9141531322506
50 483.800464037123 138.0742459396752
51 694.9651972157774 623.7633410672854
52 455.91531322505807 90.75638051044085
53 443.3480278422274 159.6751740139211
54 410.61252900232023 58.27378190255221
55 449.6832946635731 64.53828306264502
56 380.20881670533646 10.232018561484919
99 467.08290708590295 107.09113179357837
101 560.762180974478 615.9675174013921
102 735.0207256520582 263.11823487102964
133 194.85034802784227 380.00464037122964
134 400.39327146171695 520.8352668213457
135 562.1264501160093 647.401392111369
136 287.05684454756386 17.670533642691414
137 529.7668155487123 663.5395307020196
139 548.387625985378 683.10342008256
150 314.8909512761021 608.2134570765661
151 262.20411742663373 1115.4087041395605
187 682.7192575406033 552.6264501160093
189 683.5777262180975 547.6844547563805
190 525.6231214850588 667.8488350896951
192 676.1960556844548 525.675174013921
195 398.09396751740144 496.91415313225053
197 623.6089864405279 682.8485379465868
198 390.3584686774942 450.4640371229698
199 670.631090487239 523.2529002320186
201 441.7911832946636 352.737819025522
204 158.8515081206497 288.96055684454757
205 75.54640371229704 605.6380510440835
206 239.82134570765663 448.19025522041767
207 568.1821345707657 585.2018561484919
208 306.70881670533646 214.1902552204176
209 438.75058004640374 501.66125290023206
210 701.8556487058156 269.1730332211601
214 199.12761020881675 537.8561484918793
215 404.215777262181 475.7819025522042
216 406.6766383860718 239.9472489845162
217 452.45591647331787 397.17401392111367
218 349.20417633410676 508.8167053364269
219 289.42923433874716 475.7819025522042
220 176.06264501160098 562.5661252900231
221 228.78422273781908 508.8167053364269
222 557.0556844547564 434.64501160092806
223 175.23549883990722 535.4106728538284
224 612.9373549883991 270.0046403712297
225 261.48607888631096 441.3967517401392
226 402.06828883467284 412.45410805996426
227 189.18329466357312 592.830626450116
228 350.7436194895592 575.0951276102088
229 461.6925754060325 464.20417633410676
230 454.5962877030163 430.1670533642691
231 427.12296983758705 166.0139211136891
232 211.39675174013925 185.4756380510441
233 264.6755833962645 505.56409597032246
234 275.18734889594936 55.32147220115795
235 641.6420236622263 465.9216061087698
