# pedestrianID x y
1 637.4118329466357 575.0951276102088
2 631.3201856148492 557.5870069605569
3 464.83178654292345 268.13457076566124
4 507.9423261875974 298.59513768536743
5 546.447795823666 344.5058004640371
6 694.0054207557658 220.4446582840637
7 512.3016241299304 258.8538283062645
9 560.5116009280744 170.81670533642693
10 642.0754060324825 145.6844547563805
11 344.0533642691416 84.0278422273782
12 342.0127610208817 69.63341067285383
30 249.66241299303948 133.56380510440835
34 534.931554524362 136.56612529002322
35 536.3109048723898 126.13921113689095
36 564.7575406032483 183.82830626450115
37 600.8480278422275 235.26682134570765
49 143.38836987779814 691.8662214592212
69 473.5301161344297 680.6265364190167
72 723.5986414014972 267.4894722738707
79 155.44895591647335 647.401392111369
80 77.8408811863595 311.76929797544284
83 592.0777262180975 221.14153132250578
84 314.99883990719263 7.11368909512761
86 457.5823665893272 251.5127610208817
89 620.092807424594 156.5336426914153
90 779.5108793460079 1222.3442822388467
91 233.04640371229704 60.76566125290023
96 731.7078496721919 269.0159510265503
97 492.3051044083527 455.02552204176334
100 643.5494064331195 11.778121090064822
108 183.4376683549731 636.2068465666902
111 495.75228144348824 46.21053199783063
112 280.48839907192576 19.837587006960558
114 267.9540162850794 25.791861865423837
118 490.79814385150814 308.3805104408353
120 244.49419953596293 557.5870069605569
121 265.980946090849 80.06011876242725
122 263.056570526948 370.52748433548135
123 407.3863109048724 161.25290023201856
124 642.3445902944851 294.66201231677286
125 502.987943592013 133.67487620190136
126 468.7053364269142 344.5058004640371
127 536.2665341194804 154.55689706822312
131 620.9985841398588 565.9620664065196
132 567.8054265031362 601.3971092997344
136 188.05587806760008 669.6767448065648
138 129.35442818377072 692.3781842322314
141 628.2718360792013 12.951294330543572
146 731.8493399042361 266.0949466358263
147 445.401392111369 209.02552204176334
156 688.3955916473319 197.13689095127611
157 351.9114073003206 35.203895257409215
159 360.97679814385157 166.0139211136891
161 551.407192575406 57.03480278422274
163 438.66125290023206 226.40371229698377
166 113.4211136890952 496.91415313225053
167 249.43619489559168 166.0139211136891
168 409.54292343387476 175.661252900232
169 80.9118329466358 29.819025522041763
170 308.72424366714523 934.9167556909304
171 375.2969837587007 425.70765661252904
172 404.9111477456735 547.0297046277564
173 437.1397939290992 497.4381625991152
174 417.5272729876127 544.0746960051545
202 109.93277045630089 15.860394886846374
219 725.453704016972 277.0692432194272
233 438.6542715425863 546.3022541039794
237 711.3376344131075 483.7230377050708
243 291.64269141531327 14.454756380510442
245 -378.96408388993495 156.15554488461228
246 423.1262273913967 289.27807081959304
247 310.73002379837556 -388.3812756465418
248 324.5972100793661 189.4415850091723
249 510.37122969837594 255.1740139211137
250 258.28422273781905 496.91415313225053
251 -201.84439982158344 404.1388784612058
253 353.42459396751747 70.91879350348029
