# pedestrianID x y
3 148.6202416872149 685.7381463359716
19 117.70882583290945 681.5108678182743
83 730.973076792072 647.7822097567853
86 162.09362349174378 672.5786408393006
91 577.5733340886478 675.1916771991852
93 577.2654569437299 676.31120174391
94 578.2652940183976 685.3766874373497
122 722.9465797741746 270.77524400156483
125 163.16295932087115 668.5411322303207
127 169.81632603620903 653.7774455904433
129 728.991049373242 643.4444811230011
131 580.6052721410551 690.0677665710474
148 174.79694798350675 667.1763963486779
149 137.96245708842997 689.7217732574106
173 49.24418906033302 274.6197506075047
175 126.45246381768067 687.8307273463118
178 129.58182204742613 692.5117570354606
179 186.081758889663 645.0686701567475
180 127.50638544052144 666.768855091878
181 728.9327511665397 293.74789704712606
182 620.0971059985378 8.861640623180644
184 722.0781596658233 481.8272586427143
185 457.7212160237936 77.83652544734673
245 459.27135911426325 510.07491638121115
246 448.1539392393082 489.83963562823766
247 462.19955981998805 511.80974660270465
248 466.90931858595974 522.1332855012041
249 281.18013038037884 525.902748213786
251 669.3331236531855 281.08855444944635
252 105.41615837681837 7.744671542631076
253 480.6561133167809 542.6328241114901
254 478.585375804308 538.0641569127127
255 106.65280034414509 44.85090281367707
256 458.2583302896383 96.29766817833656
257 589.7240454962177 687.115149924107
258 151.08386286717584 651.0100386743316
259 130.1275161810894 621.7240305414279
261 130.14690442070173 615.0785718970056
262 16.541583695507317 268.6048310537402
264 71.40354527873272 332.07049743803344
265 722.0191665891364 470.61115564604466
266 718.0808229373162 255.56992084633833
267 678.8078668882567 247.59115030760748
268 137.08601228284354 663.7324658051123
269 42.30766372885386 261.61099939034744
270 27.384801344555378 258.12969838942377
271 572.0938824375664 656.5167911202152
272 721.3347790272566 252.3251781832497
273 723.5671475105784 63.71553311559034
