# pedestrianID x y
40 431.1264501160093 80.04640371229698
41 362.9535962877031 18.751740139211137
42 380.3843960768639 11.789270772173275
133 350.8268016350761 148.72230591492558
150 119.87703016241304 639.4802784222737
151 101.03132250580049 615.9675174013921
187 692.6055684454757 320.2552204176334
188 189.7482598607889 180.5475638051044
189 687.8967517401393 302.5058004640371
190 521.7204176334108 540.3062645011601
191 623.1461716937356 198.82134570765663
192 685.9002320185615 300.5568445475638
193 682.2819025522042 187.12761020881672
194 616.8364269141532 190.44547563805105
195 -0.5015990703131123 734.604806997486
196 617.1287703016242 177.28538283062645
197 707.0719257540604 508.8167053364269
198 259.88515081206504 414.6403712296984
199 678.9837587006962 296.67285382830624
200 547.8167053364269 138.0742459396752
201 531.5452436194896 162.83526682134573
203 196.82830626450118 162.83526682134573
204 201.92923433874714 148.76102088167053
205 81.5069605568446 375.75870069605566
206 155.6914153132251 192.11136890951275
207 496.1496519721578 330.27842227378187
208 423.7575406032483 302.5058004640371
209 212.72737819025525 540.3062645011601
210 433.82946635730866 93.48027842227378
211 574.4396751740139 455.02552204176334
212 640.3955916473319 371.53132250580046
213 709.2088167053364 528.1020881670534
214 181.82250580046409 358.96055684454757
215 220.52853911036638 552.4276126331034
216 432.2111368909513 320.2552204176334
217 236.8944315545244 540.3062645011601
218 134.54988399071928 655.3642691415314
219 263.47447795823666 358.96055684454757
220 149.44315545243623 292.80742459396754
221 202.39791183294668 279.4245939675174
222 305.7447795823666 547.6844547563805
223 151.91879350348032 270.0046403712297
224 286.4605568445476 88.05104408352668
225 128.66496812229144 212.0888936249863
226 231.54593349904607 361.8921504108194
227 60.92506514085859 333.22571116634737
228 547.4719647421124 656.9839841422291
232 565.2160901193843 239.5747879292685
233 197.6890568646239 598.8766847941912
