# pedestrianID x y
3 164.14214635223823 676.56359209256
19 107.29050813443702 656.0223275149937
83 725.142824573722 643.0993531455381
86 184.34186210466842 655.7527209492866
91 577.6393346155118 652.0200768965586
92 93.32924865427589 692.1599768858671
93 577.0141446221285 650.5677620650723
94 579.4190927930154 664.2119807622432
95 721.8446678690656 490.4502627686718
122 710.7504393741219 274.8932485830598
125 185.94252658990814 650.1623735976156
126 732.5823829326511 476.36577326319747
127 192.8784041958179 631.2335821203147
129 715.6486462322412 629.3239346031415
131 582.3379646813421 684.7401761414953
148 216.8037062055688 638.8973191534899
149 160.79526264366982 672.4105456962908
166 124.57222470981742 691.8007813218046
173 72.5600756333773 274.44028786090115
175 128.09469897786838 673.986587857404
178 133.96153784166236 685.5280848245282
179 240.96743207921142 593.8430626669519
180 130.80898458115635 619.4686614184449
181 718.5349267972936 321.8879715602613
182 589.0129545895342 18.455680394650024
184 690.5159218778465 494.1239010170013
185 451.8541128884699 172.70501813449323
245 417.161533295429 442.1822828921272
246 412.557187878847 433.29931117192797
247 419.90128818939274 443.9668934271866
248 422.2361144051655 447.9622345288076
249 349.7719427096835 449.1397986707053
251 630.3438714104528 289.5312216461145
252 117.21854188248463 15.070347954954773
253 427.3556229521347 459.3385323317716
254 426.2439987239292 455.7535255744698
255 122.72824061344225 93.26980825534108
256 453.5634035209348 202.75645634384242
257 610.6345912081583 665.5865872793793
258 183.4692571445997 589.5397523162698
259 137.14245049123178 510.73740614863834
260 705.1170167552558 474.45949405635037
261 137.05790726456726 492.52186261732027
262 63.953918485525435 250.2522168469691
264 159.59807364928218 401.2077031965304
265 610.3421752877885 444.4658990650119
266 666.400690184382 233.71476173278384
267 579.2348410113366 219.56719646651507
268 160.98017013266318 589.4322613325459
269 149.38458046432928 226.01541644526128
270 99.42172496373965 214.2690944307951
271 554.0408671495414 508.9073208885642
272 635.2172105391285 194.2415681860194
273 634.9495731327125 56.84778673014443
