# pedestrianID x y
20 187.0220417633411 203.90255220417635
21 413.7250580046404 80.04640371229698
22 323.99535962877036 43.712296983758705
23 327.9025522041764 12.334106728538282
40 598.245939675174 185.4756380510441
41 511.9269141531323 121.7401392111369
42 519.8271461716938 107.37819025522042
43 497.72737819025525 93.48027842227378
44 483.7146171693736 76.10672853828305
45 414.3399071925754 62.01856148491879
46 330.84686774941997 63.27610208816705
47 334.51392111368915 90.75638051044085
48 412.13689095127614 50.909512761020885
49 344.20765661252904 74.80278422273781
50 320.9060324825987 24.22737819025522
133 218.76218097447799 275.6426914153132
134 -347.6751572177796 1007.6411177369624
150 -285.9933444114575 701.1420329267308
151 135.50116009280748 508.8167053364269
187 678.3851508120649 457.3132250580046
188 25.20649651972161 251.5127610208817
189 675.6496519721578 443.6566125290023
190 502.8236658932715 634.2227378190255
192 670.8433874709978 427.93503480278423
195 282.6357308584687 562.5661252900231
197 661.2552204176334 639.4802784222737
198 298.4002320185615 506.42691415313226
199 665.9988399071926 427.93503480278423
200 726.7529002320186 275.6426914153132
201 501.38515081206504 273.7587006960557
203 43.31206496519724 228.16705336426915
204 286.91645321066306 -127.29796557298069
205 88.61832946635735 516.0139211136891
206 197.36890951276106 344.5058004640371
207 552.8236658932715 480.44547563805105
208 411.2761020881671 205.60556844547563
209 307.8472483720447 490.77435797325535
210 614.5487238979119 217.65661252900233
211 682.5730858468678 352.737819025522
213 661.0986078886311 663.368909512761
214 186.28886310904875 459.6055684454757
215 321.84106728538285 520.8352668213457
216 412.63744657045123 235.45358425678265
217 338.96876797404633 513.544501171062
218 234.66937354988403 575.0951276102088
219 236.87703016241304 489.8283062645012
220 157.75522041763347 450.4640371229698
221 221.46287703016245 414.6403712296984
222 411.64733178654296 499.2853828306265
223 160.5510440835267 427.93503480278423
224 462.1241299303945 200.51044083526682
225 120.8660847957104 -45.01238683488109
226 333.3712296983759 425.70765661252904
227 173.56264501160098 501.66125290023206
228 407.81570032481955 489.98470450635796
229 351.7312933638684 545.9307930378995
230 191.75137057462817 650.73604275639
232 366.91031608653907 209.91174495950193
233 235.48736267899983 546.3461621262821
