# pedestrianID x y
3 155.04073651775272 681.9014567112771
19 113.84275737901794 672.1016281229446
83 728.5279756834167 645.8019345528016
86 171.4478631205118 665.6197028315468
91 577.5986653116879 666.0576746985273
93 577.1678113845974 666.3832730542817
94 578.6923086587607 677.6800373384882
95 732.1312313212492 481.8370013307015
122 718.0513554689493 272.4455774787514
125 172.38213779924965 660.7707512515143
127 179.64885506562896 644.1526749280339
129 723.7309934907174 638.0362525647574
131 581.3578164735757 687.819103249811
148 191.24820267732753 655.9286414531153
149 146.10774557622094 683.7084820735893
173 59.34649701115156 274.5434313972272
175 127.0877014007815 682.5567065998401
178 131.3377721099775 689.7323438383004
179 207.5227884842034 625.1509503639642
180 128.71433501474374 649.5572733958745
181 724.8977680533937 304.64443863208834
182 608.3976768187883 12.554647092559463
184 710.960274215294 486.1682650285767
185 455.59850525081663 111.87997195733368
245 441.4377603706753 481.99451750224705
246 432.6464729143954 465.6190952220273
247 444.4589779961572 483.05284362502795
248 448.15819159373615 491.94192180037965
249 309.19474120272935 494.40514228110317
251 653.0282008465844 284.5462809645161
252 110.1689250134763 10.659001889565129
253 459.7301097698835 509.17638716205926
254 456.9267825120884 504.6553175985118
255 112.75919825031524 63.87939903537786
256 456.5407294272259 135.82715826609822
257 597.2448359993638 679.1160473025179
258 163.13390324233748 628.8011742602112
259 132.61037879851708 582.592952383777
260 729.4738981686087 474.8372495134113
261 132.6010461621459 571.2118397878443
262 30.96994203226876 262.9950593654098
264 102.38808382611758 357.6503868094971
265 694.4280584743932 463.98819872916874
266 701.7701113497479 248.7382071926776
267 644.7537646456078 238.3923861848056
268 145.0193589147973 639.4080776898996
269 73.86758581454232 251.23669866683434
270 49.93071556118201 244.5670396330893
271 567.1759413397784 615.1489266583111
272 698.354267166639 237.5421900272656
273 701.5719728979739 62.04126828544816
