# pedestrianID x y
0 677.8596287703017 130.58004640371232
1 297.41995359628777 36.682134570765655
2 300.6531322505801 26.450116009280745
49 190.94048576747542 670.4159436485008
58 7.848249136511785 259.82735708438463
60 231.2436194895592 693.07656612529
67 614.8056561390606 29.783098565616715
69 359.32250580046406 485.1276102088167
70 592.9976856754542 129.73390858781775
72 529.7575406032483 180.5475638051044
73 554.3805104408352 439.1415313225058
75 705.1624129930394 369.42459396751735
77 700.9271425483538 294.16031919184525
78 196.78770301624132 436.8909512761021
79 219.5348027842228 257.01160092807424
80 221.52900232018567 240.64037122969836
81 523.5916473317866 175.661252900232
82 525.1809744779582 126.13921113689095
83 521.7645011600929 121.7401392111369
96 702.0057349224079 283.2012027375204
98 692.7273781902552 621.1600928074246
100 631.236084203364 49.092324659280884
108 392.59860788863114 408.0556844547564
109 655.34686774942 133.56380510440835
111 547.8016241299305 275.6426914153132
112 520.2946635730859 255.1740139211137
113 692.6693735498841 151.85614849187934
114 165.84802784222742 290.88167053364265
115 302.2466883435885 391.2689078070492
116 471.4408352668214 461.9025522041763
117 462.66009280742463 139.58700696055683
118 571.4048723897912 631.6009280742459
119 576.8584686774942 53.34570765661253
120 314.139211136891 169.21113689095125
121 89.33294663573088 210.74245939675174
123 144.95381405314518 667.2969706714863
131 359.6399553269777 378.8386851535583
132 281.3654537794009 564.2873170156771
133 127.10091229631706 688.5445613597616
134 612.7679814385151 448.19025522041767
136 298.7911832946636 608.2134570765661
138 146.31139004041967 661.6821927114794
139 349.8656888622079 186.05135277541552
141 596.254060324826 54.5707656612529
143 535.3457076566126 182.18561484918794
144 605.9953879514736 23.216748982258725
145 431.3445475638051 154.96983758700696
146 616.7993039443156 330.27842227378187
147 395.89791183294665 475.7819025522042
150 732.1253526642051 473.835912270615
152 96.12645011600932 133.56380510440835
153 706.5255220417635 133.56380510440835
154 435.47563805104414 172.42691415313226
155 218.73085846867752 209.02552204176334
156 572.3700696055685 384.2691415313225
157 423.3874709976799 352.737819025522
158 602.1125290023202 432.40371229698377
159 442.9198572126315 560.7585204828864
160 617.1763341067285 425.70765661252904
161 411.4918793503481 494.54756380510446
162 77.1914153132251 130.58004640371232
163 221.969837587007 466.5104408352668
164 330.2784222737819 528.1020881670534
165 102.19373549883994 294.73781902552207
166 142.05684454756386 88.05104408352668
201 579.0788863109049 572.5800464037123
202 150.76770680077811 53.31999713500146
204 133.85167012575192 687.1468067751848
215 725.81518150312 271.78712120673595
216 731.9105566855694 465.59670857902955
219 704.4549185349443 295.23598272276996
231 578.6820241854672 676.4109641713721
233 496.33426782088793 493.53977549375685
237 635.2673967431679 506.79604474230354
243 408.377030162413 450.4640371229698
244 696.3538283062646 346.5568445475638
245 79.31090487238981 244.24593967517401
246 330.79930394431557 133.56380510440835
