# pedestrianID x y
27 642.6809744779583 136.56612529002322
28 567.5730858468678 132.06960556844547
29 526.461716937355 94.8491879350348
39 100.008120649652 228.16705336426915
49 256.2775133551575 641.1651048461339
57 606.7631749502326 689.0429948371117
58 33.27663212462584 208.56166760454883
60 196.0777262180975 427.93503480278423
62 633.7598607888631 346.5568445475638
64 728.548085601616 413.9120323054815
65 631.6426914153133 336.3480278422274
67 571.5533642691416 228.16705336426915
69 416.469837587007 224.6450116009281
70 424.2900232018562 132.06960556844547
72 448.06612529002325 354.8074245939675
73 283.25522041763344 592.830626450116
74 639.3074245939677 130.58004640371232
75 612.5174013921114 547.6844547563805
76 576.0684454756381 154.96983758700696
77 494.5046403712297 174.04176334106728
78 84.32598607888633 647.401392111369
79 269.901392111369 40.17633410672854
80 267.85498839907194 26.450116009280745
96 591.6229698375871 358.96055684454757
100 593.4141531322506 118.830626450116
103 135.88167053364273 185.4756380510441
106 574.1055684454757 214.1902552204176
107 243.36426476924441 418.78419752191456
108 390.4302852093419 121.07153582660446
109 361.6559181856262 1047.9305582669729
110 549.1299303944315 386.40835266821347
111 412.61368909512765 478.11136890951275
112 444.1206496519722 416.8445475638051
113 409.06148491879355 167.61020881670532
114 27.770173202828126 1214.4114012692107
115 364.5580046403713 525.675174013921
116 153.6125290023202 628.9837587006961
117 414.92923433874716 450.4640371229698
119 731.6461716937356 419.0533642691415
120 278.5909767948987 37.688833180879776
131 464.8225600475549 -322.0605127107884
133 129.59566725190135 675.1361804790838
134 583.324825986079 448.19025522041767
135 728.3203710579188 304.32742386831785
136 580.6914153132251 452.74245939675177
137 635.1403712296984 167.61020881670532
138 168.68909512761024 603.0672853828306
139 326.53209388360773 171.27703153782807
141 564.4956136400255 200.86358943607473
142 710.3924334872894 471.95701995453476
143 365.7068965343918 349.67548247274016
144 572.2053364269142 224.6450116009281
145 380.71345707656616 367.32250580046406
146 561.0336426914154 427.93503480278423
150 718.9115233499743 471.92579756523793
152 48.690559309937285 300.88301925820093
153 581.508120649652 344.5058004640371
154 460.83062645011603 403.68909512761024
155 276.8132250580047 397.17401392111367
156 382.5127610208817 471.13689095127614
157 377.24030755219417 463.005861546516
158 370.80421183338797 476.58579512285553
159 406.6113689095128 560.0742459396752
160 405.7900232018562 530.5336426914153
161 277.3537054564 608.4915619299514
162 111.74881503382878 517.1635109587866
163 103.04061670051169 255.64060554785644
201 504.21978648829474 371.4644691794722
202 199.9547563805105 145.6844547563805
204 143.7417151857042 672.8864913919763
206 141.03178456619094 689.3633597343434
215 713.7384864349697 277.7614243381597
216 725.4601147940718 458.1053869678151
219 682.5177480867254 313.4361558716416
225 561.725240549885 687.0691754572632
226 729.3712388676863 245.16934342143654
228 731.2683704633243 271.3008662808886
229 726.5005686941785 274.6336303310323
231 580.1543588950284 646.0875747876445
233 517.9453296176733 473.81417276577054
235 490.2911832946636 80.04640371229698
237 541.1728538283063 580.1392111368909
239 701.4106728538284 240.64037122969836
240 638.0034802784223 40.17633410672854
241 486.56032482598613 90.75638051044085
242 478.50928074245945 85.36426914153132
243 405.6645493007865 306.1835420195516
244 562.4008687031102 414.9070119236718
246 283.89370913321744 8.877039014646712
