# pedestrianID x y
1 538.8259860788863 344.5058004640371
2 534.9524361948957 338.3805104408353
3 362.4269141531323 185.4756380510441
4 380.8723897911833 138.0742459396752
5 379.02900232018567 118.830626450116
6 480.7587006960557 78.72853828306265
7 422.61832946635735 28.691415313225058
8 417.2772621809745 47.29002320185615
30 165.1380510440836 380.00464037122964
31 627.5881670533643 151.85614849187934
32 485.03828306264506 101.76334106728538
33 478.55220417633416 92.11600928074246
34 347.4837587006961 9.187935034802784
49 157.09786208361535 685.8408483114079
67 637.4028169537793 9.060907832552724
69 394.47825765788843 666.4897851402822
72 708.5011614907737 269.7745985956924
73 731.6141003481614 413.36567014007534
78 83.30162412993047 485.1276102088167
79 88.32018561484927 485.1276102088167
80 162.54292343387473 312.3201856148492
81 718.0189493176618 266.4051523841347
83 558.5382830626451 58.27378190255221
84 560.6380510440836 195.4570765661253
86 363.4350348027843 151.85614849187934
88 383.0069605568446 43.712296983758705
96 723.8212683905613 272.76134265898867
97 379.13341067285387 595.3828306264501
100 640.1977369118889 22.059238767273165
108 230.38654762023944 585.3076971061085
111 526.874838067062 89.1606661323007
112 323.0285299182119 61.92187008018024
114 255.43466936709808 59.39648640602739
115 404.24709976798147 77.41531322505801
118 520.830626450116 494.54756380510446
120 201.01276102088173 496.91415313225053
121 414.10788863109053 231.70765661252898
122 -254.44742029854004 1016.2017020077781
123 381.0962877030163 388.55220417633416
124 425.6589327146172 399.34106728538285
125 373.401392111369 50.909512761020885
126 459.89907192575413 158.10208816705335
127 370.0823665893272 167.61020881670532
131 545.5696055684455 371.53132250580046
132 -41.845684315121495 856.3108737797251
136 223.72807376334865 653.8161116731401
138 133.7454146431117 684.6836905173847
141 616.5984035799901 20.727260582743604
144 629.1295408881788 10.471117450803872
146 717.5818924857824 267.98946018714344
147 398.65545243619493 397.17401392111367
156 562.9338747099769 164.42227378190256
157 491.9721577726218 166.0139211136891
159 444.792343387471 375.75870069605566
161 455.2679814385151 290.88167053364265
163 386.4037122969838 416.8445475638051
164 555.8503480278423 367.32250580046406
165 297.1602841025004 261.79029823657197
166 156.21113689095134 344.5058004640371
167 98.3479420539105 456.6118324985748
168 247.67176035896597 463.1840298383124
169 234.87587006960558 302.5058004640371
170 266.70440848117505 400.0868246850166
173 704.2634043083635 636.4230388776758
202 121.95840081767695 26.918652749233843
219 718.6425804427587 283.18886717857475
231 578.0066428763489 689.8950266865404
233 467.8751717953377 519.7349960998723
237 689.7368384502252 490.4573384407299
243 494.31206496519724 190.44547563805105
245 140.95707656612532 441.3967517401392
246 415.4883990719258 257.01160092807424
247 343.90357661352635 59.38499573978097
248 323.68445475638055 70.91879350348029
249 422.4837587006961 19.837587006960558
250 532.1216195960745 673.7980708033346
