# pedestrianID x y
3 157.85269023624662 680.161062847769
19 111.93331039947452 667.4482010466403
83 727.5011752957811 644.9491262255008
86 175.55982268228325 662.6283885600133
91 577.6106715155207 661.9938751084101
93 577.1204092999594 661.7805350573815
94 578.8939301268109 673.7851420550307
95 729.4900742538599 484.0785699405658
122 715.8438474747984 273.21342318261964
125 176.86160695426628 657.4954838746928
127 183.79267277974304 640.2965972600754
129 721.2728587883325 635.5185354814263
131 581.677975019164 686.8821450705678
148 198.96571863529078 650.852131525466
149 150.23879628643587 680.6704837286769
173 63.41399480914463 274.5096116771925
175 127.37612141145502 679.9334944633692
178 132.11123636192897 688.4048672720207
179 217.51490335427235 615.9328996538709
180 129.36150497018963 640.8548917788696
181 722.9215930538492 309.7002033907532
182 602.7290538017676 14.255490104661893
184 705.0861843167311 488.44732370514396
185 454.5303304394589 129.51217023637292
245 433.9784256387041 469.9581106199368
246 426.0851614565942 455.1624249654984
247 436.6668060476329 471.30035687312835
248 440.2231124577292 478.4087605281676
249 321.6431761840831 480.87050824364735
251 645.8856216764289 286.1155408248767
252 112.32095856952417 12.025076239765186
253 449.7394728031957 493.6539805969983
254 447.36034773868937 489.7712399818953
255 115.73547399056923 72.56362031977937
256 455.64420816844756 155.74792907677272
257 600.9440539166726 675.2981947453876
258 168.93987906295152 617.5021557281102
259 133.86014051212666 561.7849186787779
260 724.3465944540097 474.7559352510751
261 133.8536962636007 548.6137749607083
262 39.7493911211438 259.845565482021
264 118.70196498665099 370.35995459443166
265 674.6651356337155 459.44062653311465
266 692.5197226419964 244.9671553851401
267 626.276856348781 233.41373213047723
268 149.1101984081437 626.4971261241941
269 92.53344652325413 244.7921734163909
270 62.132562874875546 236.79000571584032
271 564.164323563402 590.4116074694119
272 683.7153238044388 227.6340185334378
273 687.1596865817019 60.87204743042389
