# pedestrianID x y
86 141.81206628022545 687.684691884262
91 577.524641737413 691.5775237351652
125 142.69741953125762 685.3508447426684
127 147.94183332365213 676.4537459885659
148 143.0054582367456 687.9297930270706
173 25.84002828540689 274.79980769825664
179 146.52963476178314 681.0650673699286
180 125.58687260237208 691.9773557767874
185 461.1536396218743 22.015892711273388
245 502.77721557952765 579.9286657645122
246 487.3689200309472 552.5865023475357
247 505.82875212982896 582.4668823699166
248 510.95807944683764 594.4672670946228
249 217.5799600246415 596.8124081234857
251 704.9280314177879 273.0139990561184
253 526.1431646961671 616.2997057064135
254 523.6641739046323 612.7026195705779
255 96.66697536530619 13.053944984094427
256 461.15325058771907 29.979144202880455
258 132.1604827224936 686.8805519183225
259 126.33788034106158 679.2659643164775
261 126.45219893746638 676.8245555683102
264 21.452844122550278 292.3893570251182
267 725.0689727686084 260.70021213125517
