# pedestrianID x y
39 125.10556844547568 82.69605568445475
49 219.90465946584243 657.7432176653781
58 17.100426316799496 241.51916591096943
60 236.89791183294668 567.5638051044084
67 590.7308584686775 63.27610208816705
69 418.3051044083527 342.4593967517402
70 564.0510440835267 169.21113689095125
72 458.3132250580047 244.24593967517401
73 413.9744779582367 518.4222737819025
75 620.9265132158812 541.6164937390175
77 633.4512761020882 375.75870069605566
78 131.2946635730859 542.7610208816706
79 246.82714617169378 145.6844547563805
80 249.00928074245942 129.09512761020883
81 394.08120649651977 81.36890951276102
82 370.21229698375873 17.670533642691414
83 375.555096861646 7.732629884101697
96 681.5320242962658 292.8498021254095
100 622.8682337129362 74.59682779760816
103 204.2946635730859 63.27610208816705
106 592.4176334106729 53.34570765661253
107 151.1821345707657 318.26450116009283
108 237.902564056759 -215.72558947925052
109 673.6403712296984 304.45939675174014
110 660.5348027842228 441.3967517401392
111 491.8143851508121 395.01160092807424
112 475.5313225058005 352.737819025522
113 -80.6433957009912 310.71317838676595
114 170.85962877030167 450.4640371229698
115 256.53248259860794 392.8538283062645
116 345.59512761020886 550.15313225058
117 458.3422273781903 310.34802784222734
119 982.5328427014197 908.0672077005855
120 258.2285382830627 145.6844547563805
131 354.4357620911783 371.2195456399088
132 159.37459577755837 671.0878774975787
133 128.1822590891623 682.6314031311312
134 464.60788863109053 537.8561484918793
135 732.2556437686231 291.3388882414418
136 461.30278422273784 540.3062645011601
138 158.4934459997594 638.6320716887914
139 336.4528942020167 177.7304479209267
141 627.8689095127611 187.12761020881672
142 724.8461094837063 473.4685218124633
143 300.23620702204494 360.59528498276313
144 590.4025522041763 59.51740139211137
145 374.72152589015235 496.68841271971684
146 553.6438515081207 459.6055684454757
147 244.71011917857706 591.1999816509895
150 726.8650746363795 473.06422919899546
152 9.440441454251275 440.9294067457658
153 700.2204176334108 273.7587006960557
154 475.062645011601 270.0046403712297
155 163.8329466357309 344.5058004640371
156 489.98027842227384 427.93503480278423
157 414.42511375776314 476.65443746669365
158 435.592807424594 506.42691415313226
159 450.81670533642693 537.8561484918793
160 539.6821345707657 452.74245939675177
161 438.52436194895597 532.969837587007
162 87.73317865429237 300.5568445475638
163 211.61832946635735 287.04408352668213
164 240.35525660838022 616.7060685634902
201 520.6960556844548 443.6566125290023
202 174.9977567215652 76.06546428825544
204 138.12356603678532 680.9676113937891
215 720.4545682588755 274.4158974955152
216 728.9419291246808 462.18588784222163
219 694.0612674864243 303.57505830381893
225 567.4831231221159 691.8355861925126
226 732.0715566576198 250.01357910136767
229 730.8447263092789 271.5508323741221
231 579.3159442361382 663.8722543890036
233 508.40033331982846 482.6534010192
237 575.5614849187936 557.5870069605569
243 425.4489559164733 363.1322505800464
244 609.6922605333289 339.8999263359192
246 319.8690734236089 64.07097483597532
