# pedestrianID x y
1 715.7244835583166 636.278975948999
2 714.7571825195301 633.2211379874914
3 367.0255220417634 399.34106728538285
4 320.75174013921117 489.8283062645012
5 630.0893271461717 679.5034802784223
7 134.58352668213462 621.1600928074246
9 729.7792017176928 259.9465844228683
11 155.62877030162417 557.5870069605569
12 154.0359628770302 540.3062645011601
13 519.9199535962878 130.58004640371232
14 671.647331786543 229.9350348027842
15 662.6345707656612 200.51044083526682
16 586.3399071925754 668.7285382830627
17 518.6902552204176 124.66821345707656
18 301.57656612529007 49.698375870069604
30 286.60124141158695 11.50755518199518
37 675.9361948955917 595.3828306264501
69 532.737114871 691.4957916279697
80 24.920802026285067 286.72111339341404
83 672.2389791183296 562.5661252900231
86 417.0023201856149 382.13457076566124
87 171.98607888631096 288.96055684454757
90 404.5127610208817 205.60556844547563
91 545.6542923433875 308.3805104408353
92 182.35846867749424 268.13457076566124
93 584.9709976798144 127.61484918793502
97 667.0904872389792 247.87006960556843
108 149.15683705386394 673.5596054087376
111 474.6604277768588 17.03219992715135
114 274.83065199131954 7.371547319586955
118 314.94147411279533 9.577427883983065
120 153.49651972157776 687.6334106728539
121 700.631271035024 285.7572594395195
122 556.248259860789 300.5568445475638
124 724.5873892629357 269.7432286639532
125 380.8665893271462 375.75870069605566
126 653.4422730163097 490.7835142081395
127 408.7247411208972 333.0821293876257
128 422.48955916473324 399.34106728538285
129 568.3747099767982 96.22273781902553
131 597.389847812952 638.9369083662408
132 276.2877030162413 65.80510440835268
136 156.90749152728216 684.4725525234178
148 493.8816705336427 226.40371229698377
149 91.87470997679821 262.5522041763341
157 313.590191361879 17.02905108508792
163 643.0939675174014 180.5475638051044
166 121.75058470740231 638.0839711672264
171 219.60556844547568 166.0139211136891
172 394.4271832025119 386.37900613183825
173 297.23665893271465 443.6566125290023
174 231.0344821760395 384.5297915654845
175 165.24709976798147 294.73781902552207
176 467.73793311846146 241.35887931008995
177 481.10904872389796 300.5568445475638
178 181.19305221375996 287.11406535776564
219 732.1270555566635 271.49503369634516
233 370.7280724071844 608.7234185944257
237 728.0216805845638 478.586646717264
245 233.95718962285986 484.911362779933
246 436.82008204440933 270.7279298437046
247 282.5913539900494 -767.3623159185112
248 235.52877924295007 -31.542987466513786
249 606.8478634170227 204.372427044937
250 199.71362997696568 439.4720073700668
251 -64.885176168017 53.120451670862224
252 1229.9841324683618 655.169447531346
253 192.76615154961556 234.6872672480544
254 309.93596293196094 -95.81609089292516
255 476.0452436194896 610.7935034802784
256 122.60556844547568 698.538283062645
