# pedestrianID x y
20 373.57656612529007 148.76102088167053
21 536.3654292343388 154.96983758700696
22 500.5301624129931 170.81670533642693
23 468.93503480278423 105.9675174013921
24 597.3538283062646 90.75638051044085
25 388.8329466357309 32.08816705336427
40 665.6925754060326 279.4245939675174
41 633.0290023201857 200.51044083526682
42 620.4129930394431 153.4106728538283
43 615.1856148491879 166.0139211136891
44 590.5429234338748 166.0139211136891
45 536.5962877030163 144.15313225058006
46 454.4640371229699 178.9141531322506
47 419.1206495824731 174.8988957989285
48 524.8619489559165 124.66821345707656
49 447.054524361949 183.82830626450115
50 495.63689095127614 148.76102088167053
51 712.4814385150812 610.7935034802784
52 462.6484918793504 96.22273781902553
53 453.4129930394432 169.21113689095125
54 418.10904872389796 65.80510440835268
55 457.09976798143856 68.35266821345708
56 387.73665893271465 15.522041763341068
57 300.8955916473318 6.08352668213457
99 464.30937437826503 102.2917651694922
101 558.1763341067285 608.2134570765661
102 720.7784222737819 257.01160092807424
133 192.80626450116014 384.2691415313225
134 408.931554524362 520.8352668213457
135 559.7807424593968 642.1160092807426
136 291.2714617169374 25.33642691415313
137 521.7539502575078 657.5085969398433
139 539.908379874511 679.0595406881455
150 316.6299303944316 610.7935034802784
151 269.5712617532606 1155.6970418791886
187 682.2865429234339 560.0742459396752
189 682.7192575406033 552.6264501160093
190 527.8344655252804 668.9633604962764
192 674.062645011601 532.969837587007
195 404.83178654292345 496.91415313225053
197 620.6037258406554 684.0527855945511
198 395.1589327146172 445.92111368909514
199 668.0580046403713 528.1020881670534
201 437.43851508120656 356.8816705336427
204 160.2331786542924 298.6125290023202
205 74.82018561484921 610.7935034802784
206 240.9733178654293 455.02552204176334
207 570.5139211136891 590.2830626450117
208 306.8735498839908 210.74245939675174
209 443.8178654292344 501.66125290023206
210 703.8161730733852 268.96749484908077
214 200.6438515081207 540.3062645011601
215 407.3967517401393 471.13689095127614
216 406.20986434172164 240.24346029427159
217 463.05568445475643 390.70069605568443
218 355.98607888631096 504.0417633410673
219 294.58932714617174 471.13689095127614
220 177.10324825986083 570.0696055684455
221 230.139211136891 513.6102088167054
222 566.1809744779582 430.1670533642691
223 178.20301624129934 540.3062645011601
224 622.8457076566126 275.6426914153132
225 264.48607888631096 445.92111368909514
226 423.79350348027845 466.5104408352668
227 190.31438515081211 600.5011600928074
228 345.48027842227384 572.5800464037123
229 464.8422273781903 461.9025522041763
230 465.59860788863114 425.70765661252904
231 430.38399071925755 174.04176334106728
232 222.69489559164737 180.5475638051044
233 266.3666546567075 502.73186051022503
234 274.42899807761836 68.98740620754722
235 631.3176511060558 465.16520151193106
