# pedestrianID x y
1 731.6751926275605 648.5273847462425
2 731.2645070384889 647.4808753541969
3 228.5696790976657 637.1464498887117
4 163.23317865429237 642.1160092807426
7 127.24447173030293 670.3259631363666
11 126.73242680746635 680.5089631206417
13 730.6902552204177 302.5058004640371
14 716.0785110858867 237.1032935988825
16 472.5069605568446 371.53132250580046
18 191.07192575406037 166.0139211136891
19 91.29002320185617 399.34106728538285
80 10.35648514757317 279.90912990879445
83 702.6877917254176 624.4997274913908
86 248.84106728538288 605.6380510440835
87 115.23317865429237 560.0742459396752
90 258.60324825986083 14.454756380510442
91 569.0208816705338 489.8283062645012
92 121.55220417633416 537.8561484918793
93 615.3838634170345 247.2178537456778
94 455.92343387471 281.322505800464
95 704.2888631090487 268.13457076566124
108 137.5528596413855 686.3570345577706
111 468.052242113886 7.9507024140776235
121 720.6065549182853 275.2283347831214
122 654.8222421498821 293.52071348941735
125 266.44315545243626 572.5800464037123
126 708.2433431132894 480.761203313011
127 281.677494199536 542.7610208816706
128 189.67865429234342 652.7053364269142
129 719.2122969837587 298.6125290023202
130 400.37006960556846 401.5127610208816
131 588.6489371929779 665.5940230738257
132 262.1020881670534 41.35034802784222
136 143.99258414203547 690.6392115188748
148 265.0449153684534 220.20555281626264
149 19.724481415117424 319.1378598088939
157 298.4189146999089 9.866611161229718
166 123.60748084738756 673.0794454914048
172 341.5591647331787 92.11600928074246
173 157.04600346051387 273.8009270522905
175 140.55220417633416 567.5638051044084
176 325.603414561934 136.2477389470489
177 346.4744779582367 77.41531322505801
178 146.73433874709983 575.0951276102088
179 418.18119388989504 330.9075859033168
180 221.8248259860789 314.2969837587007
181 629.6809744779582 423.4849187935035
182 436.3874709976799 365.22505800464035
183 436.27378190255223 485.1276102088167
184 508.33874709976806 240.64037122969836
185 368.139211136891 547.6844547563805
186 407.69837587006964 430.1670533642691
233 265.1380675420431 709.918248000015
245 176.51289640396044 537.1845474537312
246 450.03445265027653 252.50437202730734
247 263.47273791279906 -1026.3181988036656
248 93.06997766181087 -462.8922894901088
249 745.1822419213673 109.89127256868127
250 195.7436194895592 235.26682134570765
251 428.44663573085853 459.6055684454757
252 235.02436194895597 367.32250580046406
253 102.86959943627475 168.16853391866528
254 256.06149384145596 -536.4381077384062
255 242.49883990719263 390.70069605568443
256 303.76450116009283 496.91415313225053
257 452.3967517401393 273.7587006960557
258 313.77755483461993 210.45777986256118
259 223.6960556844548 117.38283062645012
261 194.3828306264502 105.9675174013921
264 551.7562844266367 652.1248006084456
