# pedestrianID x y
26 707.9002320185616 195.4570765661253
27 501.3399071925754 44.90023201856149
28 404.4454756380511 27.56844547563805
39 108.38051044083531 373.6426914153132
47 606.6577598669348 688.5891997132053
49 329.100928074246 615.9675174013921
57 610.2888631090487 668.7285382830627
58 51.433874709976806 172.42691415313226
60 168.30147027519055 205.75554776530996
62 502.00696055684455 386.40835266821347
64 672.9025522041763 377.87935034802786
65 568.4083526682135 434.64501160092806
66 725.1158764410084 256.14916129675504
67 545.4245939675175 382.13457076566124
68 720.8236658932715 212.4640371229698
69 335.61252900232023 141.1044083526682
70 272.1635730858469 145.6844547563805
71 36.87819025522049 28.691415313225058
72 500.0498839907193 221.14153132250578
73 161.1670533642692 644.7563805104407
74 501.14153132250584 32.08816705336427
75 578.2470997679815 679.5034802784223
76 408.02900232018567 42.52900232018561
96 444.8062645011601 401.5127610208816
100 526.3561484918794 214.1902552204176
103 201.03364269141534 326.25522041763344
106 546.8375870069606 369.42459396751735
107 245.856288740231 404.5780111446065
108 342.2529002320186 120.2830626450116
109 596.1236329780046 528.7794830773944
110 386.5174013921114 508.8167053364269
111 359.59625394672713 493.7502053407854
112 -92.69389783936985 926.1891261009199
113 319.68561484918797 104.5614849187935
114 120.04408352668216 687.6334106728539
115 266.0916473317866 580.1392111368909
117 315.2773150283309 555.9258389418245
131 420.5011600928075 147.22041763341068
133 131.6570628502835 664.063276321259
134 639.8665893271462 346.5568445475638
136 476.13805104408357 436.8909512761021
137 562.9025522041763 240.64037122969836
138 171.87354988399076 501.66125290023206
139 205.5598406210166 191.45254036606045
141 533.5220417633411 240.64037122969836
142 679.7939808519753 468.90799719442504
143 436.4454756380511 340.41763341067286
144 544.8607888631091 377.87935034802786
145 374.74593967517404 384.2691415313225
146 430.09860788863114 496.91415313225053
150 706.5996292848478 470.07948996825746
152 103.49303944315548 392.8538283062645
153 438.9280742459397 382.13457076566124
154 424.39443155452443 523.2529002320186
155 434.17669241756283 405.2592900646953
156 296.32593663967543 574.0851003917395
157 271.5907485334164 527.9821852224761
158 235.19060008155955 587.5732606625487
159 259.28743324390086 619.7888408518014
160 159.85719765968386 679.094761894961
195 338.7772621809745 25.33642691415313
198 709.1798143851508 354.8074245939675
199 731.5488567616728 439.5057866452096
201 473.4582366589328 346.5568445475638
202 215.54640371229704 290.88167053364265
204 151.50478341355273 661.6514032153607
206 149.80201394510104 683.5068030129596
208 223.7204176334107 90.75638051044085
215 705.1817453242384 282.24658397016645
216 720.7247644020451 452.8322417344505
219 667.75121240618 325.82054659112407
225 552.1210356782103 679.4894165766112
226 725.8574921604578 238.56495485419202
228 723.5416504627902 276.9068412338891
229 720.1804416391941 279.0175622392396
231 581.5079860230035 619.7844494304991
233 526.7054632019467 465.7529418556199
235 450.50000000000006 235.26682134570765
237 572.8422273781903 480.44547563805105
238 437.1331029206643 12.928714813415173
239 563.2865429234339 298.6125290023202
240 587.9570765661254 221.14153132250578
241 450.5174013921114 251.5127610208817
242 438.10904872389796 237.05336426914153
243 420.8062645011602 302.5058004640371
244 448.49883990719263 494.54756380510446
