# pedestrianID x y
1 728.5753818826142 645.9557153831931
2 727.7714965285716 644.3909736374188
3 236.27146171693738 577.6148491879351
4 217.9419953596288 587.7401392111368
7 128.0390126531118 659.7250823842186
11 127.55578196398697 671.2254368158051
13 737.1519721577727 238.8445475638051
14 702.7854992670353 220.30748539006703
16 517.1125290023202 473.45707656612524
17 736.6380510440836 233.48491879350348
18 66.84106728538285 203.90255220417635
19 51.84454756380512 273.7587006960557
80 13.61228063283278 281.4772604556734
83 694.1766745894606 617.3598333389897
86 261.67053364269145 562.5661252900231
87 133.79466357308587 482.78422273781905
90 334.554524361949 89.4013921113689
91 564.7470997679815 408.0556844547564
92 146.28886310904878 450.4640371229698
93 595.1442053637337 265.56651178387733
94 397.292343387471 166.0139211136891
95 714.2422391180656 146.29878229395172
97 738.390056188826 153.68016462391444
108 140.40360543129583 683.2535282207692
111 469.5662752047211 10.11514948254733
121 715.8730562237389 277.76364193104405
122 632.8622811854974 300.9333474723753
125 261.3143851508121 535.4106728538284
126 696.8688962572744 482.8909800295246
127 337.74593967517404 468.8213457076566
128 403.27766795253524 480.3858530383621
129 380.7418271656809 137.8914697206042
130 266.58468677494204 499.2853828306265
131 590.7345913981029 658.8023005254104
132 242.85197882655544 21.914374783599495
136 147.30509301452105 689.0573870019919
148 371.00999541970117 317.6973890483895
149 99.92227378190262 423.4849187935035
157 302.3557498157972 11.670477285989262
166 123.20499535189711 665.2406933379887
172 418.49419953596293 172.42691415313226
173 199.4605568445476 302.5058004640371
174 164.32250580046409 68.35266821345708
175 152.72273781902555 492.1856148491879
176 328.7018561484919 121.7401392111369
177 351.8388403212322 135.36553305885067
178 158.63109048723902 499.2853828306265
179 451.0348027842228 292.80742459396754
180 257.59512761020886 214.1902552204176
181 615.9118329466357 523.2529002320186
182 347.6878739856361 456.1240254563626
183 558.2363976947802 665.7132218950434
184 473.966127566315 70.75721851183451
185 203.49820441566214 651.7533421052784
186 151.16618832176067 672.0930765800216
233 310.1508692099529 666.6932567660002
237 732.4877735416442 477.23382545706687
245 196.35433872602968 518.3989687805893
246 445.53284582694016 258.45132411454614
247 269.2751100479304 -948.0294824198237
248 126.62331941639837 -362.0976084893846
249 699.474948740384 141.7785485154191
250 240.65661252900236 320.2552204176334
251 422.98491879350354 487.4756380510441
252 288.02784222737824 430.1670533642691
253 134.33690371779656 190.61998032332997
254 270.2504919378453 -418.8583208163985
255 312.8967517401393 468.8213457076566
256 240.3433874709977 513.6102088167054
257 391.70765661252904 156.5336426914153
258 368.80742459396754 169.21113689095125
259 330.55220417633416 43.712296983758705
261 296.92343387471004 41.35034802784222
