# pedestrianID x y
26 419.43039443155453 28.691415313225058
39 127.6252900232019 668.7285382830627
41 729.1228117395617 449.32052476272133
46 727.4678917147946 438.3091056034476
47 605.8236658932715 603.0672853828306
49 557.4663573085847 567.5638051044084
52 730.2619005128295 286.19938959561796
53 730.9001638097482 467.37038957267015
57 537.854988399072 436.8909512761021
58 99.53480278422276 511.2111368909513
59 642.4489559164733 200.51044083526682
60 252.2343387470998 175.661252900232
61 614.1450116009281 158.10208816705335
62 192.2807424593968 518.4222737819025
63 655.7679814385151 222.89095127610207
64 582.8758700696056 124.66821345707656
65 466.37587006960564 567.5638051044084
66 583.2494199535963 121.7401392111369
67 466.1740139211137 660.6960556844548
68 426.7192575406033 43.712296983758705
69 169.96635730858475 30.951276102088165
70 24.298143851508144 306.41763341067286
71 20.18988682563947 325.57185738109723
96 251.8338223286477 251.03285404655816
100 425.20126305217656 337.799789211895
101 705.0839097367358 458.9750010596894
102 647.4837587006961 684.9187935034803
103 467.25986078886314 582.6682134570766
104 591.8573085846868 121.7401392111369
105 73.35382830626452 436.8909512761021
106 184.65081206496524 545.2204176334106
107 249.01972157772627 570.0696055684455
108 159.051760224041 20.33823063652787
133 140.18421261520209 616.7757280644397
134 419.508120649652 403.68909512761024
135 503.77223232419385 434.5447357384996
136 524.4792669164055 371.0320567431335
137 396.85150812064967 448.19025522041767
138 191.00185269348012 352.7500751631235
139 179.21229698375876 380.00464037122964
140 445.6020881670534 260.7006960556845
141 377.1914153132251 445.92111368909514
142 434.43851508120656 518.4222737819025
143 391.0069605568446 480.44547563805105
144 403.41183294663574 506.42691415313226
145 238.73361166649067 617.3786428575374
150 643.9746198265929 460.3372643700574
187 721.7690607680696 662.013694536272
192 587.7967958279817 682.9686366147272
195 584.248259860789 277.53132250580046
198 517.4288060822779 406.32497741092203
199 726.5983006370259 418.9788035722318
201 537.7344390811136 336.3480278422274
202 336.89114301260855 420.9612571740024
204 183.51939790221704 614.0100928665786
206 190.48754188445483 655.8575785925872
208 184.65661252900236 348.6125290023202
209 362.1716937354989 153.4106728538283
214 147.7275168246936 688.3901007416266
215 672.1797979533477 298.5928678934731
216 704.5534613491451 434.2913934438263
219 528.1972157772623 356.8816705336427
223 142.72966049522634 684.8385051320266
225 503.3158983762741 639.600128980074
226 603.4849187935035 222.89095127610207
228 667.537413510581 320.896077036955
229 691.9859897783849 297.5849384569232
231 542.8143851508121 480.44547563805105
233 442.8457076566126 516.0139211136891
234 635.9315836288713 215.33072210204398
235 545.6345707656612 298.6125290023202
236 529.4814385150812 224.6450116009281
237 463.59976798143856 214.1902552204176
238 268.9721577726218 178.9141531322506
239 237.77916063947887 586.7822805467508
240 323.88892080579143 538.3553921125529
241 205.29798935561067 599.2017838472996
242 237.15365091762945 350.40276230924337
243 264.5796817445974 546.7179828332935
244 172.8857429942917 673.2294764053541
