# pedestrianID x y
26 434.77958236658935 39.00696055684455
39 129.05800464037125 655.3642691415314
41 729.8415531946365 451.00191510735493
46 728.3927217109343 441.0794813965384
47 612.8410672853829 615.9675174013921
49 541.947795823666 570.0696055684455
52 731.1052678615567 284.56139616054855
53 731.7636428219997 468.1590501070427
57 542.6972157772623 450.4640371229698
58 99.94547563805111 496.91415313225053
59 659.8561484918794 209.02552204176334
60 241.14501160092811 180.5475638051044
61 627.1786542923435 162.83526682134573
62 211.43155452436199 513.6102088167054
63 673.5649651972158 231.70765661252898
64 597.9269141531323 133.56380510440835
65 451.84686774941997 557.5870069605569
66 599.5116009280744 130.58004640371232
67 467.2958236658933 647.401392111369
68 441.2714617169374 53.34570765661253
69 171.78422273781908 41.35034802784222
70 45.53480278422279 310.34802784222734
71 39.24593967517404 336.3480278422274
96 239.48491879350354 300.5568445475638
100 424.8697767403217 337.4566591832495
101 708.4695291865772 460.6908242262417
102 647.0800464037123 695.8051044083527
103 458.2958236658933 580.1392111368909
104 606.9733178654293 130.58004640371232
105 69.30046403712305 450.4640371229698
106 199.33758700696058 535.4106728538284
107 246.0916473317866 560.0742459396752
108 179.24921365134796 27.05518674447278
133 139.52077303564846 620.1878417854613
134 431.9976798143852 399.34106728538285
135 502.2535355447238 434.44278892824394
136 531.7778794149832 365.52365002417497
137 404.6763341067286 436.8909512761021
138 191.40467547353512 351.28673871535403
139 183.87819025522046 367.32250580046406
140 448.3329466357309 242.44083526682135
141 385.1867749419954 436.8909512761021
142 450.83642691415315 506.42691415313226
143 400.8248259860789 473.45707656612524
144 418.39443155452443 499.2853828306265
145 263.2022234747786 601.0566334838758
150 648.8114198685496 461.1779490316451
187 723.1577444999524 661.4307182153337
192 587.0538614738321 684.1280129411581
195 568.070765661253 268.13457076566124
198 517.6884215647016 405.5189648165617
199 726.9322246024321 420.2314607455945
201 537.8895952552302 336.3480278422274
202 340.5736441842595 420.72732608378954
204 181.27862626223532 617.0929962701222
206 187.34488721543812 658.054445532167
208 189.2389791183295 336.3480278422274
209 353.26450116009283 135.06264501160092
214 146.4444285095723 689.0456616689526
215 674.3971328177266 297.54705702055014
216 705.7139870039142 435.50853435504683
219 545.1183294663574 356.8816705336427
223 141.3110223109315 685.9783991068374
225 507.35188618399434 642.621616299698
226 622.2285382830627 231.70765661252898
228 672.9263223270735 316.23815980418703
229 694.0818598696359 296.2993616635647
231 547.7447795823666 494.54756380510446
233 455.77958236658935 504.0417633410673
234 635.338844642141 214.50363093078778
235 547.2807424593968 281.322505800464
236 549.754060324826 229.9350348027842
237 473.1740139211137 226.40371229698377
238 283.02900232018567 167.61020881670532
239 268.081596193305 559.2020903288552
240 355.29985627446047 510.05259045720874
241 230.49002856777687 565.544792371176
242 267.44058334141374 359.56251066930804
243 274.3893576056249 535.5073086996786
244 194.1405846347308 660.2610055540937
