# pedestrianID x y
86 144.0877485090016 685.9295720396642
91 577.5294769846735 689.886196477126
93 577.4151619647613 691.5089416083181
122 732.0538529665155 267.7236658532432
125 145.04078310631454 683.5038492006001
127 150.5387312746234 673.6656757921497
148 146.31411747954667 685.8547952285563
173 28.718116431553128 274.7777341730996
179 150.37808524738924 677.5286929004967
180 125.74129601908353 689.8170314154233
185 460.8373121815837 26.998239676107172
245 497.25943218851614 570.7229746424568
246 482.0287406828657 544.2855078473224
247 500.21370938425576 573.502685855143
248 505.413628994358 585.481303440623
249 225.697255471191 588.0173214291132
251 700.7575039703736 273.9833182945886
253 520.8347033558106 607.7417830779345
254 518.192412381595 603.5724302789274
255 97.56528388921771 15.91523145297204
256 460.879919034692 36.13905935311758
258 133.9082207507575 683.7411922820993
259 126.64894797580716 674.181586137104
261 126.78137545455607 671.5128326390759
264 25.961044803302993 295.9707015672193
267 721.1769612043747 259.675525615243
268 127.65930484387135 691.7209092342168
269 9.142917860966797 272.08681023532745
