# pedestrianID x y
3 139.1846886163597 691.3985196836599
19 122.01313759098542 692.5459388032666
86 147.82884090698644 683.1651904185925
91 577.5381268428572 687.115531941981
93 577.3887207754384 688.8285738637044
122 730.1693725508526 268.3501991395342
125 148.83130602064483 680.3087145881841
127 154.73084216213536 669.3258255340656
148 151.63838904523615 682.2152550580447
173 33.37961542113432 274.74247679427816
179 157.07238122644148 671.3918228320074
180 126.019239778048 686.1083079896341
185 460.30249677615126 35.74781582890575
245 488.89603095025 556.9208806396273
246 474.1836903511298 531.5070656169505
247 491.2997870481375 559.8580226690146
248 496.79732618086734 571.4065899294225
249 237.96290032833878 574.5791560045885
251 694.2135654192213 275.52512706130597
253 512.2382752939156 593.9904373325705
254 509.64955502739826 589.9073992518431
255 99.20232806726209 21.185162897238694
256 460.4049977997863 46.909340109857716
258 136.91353296351951 678.340726475819
259 127.22834070748257 665.222813071466
261 127.37300999811791 662.149037211361
264 33.816025071382896 302.4195178989866
267 714.5485354670446 257.73628846396247
268 128.96815025276135 687.7054629446036
269 13.73259817264172 270.62801234887075
270 8.025974504812023 270.02178163556187
271 576.0827381489825 688.622744547381
