# pedestrianID x y
1 687.9521911379973 614.8615720329872
2 685.7730045211625 608.18455841214
3 415.0788863109049 373.6426914153132
4 418.38051044083534 377.87935034802786
5 575.4686774941996 528.1020881670534
6 726.1424262458625 251.66447752001756
7 336.14269141531327 464.20417633410676
9 697.9827453343574 244.46480730820844
11 222.44779582366593 308.3805104408353
12 219.28770301624135 296.67285382830624
14 434.75522041763344 101.76334106728538
15 427.9222737819026 72.20881670533643
16 577.5046403712297 690.352668213457
30 294.2576762036997 21.329477354530905
34 697.6229698375871 200.51044083526682
35 698.6728538283063 192.11136890951275
36 615.5904872389792 302.5058004640371
37 646.9721577726218 421.2668213457076
38 517.7610208816706 126.13921113689095
69 507.96735320344214 686.8951943398966
72 729.7279165299823 266.55125286113827
79 144.4169260473075 692.3529490619812
80 45.77700868779672 296.3187920776992
83 642.2285382830628 388.55220417633416
86 414.18561484918797 352.737819025522
87 257.49767981438515 85.36426914153132
90 493.39443155452443 395.01160092807424
91 391.254060324826 177.28538283062645
92 269.1299303944316 68.35266821345708
97 627.6682134570766 386.40835266821347
100 645.0163459748096 7.500366714756185
108 163.6988702898828 657.6687868801462
111 483.05383783844445 28.883097839159284
114 272.2697087310309 14.306447267191444
118 348.2350925588166 17.596266485133043
120 274.439675174014 550.15313225058
121 612.0255220417635 352.737819025522
122 438.69101278477586 205.74859568583008
123 322.800464037123 27.56844547563805
124 699.7450964173203 277.35704025802096
125 495.06496519721577 169.21113689095125
126 566.248259860789 494.54756380510446
127 552.3080768413733 141.9566864106232
128 393.26450116009283 162.83526682134573
131 607.3686681179851 608.1840399243009
132 380.13817056365764 122.7030109713395
136 170.70198161428928 677.8155621099077
141 633.9496697142471 9.24875424810978
147 506.9396751740139 41.35034802784222
148 428.4154761576259 15.985138569520203
157 330.4500290130464 25.03999463532958
159 227.9466357308585 58.27378190255221
163 376.2649974478336 208.58866587536585
166 118.98563900610557 584.6955505631074
167 366.8538283062645 8.148491879350349
168 366.29881937741794 92.3914101611076
171 268.9930394431555 369.42459396751735
172 445.1160092807425 562.5661252900231
173 279.23665893271465 480.44547563805105
174 255.39675174013925 386.40835266821347
175 266.9481664042841 19.932370331369007
176 615.2820113775861 483.895816955946
202 104.21953451431978 10.689191162288298
219 729.0690100733954 274.0045258184826
233 411.69948350455644 571.4352558690299
237 720.7064125477949 480.7452370496404
245 262.19763543845784 459.17805770311423
246 429.1206339062377 281.39761071348397
247 296.9183940037651 -579.1024831663987
248 323.7343387470998 193.78190255220417
249 538.1327774543079 249.79133918524107
250 255.11368909512765 439.1415313225058
251 262.1879350348028 312.3201856148492
252 632.223897911833 626.3712296983758
253 237.03712296983764 266.26914153132253
254 383.4930394431555 107.37819025522042
