# pedestrianID x y
20 227.51856148491885 183.82830626450115
21 439.21693735498843 98.98375870069606
22 360.2772621809745 69.63341067285383
23 356.74129930394434 30.951276102088165
40 629.9361948955917 203.90255220417635
41 538.1125290023202 139.58700696055683
42 546.2041763341067 126.13921113689095
43 523.2041763341067 111.63805104408353
44 505.70765661252904 97.60092807424593
45 438.2529002320186 81.36890951276102
46 354.5580046403713 82.69605568445475
47 358.17981438515085 113.06728538283062
48 433.1763341067286 68.35266821345708
49 368.8016241299304 96.22273781902553
50 355.6925754060325 49.698375870069604
52 354.6160092807425 22.023201856148493
53 309.9443637909952 38.92426378807858
133 211.71809744779586 298.6125290023202
134 308.5348027842228 575.0951276102088
150 249.94895591647338 618.5614849187934
151 137.30394431554527 494.54756380510446
187 679.6078886310905 480.44547563805105
189 679.008120649652 468.8213457076566
190 501.9454756380511 647.401392111369
192 672.1032482598607 450.4640371229698
195 309.2111368909513 547.6844547563805
197 658.4930394431555 658.0278422273782
198 317.292343387471 494.54756380510446
199 665.9907192575406 452.74245939675177
201 486.1716937354989 292.80742459396754
203 15.86542923433882 240.64037122969836
204 320.95479091851007 -213.5477071231254
205 85.3503480278423 537.8561484918793
206 206.68329466357312 371.53132250580046
207 557.2645011600928 504.0417633410673
208 426.1462877477668 205.60556844547563
209 354.2958236658933 501.66125290023206
210 649.1566125290024 238.8445475638051
211 702.3190255220418 334.32018561484915
213 658.2412993039443 682.2088167053364
214 189.38399071925758 478.11136890951275
215 339.02784222737824 508.8167053364269
216 411.35694266551394 236.42116217151144
217 339.6670533642692 441.3967517401392
218 258.3051044083527 560.0742459396752
219 235.73201856148495 506.42691415313226
220 161.0638051044084 478.11136890951275
221 226.0220417633411 436.8909512761021
222 444.762180974478 487.4756380510441
223 162.12412993039447 455.02552204176334
224 497.062645011601 219.39675174013922
225 95.34270994835906 -150.00018619394564
226 333.14784681578635 420.72246088650513
227 177.91763341067292 525.675174013921
228 382.8573085846868 492.1856148491879
229 390.09976798143856 518.4222737819025
230 256.2979366507766 590.407611071488
231 460.4574697870358 10.417314828615263
232 331.1722177407199 204.5485802195106
233 242.36272881671414 536.9054274620855
