# pedestrianID x y
3 172.07388662419876 671.7897865527646
7 125.69815158645102 690.9427133990121
19 100.09443106822765 637.7728206811171
83 722.2689063736134 640.6863949990316
86 196.691170496876 647.3570206284078
91 577.6782623330054 638.6957150391207
92 83.37443872300285 689.6366096253854
93 576.8647637169814 634.6894877689781
94 580.2173700330953 649.9875110686249
95 708.3295545755391 502.1157312511925
121 731.5390594874037 269.42303172236825
122 704.1266636876006 277.16768820361165
125 197.7582966302044 641.0987517859122
126 730.1650865607211 476.8079978555207
127 204.32153805497856 619.9430382462593
128 142.02388521532066 691.4832440428336
129 707.2120552925751 620.2692709029625
131 583.2258776150737 682.1543010108038
148 242.1401641745157 623.0084001807165
149 177.00084650223852 660.5100725719712
166 124.46141473552112 689.6765327751898
173 84.11566568500912 274.3541056312554
175 129.16593761079793 665.3724443679816
178 136.50125970941468 681.4847503497261
179 276.07686884589407 561.2794518498094
180 133.1938332479319 586.3518189840522
181 711.7675685854368 339.292472765752
182 570.4889077623388 24.168594091765137
183 255.3357846604905 7.595195170036116
184 668.4024261033377 502.2986485250809
185 447.5120515112427 241.2482319327073
233 732.2845109777633 337.73034193714415
245 396.42387976489425 407.6324628575318
246 395.9186892694897 406.297147474742
247 396.91578897612845 408.3443995189076
248 397.24537695956565 409.3171438678145
249 385.0184746854482 408.9990797299777
251 611.5201931836792 293.853823300176
252 123.69649946636916 19.08320769528265
253 398.1216885029229 411.0786220823395
254 398.34495755870586 410.5807386909489
255 133.05726943044823 124.21155649169565
256 450.1363249621769 276.7842607683489
257 624.884987451822 650.5527853610996
258 206.43535833200988 547.2736674252561
259 142.7064916052423 426.9571474288151
260 655.79313674128 473.6671629063797
261 142.87505415099574 397.67903344898605
262 114.56920776750927 230.73100284502024
263 732.3576208344331 146.03666342032895
264 227.08183992868356 456.0958322531977
265 483.99675413083617 412.25909425421764
266 616.6789377991944 212.53511588771664
267 489.64923349332156 194.7243211962273
268 181.95265340395687 524.7283462169769
269 285.83453100585217 178.64426460936386
270 179.75639396907567 165.32420663668051
271 526.288225266966 287.58685941283204
272 488.35612855061123 92.5398301780227
273 470.6164942802052 43.51706713185669
