# pedestrianID x y
20 230.38283062645016 182.18561484918794
21 439.38051044083534 100.37122969837587
22 361.431554524362 70.91879350348029
23 357.8143851508121 32.08816705336427
40 633.1136890951276 205.60556844547563
41 538.4501160092808 141.1044083526682
42 547.4408352668214 126.13921113689095
43 524.7412993039443 113.06728538283062
44 507.19373549883994 98.98375870069606
45 439.5835266821346 82.69605568445475
46 354.55684454756386 84.0278422273782
47 359.4037122969838 114.50116009280742
48 434.4767981438515 69.63341067285383
49 370.01856148491885 97.60092807424593
50 356.800464037123 50.909512761020885
52 356.71693735498843 23.122969837587007
53 313.6606996530122 43.01406640526726
133 211.71809744779586 298.6125290023202
134 308.5962877030163 572.5800464037123
150 251.88051044083528 615.9675174013921
151 135.3190255220418 496.91415313225053
187 679.6078886310905 480.44547563805105
189 679.008120649652 468.8213457076566
190 501.9454756380511 647.401392111369
192 672.5522041763342 452.74245939675177
195 310.9443155452436 547.6844547563805
197 658.4930394431555 658.0278422273782
198 318.9744779582367 494.54756380510446
199 665.9907192575406 452.74245939675177
201 486.1716937354989 292.80742459396754
203 15.302784222737841 242.44083526682135
204 322.18842360784924 -216.1221471433736
205 84.98723897911839 540.3062645011601
206 206.46171693735502 373.6426914153132
207 557.2645011600928 504.0417633410673
208 426.73654938720034 205.60556844547563
209 354.2969837587007 499.2853828306265
210 650.5533642691416 238.8445475638051
211 703.2969837587008 332.2969837587007
213 658.2412993039443 682.2088167053364
214 189.38399071925758 478.11136890951275
215 340.723897911833 508.8167053364269
216 411.29430836837986 236.45434496533676
217 341.2958236658933 441.3967517401392
218 258.3051044083527 560.0742459396752
219 235.5684454756381 508.8167053364269
220 160.79350348027847 480.44547563805105
221 225.8375870069606 439.1415313225058
222 446.3109048723898 485.1276102088167
223 162.12412993039447 455.02552204176334
224 498.6763341067286 221.14153132250578
225 94.17467053649689 -154.17198271721608
226 332.9853891018636 420.2251664769243
227 177.91763341067292 525.675174013921
228 382.89559164733186 494.54756380510446
229 390.09976798143856 518.4222737819025
230 258.1570438532396 587.2416362183732
231 459.9357736409706 12.171671596610077
232 330.0269867978534 204.45409893315758
233 242.64628346963977 536.5240602903169
