# pedestrianID x y
86 137.742026933529 690.6824717460511
125 138.3937225763259 688.8224372840984
127 143.1433335047213 681.460361379836
148 137.56705797719763 691.5847521008293
173 20.53170435590866 274.84048053118045
179 139.88408321793193 686.8587249720097
185 461.62268600195864 14.201998295472581
245 513.5508311638658 597.1703362856341
246 497.9063400420773 569.3404279456329
247 516.0099567588381 599.4969831869146
248 521.4797626334558 610.7624968758449
249 202.68239948029515 612.8573666070754
251 712.5176336724617 271.28282836781983
253 535.8168770059575 632.5886215993016
254 533.5987243831016 629.0140074008201
255 95.21269540246092 8.484040460958099
256 461.595058799653 20.09405691435842
258 129.5635600166523 691.5789247648806
259 125.83335618599669 686.9827693551052
261 125.91910329466336 685.0070577264906
264 14.099980336771972 286.46156426251827
267 730.8782596749735 262.3817143887118
