# pedestrianID x y
1 699.4329165645557 623.7782387493822
2 697.6599990655827 619.1562134906274
3 383.0348027842228 408.0556844547564
4 386.31322505800466 412.4408352668213
5 601.9118329466357 572.5800464037123
6 730.9409234942589 256.3948422683537
7 268.9037122969838 520.8352668213457
9 713.9368767967737 252.21971487203263
11 194.3747099767982 384.2691415313225
12 192.45011600928078 373.6426914153132
13 381.4025522041764 33.22969837587007
14 508.18909512761024 154.96983758700696
15 509.7575406032483 142.62645011600927
16 574.6125290023202 644.7563805104407
17 384.0440835266822 23.122969837587007
30 291.2363130118941 17.554413342815447
36 654.5359628770302 292.80742459396754
37 660.8317865429235 478.11136890951275
38 616.2761020881671 178.9141531322506
69 517.2358575208584 688.5751377730483
72 731.2940233733606 266.2962288141336
80 37.283635439405835 292.48540682641703
83 659.3387470997679 443.6566125290023
86 384.07076566125295 380.00464037122964
87 219.23549883990725 151.85614849187934
90 479.56032482598613 330.27842227378187
91 443.43503480278423 217.65661252900233
92 231.95823665893278 135.06264501160092
93 400.0533642691416 14.454756380510442
97 666.3979118329466 342.4593967517402
108 158.2941450909895 663.6175942615287
111 479.84280401423786 24.32305605257437
114 273.29870746345955 11.60333070417993
118 334.6798431178756 14.336220386598109
120 214.0324825986079 592.830626450116
121 671.6229698375871 326.25522041763344
122 431.04111742011486 201.09841255748876
124 710.7135430711246 274.07162434768145
125 480.19025522041767 251.5127610208817
126 595.8110286180813 500.7977954833099
127 475.15661252900236 231.70765661252898
128 437.55684454756386 229.9350348027842
131 603.60508164803 619.9212877658476
132 381.66466576909806 121.92132259325302
136 165.6884949050587 680.3156566111882
141 635.5740621178057 8.119673850795346
148 432.19373549883994 69.63341067285383
149 16.948061194467446 259.8490877170524
157 324.071394774796 22.165936942660288
159 173.93967517401396 14.454756380510442
163 330.2274661978477 223.6604383854978
166 120.10213653653966 606.1279499041609
168 382.6846040638171 104.85345926732397
171 253.90023201856152 304.45939675174014
172 396.977958236659 520.8352668213457
173 280.16154801192016 468.05009643381464
174 237.1721175273736 355.9949971153598
175 196.1030149033059 150.14726338484488
176 540.4992472718922 379.2567454627833
177 551.2606156318179 593.9969378967616
178 266.81247553358816 30.508959024073484
202 102.5999004096064 9.282492330841325
219 730.1998494498878 273.0628478369371
233 399.48081769002897 582.2879151107619
237 723.4480325969988 479.9413150931175
245 253.8973114315278 466.7181294189492
246 431.5289353694059 277.94026295104067
247 292.04058853347857 -643.8334309100003
248 307.0978248538509 188.2590831667152
249 557.1775417976609 237.24375155066926
250 254.68561484918797 445.92111368909514
251 224.91456798305583 283.52322213713694
252 659.4530253202764 578.1467311747055
253 224.4345752657399 258.0984347841662
254 338.58524739400315 133.09025397870118
