# pedestrianID x y
26 534.3051044083527 107.37819025522042
39 152.1438515081207 557.5870069605569
47 628.6470538005478 680.0112579290102
49 510.18442982262474 517.5181050455263
57 557.5962877030163 552.6264501160093
58 78.38863109048731 375.75870069605566
60 168.84106728538288 246.05568445475637
61 732.5046403712297 207.31322505800466
62 330.63388032458045 503.6761981340901
64 709.6067285382832 203.90255220417635
65 400.76102088167056 471.13689095127614
66 712.3074245939677 203.90255220417635
67 512.4129930394432 552.6264501160093
68 494.2111080667752 88.07830947798298
69 222.33526682134575 104.5614849187935
70 174.3422273781903 264.40835266821347
71 33.189095127610244 238.8445475638051
72 543.9941995359629 26.450116009280745
96 290.14617169373554 382.13457076566124
100 453.0127610208817 338.3805104408353
101 725.5324441407491 468.27804070406506
103 1195.7555252353088 1096.3232702224138
104 721.2134570765661 198.82134570765663
105 87.2911832946636 585.2018561484919
106 333.7698126747708 466.4311365192182
107 333.80725440261176 519.8263987559158
108 227.46287703016245 77.41531322505801
109 600.9698375870071 592.830626450116
110 257.53248259860794 575.0951276102088
111 213.8039443155453 621.1600928074246
133 135.58804148586847 642.3823346102008
134 551.6438515081206 338.3805104408353
135 579.4408352668214 421.2668213457076
136 601.3566317411498 307.95008465137835
137 468.8863109048724 365.22505800464035
138 195.2431722676099 338.3429895364032
139 193.046403712297 273.7587006960557
140 479.4883990719258 90.75638051044085
141 450.0301624129931 361.04408352668213
142 575.5725984343275 458.75107463741983
143 415.17517401392115 414.6403712296984
144 491.14269141531327 441.3967517401392
145 381.8248259860789 535.4106728538284
146 478.6481509323354 640.9843705672345
150 679.9524502964782 465.94633535656146
152 126.5974969934165 652.9384985870036
153 132.54185967160734 310.5162815350284
155 705.5345257851392 467.0157657552875
187 730.7477362083994 658.4988783628936
192 582.9432545615146 690.9336449257407
195 473.7772621809745 175.661252900232
198 552.106728538283 421.2668213457076
199 728.9846624970003 428.99729205534715
201 539.1133553436919 336.3480278422274
202 273.52610234607437 415.56184093922724
204 166.00786592386066 639.421088479677
206 167.6612762534608 671.2123688996415
208 197.22273781902555 244.24593967517401
209 267.4361948955917 6.08352668213457
215 688.8378072836754 290.0425983266188
216 712.784902629505 443.69220918773374
219 642.722089994313 346.6139032991257
223 133.89187911886296 692.3288349175934
225 530.8372073841165 662.5721006744243
226 719.582853226263 226.9704630677854
228 703.0220403919849 292.9089147555604
229 706.9679437268419 287.7787944314221
231 574.9651972157773 582.6682134570766
233 536.5278456094901 456.63553102722307
234 711.4582366589327 268.13457076566124
235 585.0418229773538 266.49011874762544
236 563.5174013921114 126.13921113689095
237 521.5313225058005 328.26450116009283
238 372.61832946635735 62.01856148491879
239 354.3143851508121 464.20417633410676
240 475.6589327146172 390.70069605568443
241 355.94199535962883 416.8445475638051
242 418.1114775222804 371.770724426722
243 334.2934887166092 469.4812594505323
244 368.2784222737819 567.5638051044084
