# pedestrianID x y
1 720.0790177230697 639.4375212548213
2 719.0704984851386 636.9524093962419
3 341.1972157772622 452.74245939675177
4 287.77958236658935 518.4222737819025
7 130.0191955686496 632.2886595789139
11 142.33526682134573 615.9675174013921
12 141.25986078886314 592.830626450116
13 577.5730858468678 166.0139211136891
14 668.546403712297 174.04176334106728
15 714.3236658932715 221.14153132250578
16 568.4953596287703 621.1600928074246
17 577.669373549884 161.25290023201856
18 240.95243619489563 93.48027842227378
19 67.85150812064967 53.34570765661253
30 285.23668071580585 9.875272138007306
37 677.1937354988399 636.8491879350348
69 537.2926425416612 692.388134016003
80 21.43237421539954 285.1033337317587
83 674.1589327146172 595.3828306264501
86 386.67517401392115 430.1670533642691
87 172.01392111368915 340.41763341067286
90 363.4651972157773 154.96983758700696
91 565.9007381580038 330.74051909093293
92 182.29234338747105 320.2552204176334
93 649.9582366589327 169.21113689095125
94 468.5591647331787 29.819025522041763
97 671.7969837587008 203.90255220417635
108 146.4472277403576 676.5927780421795
111 473.0968314046548 14.8881665888283
118 309.2130395548528 8.19472679339859
121 705.3026650021202 283.26590180179085
122 581.5116009280742 318.26450116009283
124 727.8361450144671 268.7249574059988
125 357.56612529002325 430.1670533642691
126 667.8340584931224 488.16253983068026
127 425.9210822499982 317.3479884279489
128 388.7679814385151 452.74245939675177
129 627.1415313225059 135.06264501160092
131 595.3616958494937 644.7578329706201
132 242.95628099195275 24.21115860104608
136 154.02084882294614 685.7595571590269
148 466.0742459396752 281.322505800464
149 83.50928074245945 306.41763341067286
157 310.3321191668832 15.464219333029863
163 711.7412993039443 217.65661252900233
166 122.21927165356125 647.0062746940521
171 204.35382830626455 110.21345707656613
172 375.67090867454795 431.9702670725818
173 273.70765661252904 425.70765661252904
174 228.29570203989883 398.1726884984029
175 164.12412993039445 342.4593967517402
176 381.2006960556845 193.78190255220417
177 444.42343387471 246.05568445475637
178 162.75754060324832 363.1322505800464
179 463.53619751919257 52.666870006111026
233 357.6314158973828 621.142535090194
237 729.3588590549464 478.16972385605396
245 225.49010995410762 492.39347611440104
246 438.93738402049263 267.74330320079673
247 279.0551935352655 -816.139385644642
248 193.36274786418798 -160.25402753045626
249 627.9897741895071 189.7277184308931
250 184.56150791431767 441.35260924918674
251 -178.2266744796779 -43.452959023937986
252 410.9408352668214 530.5336426914153
253 178.87448841819952 224.79065448419456
254 297.59910984013584 -193.56855102837528
255 436.91995359628777 575.0951276102088
256 147.36426914153134 655.3642691415314
257 253.00812064965203 7.11368909512761
