# pedestrianID x y
20 601.4918793503481 209.02552204176334
21 696.2424593967519 224.6450116009281
22 728.8805104408352 287.04408352668213
23 643.4605568445477 228.16705336426915
25 537.7749419953597 138.0742459396752
40 709.7003393781804 401.899453745796
41 695.0035725225255 369.37663770776925
42 726.3994822795574 223.81152941590506
43 730.7285382830627 185.4756380510441
44 715.7911832946636 233.48491879350348
45 695.5255220417633 214.1902552204176
46 646.2308584686775 392.8538283062645
47 487.2587006960557 363.1322505800464
48 677.3271461716938 192.11136890951275
49 496.0240707874481 311.41612226200675
50 720.3921113689096 273.7587006960557
52 634.1334106728539 214.1902552204176
53 641.07656612529 390.70069605568443
54 592.2877030162413 153.4106728538283
55 607.4083526682135 144.15313225058006
56 532.1612529002321 118.830626450116
57 399.7006960556845 138.0742459396752
59 317.37006960556846 15.522041763341068
61 429.17498037813215 11.348101430992974
96 36.41961653852928 266.4469080170693
99 572.3109048723899 182.18561484918794
100 -253.63326067995288 1278.7521619768888
101 513.0058004640372 482.78422273781905
102 720.1626079079558 371.9670863311048
133 131.8051044083527 425.70765661252904
134 339.0498839907193 506.42691415313226
135 510.754060324826 513.6102088167054
136 402.48027842227384 166.0139211136891
137 401.50000000000006 565.0626450116009
138 163.34686774941997 57.03480278422274
139 394.97215777262187 587.7401392111368
140 200.25130954916116 617.1925026362323
141 171.79613875753836 651.0182998934496
143 167.211447907587 663.4936760006761
150 436.47447795823666 525.675174013921
151 89.76914153132253 253.34106728538285
187 675.1693735498841 671.415313225058
189 706.0284237956167 625.7513501744587
190 555.3158647430325 686.2674169072359
192 621.0203667177369 626.8091228974073
195 519.9895591647332 436.8909512761021
198 379.6198513587125 392.2620338468291
199 691.9431554524363 492.1856148491879
201 379.09765508827047 377.52330485756335
202 206.25022765193097 595.3226771110609
204 196.56148491879355 439.1415313225058
205 75.1187000740476 673.8621610762737
206 249.80742459396757 587.7401392111368
207 613.8236658932715 698.538283062645
208 216.56960556844552 294.73781902552207
209 506.53358425516836 460.4401242447407
210 726.509082391488 266.5060877422357
214 220.4734590964354 616.3645237547596
215 512.1461716937356 408.0556844547564
216 684.5800464037123 395.01160092807424
217 668.5568445475639 332.2969837587007
218 413.9536643629696 477.7305671889131
219 341.00000000000006 475.7819025522042
220 217.3758700696056 676.8027842227378
221 242.46635730858475 623.7633410672854
222 585.6125290023202 452.74245939675177
223 204.34942460488804 630.1619623755095
224 709.7593137407047 401.5081248989973
225 357.73665893271465 545.2204176334106
226 573.8992971662603 406.00141426506883
229 578.6438515081206 384.2691415313225
230 676.2598607888631 365.22505800464035
231 477.2958236658933 322.25058004640374
232 163.72853828306268 178.9141531322506
233 354.2668213457077 562.5661252900231
234 432.3109048723898 166.0139211136891
235 582.0266821345708 427.93503480278423
236 202.07109217796696 210.74132063692258
237 243.15698690738935 116.78355500851922
