# pedestrianID x y
3 180.02838405248855 666.791954767964
7 125.8886099542772 688.3489312736053
16 521.6464987464185 358.3557281604274
19 113.177494199536 590.2830626450117
83 719.3402355441376 638.3195378705111
86 208.09750453281657 638.8811125102405
91 577.7184501749225 624.5244124626468
92 72.94228223072854 686.9553393768272
93 570.2969837587008 572.5800464037123
94 576.1206496519721 592.830626450116
95 690.0214960330521 517.9394566192778
108 131.73970450962383 692.6166996515557
121 729.9209462708752 270.22523360020597
122 697.1794149693051 279.4070885618454
125 209.5675364414842 632.0746764793631
126 727.475275083348 477.3040631928624
127 215.4401508751005 608.6072540182902
128 146.43284826022813 689.2096527676059
129 698.5962877030163 613.3781902552204
131 584.0280444747515 679.5183258966881
148 277.0220417633411 615.9675174013921
149 195.90673130079432 646.2420577694097
166 124.34562117636449 687.4479376205292
173 95.41637654388221 274.2697999760536
175 130.31822795262545 655.969414758978
178 139.33269140011058 677.2073231548011
179 335.95951777013676 508.50941381537024
180 136.15828677080802 544.696957716171
181 655.42343387471 334.32018561484915
182 559.9582366589327 84.0278422273782
183 285.40255220417635 37.84222737819026
184 643.2285382830627 492.1856148491879
185 452.554524361949 312.3201856148492
233 674.5533642691416 338.3805104408353
245 101.53967096299351 604.3609844527138
246 465.31181939860915 231.37309554174195
247 246.623616162734 -1254.3730444306266
248 7.672189484224643 -720.2103813219627
249 891.6563266318705 12.233956218218648
251 531.1032482598608 310.34802784222734
252 134.31554524361954 76.10672853828305
253 -2.628563309352444 88.74532280584539
254 218.0582505880422 -849.1531069126894
255 145.07267289589802 160.53038933955068
256 435.7784222737819 354.8074245939675
257 653.9976798143853 603.0672853828306
258 266.9501160092808 492.1856148491879
259 146.70301624129934 356.8816705336427
260 640.8294663573085 540.3062645011601
261 144.55336426914155 322.25058004640374
262 215.02337332277685 192.31344330611876
263 713.2552204176335 129.09512761020883
264 334.9587914024904 546.2002312387243
265 449.7285382830627 457.3132250580046
266 535.0986078886311 161.25290023201856
267 388.8051044083527 182.18561484918794
268 215.55174760565924 432.6687722083241
269 395.5580046403713 130.58004640371232
270 235.93155452436199 133.56380510440835
271 515.1705336426915 158.10208816705335
