# pedestrianID x y
1 662.3285998537259 594.1804065912008
2 658.4009561287077 585.0889337894896
3 458.9872389791184 318.26450116009283
4 462.14153132250584 320.2552204176334
5 571.084686774942 375.75870069605566
6 713.0217682801245 238.55781762681806
7 443.5916473317866 356.8816705336427
9 649.379061765835 220.31502622215496
10 715.008120649652 203.90255220417635
11 279.2296983758701 182.18561484918794
12 278.10788863109053 164.42227378190256
14 341.0452436194896 19.837587006960558
30 271.3062645011602 60.76566125290023
34 602.6577726218097 167.61020881670532
35 603.4129930394432 156.5336426914153
36 630.4187935034804 253.34106728538285
37 623.7656612529003 320.2552204176334
38 425.7761020881671 44.90023201856149
69 490.3016642952368 683.7027151446213
72 726.5639339385383 267.02598997228864
79 151.63805104408357 687.6334106728539
80 61.44676254715867 304.08631257833525
83 613.707656612529 300.5568445475638
86 454.2761020881671 296.67285382830624
89 694.5127610208817 195.4570765661253
90 510.308584686775 489.8283062645012
91 307.94199535962883 100.37122969837587
97 548.1148491879351 427.93503480278423
100 644.2842879188023 9.712020243296415
108 173.71265221491214 646.7345085369152
111 489.762859983293 37.74013829631841
114 270.1387136662181 19.838518556161926
118 394.5023201856149 110.21345707656613
120 332.1496519721578 516.0139211136891
121 536.0556844547564 395.01160092807424
122 324.0674850148181 204.3414066155569
123 371.1148491879351 93.48027842227378
124 672.7017450366218 285.22849964997647
125 502.9456442036276 133.73998462905243
126 509.6299303944316 414.6403712296984
127 542.6462149594533 149.3099854605323
128 312.1194895591648 90.75638051044085
131 614.1898531335042 586.602282389027
132 361.92923433874716 124.66821345707656
136 179.8777610897075 673.464723652134
141 631.0840874812361 11.199297037388618
147 464.56612529002325 135.06264501160092
157 341.60112969289514 30.35437576632909
159 310.25638051044086 121.7401392111369
163 425.9892233041258 192.4609048076985
166 116.58436662778058 539.386683349511
167 274.87935034802786 86.70533642691416
168 365.39559164733186 107.37819025522042
170 275.48143851508127 72.20881670533643
171 318.6760881317918 491.6075513403393
172 419.24970462598986 552.262863112801
173 359.223897911833 445.92111368909514
174 336.08932714617174 468.8213457076566
176 730.5920465076492 641.793357232661
202 107.21628081515061 13.407325197367244
219 727.085273243962 275.65013958834015
233 428.0680617948457 556.5305084249959
237 716.0266255241224 482.2783170019464
245 292.7900232018562 432.40371229698377
246 425.58612656923253 286.0006349053669
247 304.7578425771682 -473.11374702608157
248 317.5562086343889 185.2270224189822
249 512.9541115239324 266.9142842096152
250 196.39675174013925 457.3132250580046
251 -418.65705871872746 468.42460621933986
253 287.17053364269145 164.42227378190256
254 442.0735256255128 43.38735998687017
