# pedestrianID x y
26 429.96171693735505 35.52668213457076
39 128.4849187935035 660.6960556844548
41 729.6013390296021 450.4807295804958
46 728.0483592900823 439.98516412782993
47 608.592807424594 610.7935034802784
49 548.9640371229699 570.0696055684455
52 730.8282073690699 285.075669070502
53 731.4948158593209 467.9101479127171
57 540.2691415313225 443.6566125290023
58 99.24245939675177 501.66125290023206
59 652.5603248259861 207.31322505800466
60 243.97679814385154 178.9141531322506
61 622.8201856148492 161.25290023201856
62 202.51276102088173 518.4222737819025
63 666.9686774941996 228.16705336426915
64 591.6078886310905 129.09512761020883
65 455.59860788863114 562.5661252900231
66 593.1972157772623 126.13921113689095
67 467.43851508120656 650.0510440835267
68 437.4187935034803 49.698375870069604
69 171.87587006960558 37.84222737819026
70 38.11020881670538 310.34802784222734
71 32.165893271461755 334.32018561484915
96 238.0116009280743 300.5568445475638
100 424.987003941464 337.58245249704237
101 707.2867790591076 460.12877338222734
102 646.3538283062645 690.352668213457
103 460.1972157772622 582.6682134570766
104 603.0904872389792 126.13921113689095
105 70.11020881670538 445.92111368909514
106 193.95591647331793 537.8561484918793
107 247.55104408352673 565.0626450116009
108 172.371437404873 24.82150335928922
133 139.7435553924878 619.0457760082909
134 428.9361948955917 401.5127610208816
135 502.80777005667426 434.4818464316078
136 529.2748164001507 367.351061635318
137 401.56032482598613 441.3967517401392
138 191.25260842000722 351.77517111504335
139 180.25638051044086 371.53132250580046
140 447.3874709976799 247.87006960556843
141 382.0150812064966 441.3967517401392
142 444.4269141531323 513.6102088167054
143 399.2250580046404 475.7819025522042
144 413.41415313225065 501.66125290023206
145 254.7289177490138 606.7847567766788
150 647.1507745312008 460.8610542032987
187 722.6927463331931 661.6309842619297
192 587.2942572552499 683.662278400981
195 574.5139211136891 271.8793503480278
198 517.6041250139056 405.83967069445254
199 726.8118158993636 419.7902810844181
201 537.8254308106776 336.3480278422274
202 339.2006103745191 420.81435712740284
204 182.04983103806478 616.0604834168425
206 188.3810282711465 657.2653387060417
208 187.2111368909513 340.41763341067286
209 357.0301624129931 141.1044083526682
214 146.91618165273763 688.8323738573193
215 673.6761158379292 297.8989343533463
216 705.2657863330398 435.04768192083117
219 539.5197215777263 361.04408352668213
223 141.80313037006619 685.605422694483
225 505.9185049899168 641.586176968445
226 615.3665893271462 226.40371229698377
228 670.8530573794199 317.9598704755081
229 693.3547028043787 296.72978503388714
231 545.5359628770302 489.8283062645012
233 449.2714617169374 508.8167053364269
234 635.5549861614943 214.7909041233043
235 545.5916473317866 288.96055684454757
236 542.5139211136891 228.16705336426915
237 470.02552204176334 222.89095127610207
238 277.4176334106729 172.42691415313226
239 256.94162921779923 570.1507775464192
240 344.63451147089324 520.006142963559
241 221.08780402581766 577.3513524816831
242 256.4929676755852 356.4244007444894
243 271.08705214918683 539.4725226237787
244 186.43201416775463 664.7362723240498
