# pedestrianID x y
1 709.639896792017 631.4057143928159
2 708.2835542324696 627.7069473358181
3 371.6577726218098 388.55220417633416
4 351.0394431554525 452.74245939675177
5 625.6972157772623 631.6009280742459
7 187.84686774942 587.7401392111368
9 724.6708513391678 257.4133325383706
11 170.2900232018562 485.1276102088167
12 169.03248259860794 466.5104408352668
13 450.3955916473318 93.48027842227378
14 597.9443155452436 205.60556844547563
15 597.2807424593968 192.11136890951275
16 560.2088183725666 611.7716928938119
17 450.4443155452437 85.36426914153132
30 288.3564554186545 13.951685468311606
36 726.8306264501161 285.1322505800464
37 665.8294663573085 545.2204176334106
38 734.6136890951277 231.70765661252898
69 526.2586435890585 690.315028301537
80 29.743681459451658 288.8449480283971
83 661.6972157772623 511.2111368909513
86 378.3538283062645 414.6403712296984
87 177.4466357308585 228.16705336426915
90 445.6020881670534 260.7006960556845
91 502.11252900232023 268.13457076566124
92 190.50928074245942 207.31322505800466
93 496.9675174013922 78.72853828306265
97 667.2169373549884 290.88167053364265
108 152.84991196051877 669.6343436458606
111 476.770075575235 20.00277797003386
114 274.2430424834226 9.034662307933079
118 322.58211412081306 11.432196451961362
120 170.27378190255226 644.7563805104407
121 699.3051044083527 306.41763341067286
122 519.4129930394432 258.8538283062645
124 719.4192264942867 271.3133162556672
125 420.8445475638051 332.2969837587007
126 632.6711216778706 494.60866718388314
127 425.78422273781905 312.3201856148492
128 459.79350348027845 328.26450116009283
129 491.57656612529007 64.53828306264502
131 599.8954855674618 631.2893130488137
132 334.6972157772622 127.61484918793502
136 160.5943111926423 682.7506474061018
148 519.5522041763342 141.1044083526682
149 98.80974477958245 205.60556844547563
157 318.0297753566117 19.143799350154
163 247.66055899140267 250.48304419849237
166 121.13713375448445 625.5260272437487
171 241.3051044083527 238.8445475638051
172 385.5440835266822 375.75870069605566
173 339.3584686774942 473.45707656612524
174 234.05255151620923 370.8635379832475
175 170.68561484918797 235.26682134570765
176 476.0313225058005 279.4245939675174
177 510.9753905879817 410.9022329023044
178 219.64329582682373 171.93640840730814
202 101.04501989950822 7.848900958124382
219 731.3153321854568 272.13771496768567
233 384.3075089478541 596.5936327204902
237 726.166496510705 479.1562424447302
245 243.1315381444323 476.5016499957774
246 434.36561680618286 274.0324266463379
247 286.8616194415121 -710.7778407511909
248 288.63535013636647 131.226042003805
249 583.8988751211375 220.35475649274537
250 215.3920829141515 437.5384363192571
251 106.28496129175456 190.47012383548937
252 997.8912455743792 623.7742272600738
253 207.33791703009032 245.56142922093014
254 325.4743098851978 30.093456482284648
255 516.5348027842228 647.401392111369
