# x y dy
0 261.0018190300877 144.7375073158148
1 25.02035240870694 22.817734924568953
2 25.67819986050614 22.91312267202283
3 26.040552387708395 22.843386389926504
4 26.735062656399613 22.891839384324985
5 27.00207302624629 22.853076170287714
6 26.689372285328126 22.303720122004915
7 27.36336424700272 22.42731770159896
8 28.066041641547486 22.447196435180484
9 28.827110039526406 22.18571353470631
10 29.648120254022082 22.213918304720178
11 30.375967767928035 22.168492275895016
12 31.276906111848508 22.205605334445263
13 31.851473554205096 22.131485162730897
14 32.62973181382168 22.235922920068052
15 33.643114604104255 22.365155734538828
16 34.45063003301972 22.47135337127351
17 35.067530886894815 22.93952521331939
18 35.24482494713923 23.004261301638138
19 35.66121038904921 23.095200741450416
20 36.47013026818918 23.39114691425524
21 36.969980864673765 23.720754014260507
22 37.894397988911365 24.437377639316885
23 38.91347214152844 24.72706290509343
24 39.82926203738256 25.023265348208437
25 40.74215550963892 25.26557212604727
26 41.56172267877667 25.56263865209506
27 42.62760594374584 25.508783371796603
28 43.347009252531485 25.94547807644534
29 43.71859855372171 26.546356440514028
30 44.7335573277045 27.182144442529438
31 45.71352247183009 27.475488891106817
32 46.88029808658232 27.91438960072098
33 47.57592206672967 28.293171050847587
34 48.42928526221076 28.656646507835607
35 48.98875680416882 28.939859946568447
36 49.89609872623446 29.308561115312177
37 52.442126969554806 30.20364049839596
38 53.20804689945796 30.696391802552796
39 54.20763139911703 31.31123454335545
40 55.09979142429652 31.763463559884514
41 55.58749717867213 31.964244630740343
42 56.388832473574055 32.501451901313075
43 56.724255523648544 33.29710411940758
44 57.69044320903489 33.778615378017946
45 59.7520666267101 34.268465319472
46 60.56725857476864 34.654990634872995
47 61.53621455885899 34.79521034334009
48 62.60340528541956 35.41831292742193
49 63.51216477173716 35.687455909088996
50 64.50045700311098 35.878507418605416
51 65.73621307922575 36.278356100032134
52 66.92180353522626 36.91009959006806
53 68.86160410340875 37.07902396870313
54 70.16812150791026 37.73082133142268
55 69.53641138466571 38.90397676674753
56 70.65623308330537 39.653717416836066
57 71.37581304952046 40.17534861696573
58 72.25423668447672 40.54861391931493
59 73.11249032747884 41.156290187806526
60 73.99557862031564 41.78351633597352
61 74.8511781842568 42.167931142888854
62 77.11168746528857 42.63577687862346
63 77.94340213207875 43.2695280281197
64 78.89856265314415 43.72825931923626
65 80.0349564372575 44.370979672785175
66 80.88548346843315 44.88692165415293
67 81.99390198910169 45.36013881194232
68 83.21529842231665 45.72129549639845
69 84.28997451701701 46.46403188704415
70 85.47709220991517 47.21028542796781
71 86.37318456995833 47.79315534591109
72 87.66178188616382 48.22074465857004
73 88.48147997277029 48.57647219659026
74 89.36294657571925 49.13536521880411
75 90.3584581703802 49.647813529062184
76 91.54871508262187 50.19994072118842
77 92.49001527899699 50.81424995464979
78 93.39623666621932 51.561519656044005
79 93.09240954131522 51.92207738900784
80 94.03987633133077 52.49748333330526
81 95.25045214529865 53.17460976160539
82 95.95275908387332 53.67070948438354
83 97.12031776021809 54.203776662396486
84 98.06530002342745 54.812938953659675
85 99.14738010501415 55.251126607012985
86 100.37802342090608 55.886713394059726
87 101.33728706018682 56.407682982403735
88 102.78801182804766 56.79486782637783
89 103.90544305025035 57.36378381618333
90 104.97707578496208 57.83047570779269
91 106.11739069042278 58.34372259479086
92 107.24217289841107 58.87946591870279
93 108.33624024741206 59.03030531215739
94 109.5572215547529 59.55449140226362
95 110.48243219223274 60.12224336505203
96 111.66345939056285 60.47928437217473
97 111.2905391598553 61.34564653082178
98 112.53682494629648 61.91685163046351
99 113.75477505512434 62.50041245397934
100 114.74883325148335 62.914705800354184
101 115.75960145240099 63.34732527952695
102 116.85059718880112 63.94205537898253
103 117.576979003351 64.69882124356532
104 118.39909894513472 65.27244726817904
105 113.89489771402626 58.49383459570994
106 117.96251028241045 61.45297985102504
107 118.76385093485152 61.133978103832405
108 119.7885095349617 61.57949775002186
109 121.1333107931426 61.86580304156789
110 122.52958458810615 62.199208182987654
111 124.7630832939477 62.47362817418686
112 126.62017025141421 63.4767076828698
113 128.2942096112715 64.78557969579471
114 129.91670848515434 66.11878736525762
115 140.88859205055815 88.07569409890924
116 142.33159369036792 89.1480508436386
117 143.85021711852121 90.23581458527335
118 145.47682165784082 91.14409036004153
119 144.9240647076903 91.8694071314845
120 146.2153154454126 93.08385641882923
121 147.80499681087076 94.37922408272013
122 149.11486144669752 95.99871139454828
123 150.15676763983942 97.0083999125067
124 151.40756980416396 98.2015706615717
125 152.9105440466461 99.37357903019742
126 157.9300379050584 101.40002354360654
127 159.25247810344658 102.39438828792073
128 161.18015713047578 103.62820200178632
129 163.07071015490544 104.76277715206332
130 163.4503407302277 105.77351874776072
131 165.31761215838608 106.81949836154062
132 165.1032547033744 108.971772650166
133 166.9446205887851 110.4325395033057
134 168.3628416193344 111.75581921142711
135 169.88686966958772 113.32369662989925
136 171.0253422211918 115.06111613020083
137 172.85381122432526 116.44121322656304
138 174.28997601166762 117.74165400312133
139 175.8917823026261 118.90598964413826
140 177.6937884780343 120.26198947507126
141 179.83828671404459 121.7915699481317
142 181.72568711179335 123.09303000672828
143 185.3908214422474 126.03781874809108
144 187.37137929863053 127.59321637975818
145 189.76831609050345 129.40869319335113
146 191.7606529544545 131.35570392421428
147 194.45009589403173 133.23070112878017
148 196.49508761267143 135.2217402368923
149 198.66538354121792 136.97034407329454
150 200.7870356825383 138.87874509315196
151 202.77564286724777 140.52599855234186
152 204.9858828587022 142.4111798600456
153 206.98090662313777 144.60915849666654
154 207.73675861948055 144.6498244902426
155 209.59741402007018 146.41217206385903
156 211.82705103001172 148.33975426933003
157 213.53134667248779 149.89574785735732
158 215.5645943181431 151.96719589701965
159 217.53628082386416 153.93949012942176
160 218.42779840975368 154.40023075974133
161 221.42805386524475 158.34267002884252
162 223.56551505989583 160.67080487152177
163 228.62461709313183 163.8375573409889
164 231.70920775660827 168.22294511094782
165 234.00307604304862 171.01046513155447
166 235.88334410345135 173.3488379577339
167 237.69142282770508 175.5368094851844
168 239.70245586572707 178.53292936079484
169 241.63861694848453 181.06897398722853
170 243.71032135878542 183.39065332748103
171 245.56009577617493 185.97541877629268
172 231.63988164955128 172.7097975452733
173 233.0646927391582 176.6711711210444
174 234.76457361105764 178.7294818139935
175 236.08271358511675 180.18729352302623
176 237.43503381644192 180.9453046494179
177 239.4924945394964 182.47749048924433
178 241.29046072551972 184.55619144295775
179 242.85221226822782 186.34222071278506
180 239.89046766607478 187.38324843061415
181 239.6660143391755 189.68645601889364
182 241.16441602485241 191.58529368068176
183 242.43463269491556 193.18383039785843
184 243.73395112938792 195.00776729189772
185 245.1846856965666 196.86357641669503
186 246.42633793310156 198.62087455957004
187 247.9096681831904 200.42136855907475
188 247.07037412625613 204.81946193774064
189 248.2870575498658 206.53634865049577
190 249.48528133520003 208.1582386419537
191 251.0297935316294 209.88185177619138
192 252.27476124527072 211.82183245512317
193 254.0986385799817 213.35719431086832
194 254.50785077585383 211.98876156669698
195 255.9879915332741 213.88276050264008
196 257.2654324617118 215.70804587550197
197 258.48129366425985 217.1533080407483
198 261.4534452334892 222.27369896057084
199 262.84375597916045 224.02848682829816
200 241.06075355426339 203.70119068805914
201 242.38022991806386 205.02344893647677
202 243.68891670431933 206.3795822554939
203 245.3596233913094 204.59413246428488
204 246.3791373737828 205.5041375748853
205 247.50930074467988 206.93053363574322
206 248.412455116512 208.01793287280535
207 246.60402674217505 207.09985403661398
208 236.8727490138545 201.5951300884595
209 238.93977011639927 205.49161704953514
210 240.39248837377696 206.61976096541392
211 221.60949388033643 183.11318934012868
212 222.58773300002463 184.27111051517704
213 223.63252115390463 185.30404297887327
214 224.7377377796842 186.35796904065467
215 226.067817206311 187.41941350454837
216 227.18656267670949 188.4753518629256
217 227.95641009976055 189.58527948546057
218 229.3792399029475 190.6051986594382
219 227.8682324330313 194.07636317704313
220 229.18108385353747 195.08582837076455
221 230.2197556685727 196.7520435650287
222 231.19114943485036 198.2602551453742
223 232.59379214438286 199.46893784535325
224 233.50429565421837 200.4462338267877
225 234.34144477235384 201.56809230757563
226 234.97612556984825 202.2896805329099
227 232.6872419294134 201.3678928526853
228 233.55862000893723 202.4291095028813
229 234.57764317185678 203.24179197216142
230 235.28204685995834 204.2825688595265
231 236.8847122987488 205.37981370865194
232 234.33134542107848 208.24242640502436
233 235.61345344669604 209.42548869688213
234 240.36351433393003 208.49490249387787
235 212.3334505249115 100.51833602010416
236 209.38488595734262 102.33557216109023
237 210.1469057315138 102.76770218013112
238 210.90131370375738 103.29921743633606
239 205.56824783915954 102.78783198145763
240 206.28801544240878 103.10802168214708
241 206.94273431296753 103.35522981052779
242 207.53169478648323 103.81533080908778
243 205.5543998262127 104.29667154521262
244 206.12395606314578 104.90600058504658
245 209.38807952167016 105.79072327778522
246 209.956008121184 106.2583878451566
247 210.59818499044522 106.85572978405128
248 211.13283731220776 107.54729340383413
249 211.74133246544585 108.13327653528083
250 216.28564291857555 107.26286822501135
251 215.42843608589658 108.72572932542381
252 216.0746858071383 109.38839020215185
253 218.38900300076088 108.94845591689082
254 218.95362086990534 109.48303680158094
255 219.02795938835342 111.21823052479799
256 219.65931424962486 111.67737923417809
257 220.37322261534095 112.43284900581428
258 219.50820318745747 114.07700893124051
259 218.49385718909622 113.75044152011593
260 219.15728180058096 114.22479897378066
261 219.94644809494997 114.77262617282523
262 220.73028075137069 115.33018966111334
263 217.2296467626632 114.08357565557016
264 217.39136663801233 114.89881680470332
265 218.25582974173525 115.62759564903897
266 219.02668697941752 116.39298311559858
267 219.90242256861507 116.88448429263882
268 220.38897948258693 117.7198552940293
269 221.08786818726787 118.3639276992203
270 221.709595220018 119.17313117336167
271 222.36447278724407 119.67886338016709
272 223.2201833303926 120.19664379646655
273 223.8727978339589 121.35308479757603
274 224.64012119097137 122.24307299554127
275 225.36936876443306 122.82343070497419
276 225.3025423792742 123.71626727247592
277 226.04274882812751 124.50247516100156
278 229.95550532502116 126.86469170219438
279 230.54268388340694 127.67258629056454
280 235.4943764654713 129.148330898757
281 236.1016431929033 129.88317002870772
282 236.78135102148562 130.28597690206058
283 235.63119882768987 129.51154272976854
284 236.2237269780598 130.16453120719922
285 236.91088740772577 130.51919544680297
286 237.50544851766097 131.18181576870353
287 238.2354344040611 131.46461872214044
288 230.4650694195001 122.45450565044104
289 231.04269546027726 122.91720097628509
290 231.76679513157438 123.31549952788134
291 232.4593276387783 123.83582691021095
292 233.1313430488796 124.41234176311622
293 238.56329966214784 124.91847939099412
294 239.55175552735014 125.44612390767054
295 240.33626828724158 125.92243441304173
296 241.04259065108096 126.73962134097151
297 243.26179366584586 127.60148296579514
298 244.04929470744096 128.14837943731254
299 244.6223003133952 128.6762848576628
300 245.2708482186414 129.27026597674487
301 244.9782482578772 131.76387290871858
302 245.557115707202 132.37850219308746
303 250.48824893741562 132.1836581783247
304 251.2435463331285 132.67651127417037
305 251.99053340969726 133.15878780577987
306 252.91298530332855 134.0132134362357
307 253.8844849948618 134.4076419918062
308 254.7851920704104 134.996103550256
309 255.50946513410616 135.5077775508764
310 256.21951167812693 136.2834968417973
311 257.14801251925394 136.90353696828038
312 257.63335561015845 137.529278748983
313 255.7136358231104 137.10837222623235
314 256.19418269588937 137.71951698646802
315 259.7758615865407 137.2379089431616
316 260.4540669693421 138.33468890908733
317 261.12801656011925 139.00794030590157
318 262.09724554880916 139.85314731821288
319 262.7857091268719 140.73878619487286
320 263.47113520125185 141.35129914642988
321 263.9634206350406 142.1553150825329
322 264.5416394216942 143.10910730194067
323 269.6889760070779 144.13935553215688
324 270.2697116486517 145.19938097353085
325 270.93972444544596 145.90863341423255
326 271.62650062865305 146.94474682563515
327 271.14931660550445 145.77525783167331
328 271.9704950906544 146.8593692693461
329 273.09660815818734 148.08894067736531
330 273.8206647756042 149.2122338731539
331 272.6333232969641 150.51291613157082
332 273.2816154394165 151.2953222918265
333 274.28586359374475 152.3254317235841
334 274.74558361777883 153.07303798715265
335 269.2122711062236 150.95379814370798
336 270.54842071428334 153.93654842878064
337 271.03368488566826 154.60658626576264
338 271.6685777964015 155.47468842348877
339 272.3190896437784 156.23323300721256
340 273.1377893409159 156.9987981760908
341 273.88258387127155 157.6461667228804
342 274.94101743165487 158.39616390641615
343 276.4843440275132 158.91084256285595
344 278.14926792113846 159.4801876526713
345 279.5776155527952 160.48476044427292
346 281.2810280334565 161.18618349485922
347 282.69911947665724 162.95249918037183
348 269.82437775550204 135.97956917023853
349 270.08240461507677 139.74551906893413
350 274.41656698787943 140.20523305686245
351 275.6880430221665 141.87001203234007
352 276.9957113271578 144.1725951585426
353 278.6309122976093 146.11290354284804
354 279.9535006095518 148.0396112637576
355 272.69713985042114 136.03651396686246
356 274.0616372460166 138.66318558266673
357 275.3113539755354 141.01207036348507
358 276.555103720687 143.29173117405787
359 277.6314397356321 145.6000760598633
360 278.56680026826234 147.45221135401403
361 279.75034383061364 150.2448693344387
362 287.82482149884294 148.55288097031152
363 295.7780556484365 153.5093570314244
364 297.17690170957076 156.30522805085764
365 280.3431117804627 129.72802915850065
366 281.05660512321543 130.24551969212212
367 281.51295133215433 130.78109447430276
368 282.2759937007901 131.50554100102264
369 282.9552877592769 131.905284734478
370 283.4342407382608 132.28473011259575
371 284.05942248221453 133.01934122019117
372 284.83292520776473 133.52157453910212
373 285.2424305402779 133.70903528508296
374 285.410704364087 133.98388831039586
375 285.90309571293227 134.48704323486118
376 286.5405752935294 134.8417012084847
377 287.3980306934939 135.40625380105166
378 287.3670913188286 135.67873646742498
379 288.24358474640474 135.98222367755542
380 288.315038305733 136.37560514334407
381 288.9102736713396 136.860717907899
382 289.65167201777643 137.44720367373748
383 289.9325003478836 137.96106340436677
384 290.52311239001324 138.22453354650838
385 291.24988549385046 138.67488666920846
386 291.824299464025 139.23541076288356
387 292.4941245248063 139.78185765000674
388 292.9251502580398 140.17708667030655
389 293.60344108755 140.62885830536192
390 294.2579796292743 141.0614342122587
391 294.63505392576565 141.46805257246518
392 295.35633654233726 142.16098043762705
393 295.02687996826035 144.8520042250671
394 295.93475059850005 145.13255592273057
395 296.6920234675144 145.72303715621615
396 297.28673923383263 146.31276060562496
397 298.10146336894377 146.6822379350849
398 298.5136025151316 147.25754656554165
399 299.04992187442895 147.88004836530874
400 297.89365492278506 146.67700311823472
401 298.39861166619295 147.13011599660942
402 296.116643215876 150.28960702134123
403 296.8431052056682 150.73847868872878
404 297.3295067711588 151.36155024023105
405 296.82213414893863 149.71974215315655
406 297.4638437085061 150.30779424134656
407 297.0642168727942 149.27685513857327
408 298.0420722775656 149.74058423284183
409 298.8558628260855 149.90505188001725
410 299.60584231079855 150.47723023431482
411 300.26179597465983 151.03834552745207
412 297.69414963204946 150.69856517832122
413 298.195636613162 151.50216950690262
414 290.93058534431816 145.98750827500632
415 291.2065338416042 146.60878808851896
416 299.6569081357138 152.84225078286278
417 300.1128133456115 153.42134703173153
418 300.4316167117444 153.89229029672498
419 300.98800028027256 154.36491036608044
420 301.6887602908493 154.87482277479108
421 307.21845757618644 154.64418740620658
422 309.7990656191291 155.67017627717422
423 310.7393477582069 156.1433840328885
424 311.2286903208498 156.78915841702053
425 305.24371310393536 160.68846471744826
426 307.63396351941435 159.64605252712826
427 312.5921344972841 155.29180312319357
428 313.15803233069965 155.83898028686906
429 313.70792141511083 156.0953512554437
430 314.0836117878013 156.59218434710306
431 314.71073432271834 157.00194273687544
432 315.3760230167982 157.44629746219047
433 321.1886305252772 159.51225921501714
434 321.7455835829648 160.0530004866931
435 322.20379963793033 160.66262814583268
436 322.75572358675174 161.04762769814832
437 316.41772683904884 157.60136762261774
438 317.1208926217495 158.20848818031112
439 317.5738760081202 158.74367010298022
440 318.78855454428924 158.12543051176232
441 319.17671469822136 158.67683408644126
442 319.7382861676125 159.35448326474278
443 320.4603268786441 159.52288575010286
444 321.0173245986582 160.01216950747084
445 321.5080428356745 160.49168673491775
446 322.06737382966 160.92449972041643
447 323.00577680334106 161.5899452564994
448 323.33832627096564 162.14715908307267
449 324.12540799469144 162.74054765824818
450 324.9206109076934 163.37049480598117
451 325.6640134862469 164.00271731585536
452 322.3676768877877 163.40252313824394
453 322.83906837263027 164.25248719586358
454 323.2651047379488 164.62655218303078
455 323.6191571194394 165.05279847369061
456 324.0340617188244 165.31194992122727
457 324.4974913725391 165.728902682746
458 324.874212029552 166.2987663500944
459 325.1556342626293 166.86569081623148
460 325.5807458559966 167.29984928455735
461 327.1102407362716 169.90248676707242
462 322.1865000708839 169.0857757782072
463 322.5988697535466 169.58487145064075
464 328.916266574394 171.43544514707892
465 329.57270367516287 171.80023426684932
466 330.37019270698727 172.08582390782487
467 328.4077952908051 175.1399232769077
468 334.9429171490688 173.9749316932561
469 336.05133325116947 173.7056331812048
470 326.41702875837234 152.22137024142623
471 327.1027353961386 152.47662229789668
472 332.3523081469228 155.35878082315804
473 333.3228368545895 155.6823277103733
474 333.72157916488607 155.89672165982554
475 333.9345577314763 156.24580823260018
476 334.56275251484266 156.43435769375213
477 334.972299460268 156.76484576617872
478 335.05756022234874 157.20388656304922
479 335.6771913490543 157.146180482035
480 335.92440894430655 157.60682310478677
481 336.3620902668092 157.72206422511047
482 336.71878629081846 157.92199118433956
483 337.2170454112637 158.08779358917218
484 337.67957531181384 158.1578350734533
485 338.39951172114087 158.45235165308085
486 338.7997328148648 158.61218885595767
487 336.48831902310184 157.89440320863181
488 339.8265626542899 159.23758322435282
489 326.73853614157207 142.58908505662035
490 327.1702894460997 142.5477020827867
491 327.94865034041084 142.84783550112525
492 328.5734268963523 142.92879188985566
493 328.8194042675853 142.8719480649656
494 329.5212289565078 142.8408093983682
495 329.8297883963358 142.81320615929621
496 330.1629142432219 142.68116990265816
497 330.56370265181306 142.62964466203522
498 330.99190109408073 142.6976944716599
499 331.6786189538176 142.6599632601344
500 332.16961322859134 142.72612393094792
501 326.0702726092226 138.25680391561258
502 326.464522685034 138.3118990851282
503 326.806654899217 138.2600098893677
504 327.19952612110825 138.2566498890413
505 327.39170151543243 140.31482952877892
506 327.7317784158149 140.40065397096967
507 326.7709831338049 141.95673285671907
508 327.28083632682194 142.02854061907766
509 327.8261756065643 142.15234761353543
510 328.36850581422976 142.18287217605686
511 328.8143572910989 142.11934459670087
512 329.6670969498954 141.68281479061048
513 330.3388298940199 141.3002516739581
514 331.05677427352623 141.17660090993425
515 331.71957359590834 141.33153170235747
516 332.0737569774668 141.37763096308947
517 332.62147328660694 141.6510612440563
518 330.37090817986586 142.64128746005875
519 330.6573090508449 142.77610478980074
520 331.05247530714195 142.69388920041192
521 324.38989609866474 146.74756784994744
522 324.11176747612745 146.00570332622783
523 325.19762861581836 146.59288219295567
524 325.44379193435543 146.50651783745417
525 326.32277412407507 146.55492883410545
526 326.769750594467 146.48640086499128
527 320.48598285307594 143.30463784231836
528 328.052808767445 147.30168788302834
529 328.57032238179863 147.5313489583389
530 329.09674870218834 147.5971459621705
531 329.7671892471733 147.75289772519884
532 330.19242719856226 147.9451533104485
533 322.5956180216035 141.9270591266363
534 324.7502198486594 141.0830787806649
535 325.35161858816 141.1808075787986
536 325.79105228189053 140.99219899841276
537 326.4412397402677 141.19821938052547
538 326.7565263856868 141.06401414097226
539 327.3749815677336 141.25656352845428
540 327.9001427041527 141.4481774181998
541 328.4068047535125 141.6208610054114
542 329.08028959509363 141.84402370923132
543 329.6568265052929 141.8206085550317
544 331.2641206237383 140.86859276420245
545 331.90220366817573 140.74736650981205
546 332.3285127580198 140.68586655673988
547 336.8291321780328 140.6277872650023
548 336.92807433330245 140.60855792549037
549 337.6929475928095 140.65335460592783
550 335.98568724065643 143.7343851234432
551 336.763733152436 143.85336773470982
552 337.4320185369725 143.95658206724016
553 340.5285109665988 145.26752657523792
554 336.2460310666255 146.0776279303414
555 333.75521397668285 147.39031059029108
556 325.40773853113393 140.04986320291474
557 325.7885948219278 140.31994010026796
558 335.2185077276471 147.71137829066328
559 335.80988551641155 147.66119164326116
560 336.5387362862144 147.9320798986383
561 336.96172549579944 148.05592093382475
562 332.3410089215645 148.98998231068634
563 337.4926780638977 148.3091525613256
564 337.5478453289099 147.87390575340973
565 338.00958683324643 147.8588359707808
566 338.6429822153418 148.19934183045004
567 341.18078495398606 146.0612958236543
568 341.86982594404446 146.2247060466096
569 342.2910736584142 146.187120651633
570 342.75425587744195 146.12434326828503
571 342.3881350357747 148.1708189703221
572 343.06053118067143 148.2845923761644
573 343.5345196231076 148.248466868988
574 340.03187299674164 145.95261216921045
575 340.4901250319374 146.196449490801
576 340.5628311928344 144.28625671875508
577 341.12742743396393 144.46118899552573
578 341.7333910854134 144.61518120873598
579 348.23023326001555 142.3532106413389
580 348.44376649753127 142.3882543759947
581 348.86758275121105 142.6392381521322
582 349.54842655016404 142.60465474443538
583 350.9995888754535 140.949497395241
584 351.43411547656956 141.02205174058545
585 352.065073548256 141.36290772449883
586 352.4317976466004 141.51962303781656
587 352.64715169373244 141.60028528904255
588 353.2595458390963 141.78204683768752
589 353.6335650851898 142.02639976230486
590 354.10888805287465 142.5010535385336
591 354.5185592669271 142.73288614601222
592 355.0257692911674 143.03849364088137
593 355.38545126139263 143.18419898182094
594 358.4423511767633 141.7915727592271
595 356.975037673392 143.43026610226147
596 357.4154025734814 143.58703342214767
597 357.72567228377807 143.9020233611585
598 355.5482960779527 145.41907610169343
599 351.83755841437016 151.59529544547433
600 352.08833251482855 151.79823329186652
601 346.54524669918135 150.37942513052266
602 346.9689219670167 150.72585251660192
603 347.50819385986927 151.4562929378225
604 347.91982426167255 151.7617675107884
605 339.26956869968365 146.13928140219093
606 339.52918785911487 146.34942197336343
607 340.03282433123667 146.6421877689675
608 339.94654202742777 146.77944123023968
609 340.3796207406055 147.10562143749837
610 340.5273233352909 147.73850068924608
611 340.52526099063437 148.01716101755443
612 340.9426241379981 148.4459753065202
613 340.7594361491366 149.39893574305432
614 341.13803256491 150.18236080337516
615 342.3785315775857 150.48175365493782
616 342.70902811766064 150.9885957661463
617 337.1426973318802 149.92715551665526
618 337.3800594065971 150.2719606936751
619 337.5089071224935 150.64390840121757
620 337.7296717580861 150.91165728866787
621 337.4897065826428 151.96319925053842
622 337.46685902325765 152.36181393405903
623 337.82527466664294 152.79936940494102
624 332.38251594500457 155.07023774397877
625 332.35802278453536 155.44026546380263
626 332.79946343669513 153.17655162052242
627 333.03593926907024 153.48275837740943
628 333.6548320011023 154.2284324666582
629 333.7767667148494 154.30905178874457
630 334.0199843768461 154.53536349264445
631 331.5444214213594 153.27063699407276
632 331.75098017746103 153.49040809946985
633 332.0691098949594 153.8041915270957
634 330.05733432781784 154.88211859213538
635 330.3544607159545 154.98800783228464
636 331.43523251097355 156.2979170600987
637 331.6245804920647 156.69660817314733
638 331.9189884457998 156.88131510878856
639 332.21584949132944 156.80690030402636
640 332.56013475455194 156.9355280898465
641 332.91230929159093 156.8877913803666
642 333.17582781400364 157.12953660063008
643 333.6241813574401 156.97147640578265
644 333.7837684512674 157.2413060395334
645 333.955170502607 157.12911555917626
646 334.1872975588683 157.25803045747242
647 334.6923580980274 157.30722929450593
648 335.01249886563636 157.24852634038285
649 335.4491467982072 157.38318948433664
650 335.72414335942244 157.53149201587541
651 334.66853878065456 155.33698037521685
652 334.9886146300532 155.24585642719725
653 335.37898356473113 155.20462935766784
654 335.48726622573764 155.19519825931548
655 335.9281508541529 155.17809758163554
656 336.39538053308206 155.22510657022795
657 336.68669274564655 155.1724520709456
658 337.1723340905033 154.9859479969686
659 337.7612645763581 154.82349653556372
660 338.0851429504866 154.76483977033905
661 338.41313164071704 154.80858961737664
662 338.9584206958739 154.63390640962544
663 338.92887561546473 154.47811422047715
664 339.4276078901327 154.32996445089523
665 335.14213452149846 154.24873225225343
666 335.5379038439649 154.18093211264843
667 340.6176865016251 154.17044043950796
668 341.2010993763672 154.14870089171464
669 340.7491334664056 151.89271251019454
670 340.9020994621994 151.10929890366353
671 342.89853022787696 149.89122958050513
672 343.19332040703597 149.90243351748185
673 337.13341193295497 146.99683260542253
674 337.1196696157608 147.29262811336645
675 337.4586060292422 147.19595158813675
676 337.7371055267382 147.00255925486354
677 338.2519807027151 147.14473420501983
678 338.6523761481726 147.1212429816373
679 339.0546256738139 146.93703965011338
680 329.32345053042627 145.26696626592974
681 329.8272269733857 145.03374489869393
682 330.2655471684835 145.12501376856486
683 330.7150083725261 144.8279038986988
684 331.3861301861732 144.6662906610686
685 324.16721738958995 139.98319479205853
686 324.6456835817812 139.81987575672065
687 330.66487719389244 138.59777933453321
688 323.51352270761186 142.57904098069534
689 321.6246692088627 141.84635579556965
690 322.06756740825057 141.6121419396577
691 322.66400029668625 141.6280882655315
692 323.14283581853516 141.42524423845566
693 323.5979573428818 141.32284049016772
694 331.34221715474047 137.0800932786601
695 331.774656954164 137.11827171308624
696 332.15668386208404 137.05820196178337
697 335.5460299546565 137.63179478209392
698 336.07399327287504 137.48730962416195
699 336.5275099052651 137.43782534197487
700 337.23226601672667 137.63794144358764
701 337.7286641641731 137.5545822234574
702 338.09333950199914 137.7912514968578
703 336.17989495433415 132.85543987118749
704 336.45467957065136 132.72951443590406
705 337.15118815096014 132.55396385331002
706 337.62400930057913 132.53219542388203
707 338.05429348018043 132.48578906943825
708 333.16919249278783 131.53253054560446
709 333.5549278394975 131.45437954266976
710 334.0460753536826 131.46783232067904
711 334.41618180539393 131.57059531770255
712 334.2285621659129 131.83285846701742
713 334.74222696601936 132.18283134129527
714 335.2349640707784 132.06969224283466
715 336.20767923756057 132.10568688230765
716 336.58847823168674 132.15283738390943
717 336.96307938367465 132.20773109982966
718 325.20524934669896 117.27252020206835
719 325.45285716037137 117.24146951349404
720 325.1114793085723 117.6755499730874
721 325.6813500065843 117.6884724106544
722 326.0136400772978 117.85856905374305
723 326.3553486094928 118.00079810970675
724 327.01168764649026 118.23995639186994
725 327.78927981576584 118.39618751209402
726 328.2882521300879 118.50530269001798
727 331.89607339028817 120.09380873436955
728 340.20233551012467 117.48025299387373
729 341.8578549011405 117.02809979126341
730 342.3565471349054 117.04313447379849
731 343.12746736350596 117.37206187173392
732 347.71614762696635 117.03257238454088
733 348.2937267927521 117.12282745927772
734 346.6738932199451 115.65593304014058
735 347.48196245832054 115.82253221451354
736 348.06987287938364 115.866994675665
737 348.6289960468774 116.0510417563668
738 346.7227378272772 118.68002227730074
739 347.13838379203696 118.86650643312123
740 347.6949321288951 118.80428323035842
741 348.18711083697724 119.18660111598368
742 348.6422802128335 119.30485520298154
743 354.4718763354354 118.09196627859066
744 354.1915465781474 118.59122685471766
745 349.00215148713346 117.6398544028889
746 349.54100516719194 117.94049278107788
747 349.9618422831229 118.35431548960987
748 350.45853700460117 118.65391034748215
749 350.94163812344857 119.22305046152044
750 351.64018788610764 119.43331867532736
751 352.3308805323773 119.7022782987826
752 352.3617547797287 119.4805275390812
753 345.67937768949884 110.41127009260441
754 345.89475149140384 110.17839502817124
755 346.1199627498419 110.08524157101313
756 346.592364111381 110.12028340573151
757 346.9384155222861 110.05382512806837
758 347.41068415347803 109.99362478192558
759 350.00071335712187 111.48303060327326
760 350.60914356965407 111.53944662557578
761 350.9985242854987 111.19085054861951
762 351.74554761454675 110.9807258737467
763 347.59048518554124 111.03290714818151
764 347.94383058207336 111.20851747494126
765 352.49791015824445 112.75446086541201
766 363.087058047119 104.02321620914829
767 363.27506183219344 103.8234546584186
768 353.48374453555925 112.60572417423145
769 353.3492070594129 114.72999118061118
770 354.2877190282914 114.54407895588267
771 354.51173700218504 114.50690732464753
772 354.98752027092377 114.53321930594711
773 355.15501216186345 114.48210705182949
774 354.9395792903633 113.62962425755379
775 355.1347789108081 113.60425574452739
776 356.22471497700275 112.85843369915274
777 356.5438932508299 112.73588275775964
778 356.1987206776113 115.19196982372625
779 356.6504393716513 115.15753826271094
780 356.98507969111836 114.96020067200509
781 357.23829483613923 115.07097967591719
782 357.564169681798 115.0052774308621
783 367.8793843105004 105.75459395416725
784 367.8570067617576 105.72160190699707
785 360.849253557946 102.91454107013669
786 361.21213423816056 102.87388715399672
787 375.88406157131743 107.96617936247118
788 375.82970120139174 108.8542993215294
789 376.42951336402825 108.86106006937504
790 376.6708880948496 109.07024469694441
791 375.568618527268 111.24894868684649
792 375.9291614453724 111.19431075491508
793 377.7269974290288 108.86544305502827
794 379.3726001112245 106.48437116436759
795 379.62993265381107 106.39410218298235
796 376.90151298669025 107.81014364918767
797 377.3311102847927 107.82765833808483
798 377.6777981587057 107.68175445126076
799 377.7440641523301 107.55362645608577
800 377.9097229468729 107.41997149314999
801 378.2958026458242 107.36064852749928
802 367.50345226039076 97.1243999999655
803 367.80011766053315 97.19933566953384
804 368.1989486062352 97.2367250266647
805 368.41275504834584 97.30557684192833
806 368.69372871172556 97.2188666240867
807 368.9963861803914 97.34209013132133
808 369.5025752543991 97.36642639517228
809 369.5978925560902 97.07355902743305
810 369.8413232300658 97.09712948077578
811 375.2340471533858 97.5755245073344
812 374.971383591819 97.6769738968445
813 393.2208304625127 81.34076500314715
814 386.28905589043245 85.82243828427333
815 387.3368454051192 84.8394684435249
816 387.5911043420764 85.00742241290041
817 387.893339084642 85.15857407489649
818 387.97273227202265 85.08365517689636
819 388.2209873357836 85.06408867526977
820 388.35535064595285 84.78013382680017
821 388.4228254711236 84.86251647600072
822 388.4273049257955 84.92611406189785
823 388.38702128164357 84.688742987604
824 388.7422238464829 84.7161820286302
825 390.4279567845454 86.3007971765578
826 390.7927687296868 85.98184595875239
827 391.1037069492753 85.75813836086587
828 391.5149838361943 85.71504334652369
829 391.5730081497472 85.76340139806214
830 384.18675842834904 90.31215591539505
831 384.50374439294933 90.65162701133815
832 384.5328156371378 90.17182819582764
833 384.8114012832508 90.60554948350021
834 385.41397443754875 90.42406598702877
835 385.6744293457575 90.53586265053966
836 385.86731383800577 90.80614403678216
837 386.14050387471497 90.86392384534223
838 386.94508261288945 90.61933093760729
839 387.13205988215935 90.77256700531589
840 387.36439346776984 90.92696615497348
841 387.47953291777526 91.04876170382943
842 387.7834703884911 91.15960965718818
843 387.9384125781841 91.21420006160199
844 388.22051653067984 91.216430233571
845 388.4839759275754 91.43478940155008
846 388.8072770341636 91.50620209766659
847 390.964029545575 91.09393968721517
848 391.08376631793874 91.24907014704704
849 391.3024027121539 91.4404443083915
850 391.484336856806 91.56285607100256
851 391.6676983994257 91.8041097254185
852 385.00724898032786 92.68426399414702
853 385.3455487174948 92.79142269092871
854 385.4994442357638 93.11466711054813
855 385.91745538683136 93.11203419079295
856 386.20634885357174 93.23472521081837
857 386.60087189600614 93.27486716172729
858 387.9110027209628 95.22824638063449
859 388.14373459496085 95.47121334086066
860 387.03203386169446 93.84594596385692
861 387.37984786278844 93.99595410719176
862 387.7038230372182 93.93587266276019
863 387.9626693563905 94.19058453449743
864 388.29612089174316 94.1024643031799
865 388.6060364912875 94.2604868297718
866 387.97631679963894 92.12532112408846
867 388.30172407045836 92.08229398603252
868 388.71936412992505 92.02128037144925
869 388.3087094335153 91.599640308482
870 388.6321894200197 91.49078486262678
871 388.754375762195 91.41711443634519
872 381.10615576092374 102.66928217715089
873 381.4173489463068 102.8296803447132
874 380.6095766046457 105.33484094175884
875 380.8310625278315 105.392077765945
876 381.63686072762545 104.04926860272589
877 381.84476565151186 104.36161386680581
878 382.19019076974894 104.3053590240207
879 382.34901860906155 104.46125581109197
880 382.51253468904105 104.46030269118816
881 378.9600571897087 104.01350189878018
882 379.1532961025726 103.9650884808334
883 379.00195554444736 104.47417076587561
884 370.92209600184384 98.64301680137316
885 371.0710880140899 98.93055741179079
886 379.4457526108735 104.48579604148047
887 379.99050874413166 105.43852923334921
888 379.13253063057226 107.86273725843608
889 378.87265732075844 108.04705361751826
890 378.98390652936456 107.97191769845328
891 382.09678932120613 109.71573683993007
892 382.39134456091176 109.68215870493181
893 382.58580071700436 110.07987327852258
894 383.55169692015164 109.92341010505076
895 383.6923057001849 110.1131825064567
896 383.7582992622704 110.1186641850687
897 383.5662810629585 109.74942510913814
898 383.84618891506614 109.91280480150277
899 383.969077650469 110.20916862315606
900 382.84381853571267 112.50215003578958
901 382.92096063681237 112.60509009999649
902 383.05672730324 112.83757635624667
903 383.2554918309532 113.2565126684216
904 383.4283088647886 113.3239380816834
905 383.6670596030028 113.44272294585139
906 383.8904274704482 113.40122091589919
907 384.09137855183525 113.58668027672798
908 384.4667441866884 113.77259257884003
909 390.1507506493392 109.31018224400145
910 390.37675795075006 109.37166700240721
911 389.7932445930303 108.83856391702597
912 388.4086513470388 111.26469540916911
913 388.5849789739081 111.29352668296522
914 388.58528040448584 111.87168274301527
915 389.1349630324089 111.59252876484199
916 389.4076667096788 111.50392385336309
917 389.66977382283426 111.63504298901336
918 389.77170009294906 111.67080493796277
919 390.33724558410916 111.76196030658592
920 390.42253076564964 111.72884170695949
921 390.65443024435433 111.75081424313312
922 390.00876441937834 114.51581730060349
923 390.2074788735571 114.4763545335375
924 390.3029003374278 114.52823414834529
925 384.815247149823 114.89453568021034
926 385.296880664991 114.69672950738436
927 385.5414711371137 114.91762690148346
928 385.8117631924153 115.03433309883654
929 386.1703741861309 115.1207572196152
930 385.4710761184086 115.09706056757298
931 385.915116696509 115.2784837834435
932 385.8476080929954 114.91930944024806
933 386.25241019583643 115.0524505825131
934 380.12289958713865 114.42015938966743
935 380.91982349988257 117.65394050796674
936 381.1257459034155 117.76165825630956
937 381.0502163654289 118.07963059894328
938 381.3867015396579 118.09017825013814
939 381.5144958053329 118.11712623816216
940 381.6457710766785 118.49036267725268
941 381.8400278704806 118.41720793274422
942 381.78705591316157 118.4216120111744
943 381.9607009224427 118.6029462272602
944 382.0581391680983 118.46749461959205
945 382.1043565228324 118.63124244508082
946 390.53425689540256 117.75648422927345
947 392.23093164165675 121.54316595622805
948 392.45844568616735 121.55760315285873
949 392.81647532704227 121.65355790625662
950 393.04653264718945 121.68127443836981
951 393.5354167079735 121.44196785087686
952 392.9288951374387 122.63659133948603
953 393.16407758974583 122.70741709227619
954 393.5541583052858 122.75561421321179
955 393.7765359662453 122.71579644051877
956 394.063000823413 122.88583582203155
957 394.1271626322972 122.92047020052482
958 394.3731258664383 122.9818329015645
959 394.87317171923524 123.04722713261695
960 395.0099927566061 123.05661485243712
961 395.25345224351196 123.21517438404777
962 395.32579215021104 123.21479551212138
963 402.75291620111557 122.4429203893568
964 403.04074734902713 122.4519676015157
965 403.17802165014325 122.58050872344273
966 403.75826336622663 122.67855097979107
967 403.90360403955424 122.72302067428633
968 394.81696869539405 121.11412585434279
969 392.97278481342966 117.96800128839048
970 401.9876423033868 120.02433598885492
971 397.96466938690276 122.39588974711394
972 398.0990954009378 122.39265318935111
973 398.3984780727118 122.57876409078091
974 398.70668035743756 122.92262056069565
975 398.9132973247072 122.78915106886404
976 398.795103725255 123.09463757187692
977 398.77701596748153 123.15192648564395
978 399.7617120844523 127.25207439149413
979 400.1343629524585 127.04743672557532
980 400.2350923071657 127.31703962470833
981 399.3747725860502 128.19914179615012
982 399.74724239826253 128.0820089693354
983 399.7684564724255 128.2938109874566
984 399.86334647579054 128.39982633607866
985 400.2399763523488 128.20340882095087
986 400.30267973617265 128.42870224249504
987 401.7571713558391 130.39615286412578
988 401.2762165525467 131.80291771411098
989 401.35844227203495 131.89426033908978
990 401.5350962712886 131.89283886466353
991 401.6883262911785 131.92484832679511
992 401.7789687693066 132.0465061398047
993 401.9208758071521 132.08182767297924
994 402.00243829828145 132.14876470532653
995 402.16382262806894 132.18343328295708
996 403.078809202535 131.67790425341735
997 395.11340354862676 132.36799402343965
998 382.71882507414244 136.25073128398154
999 382.84061086716764 136.1878506251664
1000 382.9557707674505 136.31853180515338
1001 383.24779198953695 136.1462812257499
1002 383.16559713787785 136.3062864955429
1003 383.47670922553266 136.15782242634936
1004 383.5494843813079 136.18269073752364
1005 383.63302457283476 136.15876260706563
1006 383.8050969948382 136.15893779934947
1007 384.2823810260954 136.02239072417984
1008 384.3262328656479 136.1830828850168
1009 384.44534579191065 136.19664397358954
1010 384.8022914199384 136.21753791702602
1011 383.79469159666036 135.75729164914756
1012 383.97998963231106 135.86772735758078
1013 384.01960272177166 136.00024549273462
1014 383.9158515767621 136.10520405455125
1015 384.14521700030014 136.01139964472256
1016 384.20689409856817 136.18693209384205
1017 384.3424478924484 136.38905595334688
1018 384.4082719262581 136.2791664176203
1019 384.6015121345016 136.4342827793133
1020 385.1573076026281 136.14128081343264
1021 385.13812963341064 136.25335171670514
1022 385.371249623014 136.3092934697983
1023 385.46531340876953 136.4327510314553
1024 385.6827102804634 136.44412117034582
1025 385.9034331495206 136.4414223655134
1026 386.1000123477291 136.31096818803962
1027 381.5711541327677 133.4162751545988
1028 381.8387524048668 133.2780809826455
1029 382.0183206725897 133.369708397312
1030 382.03729340313873 133.37687960566888
1031 382.2765445748966 133.3952633819973
1032 382.6012618082918 133.39978042999266
1033 382.65386362803633 133.45458358211786
1034 382.72976297182726 133.46369593637638
1035 382.9558235892762 133.3967987199065
1036 383.2725492660456 133.18507346160405
1037 389.6024254899216 135.31303789196633
1038 389.6968673863424 135.3671137539472
1039 389.8164132814522 135.3303704632715
1040 389.9185365631069 135.3098466207136
1041 390.0832480242851 135.11919970964362
1042 390.46348627348175 134.98893105079503
1043 385.0525491059108 138.0455044127307
1044 385.16219864434737 138.0964497474884
1045 390.8910060257258 134.83331542633985
1046 391.0688820954958 134.82993228038941
1047 391.23349056089734 134.77049376541808
1048 391.2537457066571 134.77504454316582
1049 391.32234011442836 134.8147471603412
1050 391.65623152107304 134.64167384357566
1051 391.6936115615698 134.69216549962766
1052 391.7651317369439 134.68293784028114
1053 391.96615797116766 134.56501675861077
1054 392.08576362177894 134.47235426390597
1055 392.37353535580127 134.34740195756
1056 392.5339142870538 134.27066648214938
1057 392.75506186331387 134.20007334674898
1058 392.92404586832606 134.12505300240184
1059 393.1664821823418 133.98721675775366
1060 393.40092532193086 133.9856450186051
1061 393.4663246308826 134.07497848584774
1062 393.667888276889 133.99960484146777
1063 387.204346625483 132.29950416099433
1064 387.3312914523391 132.19687120687377
1065 387.5749155983486 132.1068784053843
1066 387.69020481403817 132.20110500324452
1067 387.8912519724426 131.9813402591145
1068 388.2018305696928 131.99388868149913
1069 390.2764960785554 132.12802297290727
1070 390.6207024218456 131.7769394040272
1071 390.7120478654528 131.86319795482095
1072 390.9817418022921 131.91568665350763
1073 391.16546820695106 131.77285847776906
1074 379.5276406794337 127.91460208901415
1075 379.6594890730093 127.83998179251896
1076 382.28332712129077 132.04310670406767
1077 382.3668103906817 131.95614136728548
1078 382.70774456964193 131.66367308276108
1079 382.8250438626604 131.6619117368268
1080 383.0276536674484 131.35799320143101
1081 382.48373347852197 132.02065092822895
1082 382.6886291710331 131.86381180921987
1083 382.86822436297047 131.68588310018018
1084 383.11114982207346 131.72822772802525
1085 383.226556326189 131.5081650223813
1086 383.3024878494572 131.6023077568931
1087 383.22166369720696 131.43108748104027
1088 383.3580267821494 131.46614667150286
1089 383.10268768658887 131.35857067959756
1090 383.15495433961576 131.25632467795143
1091 383.3980910883336 131.10494763374874
1092 383.6300871020458 130.92523510307902
1093 383.96836642472607 130.83624453272495
1094 384.05271420628156 130.86696761730926
1095 384.31032533373326 130.7066249447546
1096 384.2826034920648 130.79196128488056
1097 384.44829897026085 130.7828120198333
1098 392.6461138249324 132.29354145480787
1099 392.9339365852328 132.3239909782107
1100 393.1034010540283 132.209654996333
1101 402.12650413871825 132.64512250069603
1102 402.30545930554456 132.46638017646183
1103 402.47220205637234 132.33439782269033
1104 402.70347947032593 132.2302435833097
1105 402.85376848344026 131.99601888470377
1106 402.9408832293777 132.03577383257775
1107 403.12359950717024 131.91089371297386
1108 403.57645697819675 131.72145862698812
1109 403.72675372106306 131.7759319999967
1110 403.7692541172978 131.81026118924703
1111 403.52863793876844 131.50038011626958
1112 403.5725837992042 131.52040426916702
1113 403.6396865186504 131.51031966801833
1114 403.2757874624838 131.3401759600732
1115 403.36993490852956 131.41557552556534
1116 403.741743598717 131.0395048040217
1117 403.83883828763135 131.07902591211388
1118 404.2168666431478 130.9413011782228
1119 404.5703491475722 130.79435039899604
1120 404.7063907506058 130.808791396325
1121 404.83522726796417 130.6551877435671
1122 404.9340633351383 130.64351082109937
1123 404.965042923278 130.54250121575348
1124 405.3765699856281 130.39117061483398
1125 405.3915112404458 130.44460796466757
1126 405.5627473437192 130.27773179998053
1127 405.6947406696068 130.24502532850428
1128 406.0229043759301 129.8533793056102
1129 406.17912588017396 129.9390083578244
1130 406.7981027898028 129.6080524212457
1131 406.88721655261065 129.6955290428898
1132 406.8642040308828 129.44160536797776
1133 407.0373591424578 129.5061826256954
1134 407.7529048502308 128.9606555248577
1135 407.8300311865316 129.04648933371368
1136 407.9508500211129 129.07770451874842
1137 415.9994189641485 129.8016075364379
1138 416.02858919738935 129.8269985945217
1139 416.32700839366566 129.66574970562834
1140 416.53857199714565 129.49194182073418
1141 416.6912630733536 129.5008929944459
1142 417.02895699456553 129.08446610041716
1143 417.1118974757365 129.0594056118265
1144 417.2737375008699 129.14326543291585
1145 417.4964436273113 128.941658993736
1146 417.8647656170362 128.80654329051788
1147 418.1039637568116 128.88145407210686
1148 418.1998922937227 128.92541389621454
1149 418.3984376058221 128.99558005680495
1150 418.7186241757078 128.8186244516325
1151 418.7961988970625 128.88697489232325
1152 419.0745984152745 128.78088738344977
1153 419.3107462155252 128.63031206500733
1154 419.6006357856653 128.38901574203587
1155 419.94930833537234 128.22066535863829
1156 420.19505444798625 127.96896726658352
1157 420.5457830887894 127.93484805755178
1158 420.73577387373547 127.97988850473033
1159 420.94077913959813 128.03690736370444
1160 421.0231868733741 128.00032291451748
1161 421.0282119119141 128.002965793646
1162 421.12910693619193 128.03058789811323
1163 421.65770172210125 127.65661305480938
1164 421.879600917651 127.74791397937273
1165 421.95415800751124 127.82740460172003
1166 422.2878837140575 127.71169263565565
1167 422.2468843060933 127.99409479369481
1168 435.13132160396356 133.87016907803297
1169 431.332880014814 135.92201120429914
1170 431.44216467052473 136.05691419179294
1171 431.57593732931184 136.10836308362852
1172 431.6887495614814 136.21632022838818
1173 431.86780851230253 136.1476898296666
1174 432.021891716661 136.22732853457202
1175 432.3968776161742 136.11401719267312
1176 431.97990833495146 136.80663540210344
1177 432.10099346589135 136.9003799628917
1178 434.05003015861314 132.60779681525202
1179 434.13211756279486 132.70192601625703
1180 441.38441484548616 135.7325086567911
1181 440.5373060405381 137.33015033022636
1182 440.75417000135496 137.41001366903865
1183 440.6754944191643 137.44826626891407
1184 440.7482497648489 137.46935996831255
1185 440.7804409605227 137.7976874470373
1186 440.96618735744585 137.97039232008362
1187 441.36264900286267 138.35692019757423
1188 457.92406333104316 127.24335392842163
1189 451.3613685084377 129.97751003184456
1190 451.49172361519015 130.13564123524606
1191 451.7650557562074 130.24878264362187
1192 451.6009851436659 130.4574844846006
1193 446.66701710895774 127.98219871311731
1194 446.66282334733705 128.2307941241304
1195 446.80129213579926 128.10799629022253
1196 447.0343793683446 128.2089340811005
1197 443.10805572017694 131.71485799611435
1198 441.531874451706 133.46618054239445
1199 441.6380438163446 133.5276088554993
1200 441.601089623326 133.83975569026987
1201 442.49967892257956 134.5571744913922
1202 442.60582603942805 134.63240895366812
1203 442.82860137504576 134.71304562664267
1204 442.8234006073571 135.00499497244414
1205 443.12002483972555 134.83638895002085
1206 443.19220610734095 134.8653942245347
1207 443.1624062846826 134.85730532957865
1208 443.1750080547623 135.15544440192923
1209 443.42601412985107 135.29370462079996
1210 443.61070809425286 135.358391121789
1211 443.50767782571336 135.35358757522053
1212 443.7334426604592 135.53442283849841
1213 423.8908137388523 151.96691908195285
1214 423.59947340411594 151.79595678052738
1215 423.6830852010328 151.81972667767835
1216 423.7993632260825 151.90351039179697
1217 423.70499805760835 152.09983417847866
1218 423.7736208798789 152.1140293557291
1219 424.03152142353844 151.97181426451183
1220 423.9970479717538 152.21756586496446
1221 424.29333940543427 152.33266736711272
1222 424.4971902896567 152.45314175459993
1223 424.6506898494031 152.73651659918397
1224 424.8718981039743 152.81220904488615
1225 425.0400003722813 152.92326012997702
1226 425.23503973705385 153.01700042120063
1227 424.36083381069477 153.88849412290503
1228 424.5202705079239 153.95097870884044
1229 424.46566614989854 153.91477992020168
1230 424.5679756801325 153.94265083198113
1231 424.5507753274108 153.88737543975958
1232 410.8713839322285 148.98083802620303
1233 411.0021766757629 148.958687710169
1234 417.8505902601963 151.87565580706405
1235 418.0047616416579 152.0058048305926
1236 417.9543210334611 152.19724414451682
1237 418.0363376028002 152.18178476902708
1238 418.17931956371507 152.23215330776392
1239 418.08956021566195 152.4239610804282
1240 418.1341478639495 152.40124005009005
1241 418.18743905027156 152.35636128806243
1242 418.28129539369274 152.40882991133208
1243 418.44130096841025 152.43602335403665
1244 418.062896178979 152.48815111841375
1245 418.28277322159107 152.5252816079468
1246 418.30423207025524 152.68138407801553
1247 418.41268173851887 152.83667569412535
1248 418.39780719540084 153.17358493179108
1249 418.292899249155 153.34721033554214
1250 418.15877976872656 153.50243813319418
1251 417.9942793794508 153.94320135488465
1252 418.03732457995096 153.86284380797065
1253 417.9349099687657 153.9172763184878
1254 418.0339890922789 153.89755694345774
1255 418.19650739744054 153.97215958617062
1256 418.2798630489147 153.89441617473915
1257 418.4985346773305 153.92764993123635
1258 418.4002123279862 154.14292413462033
1259 418.53737674069725 154.1835409679029
1260 403.72708585736734 158.98690003428007
1261 403.8459046497399 159.06149527573248
1262 403.8877557199577 159.1091921999469
1263 403.80313620220187 159.27952418248583
1264 403.4634542758267 159.55044162863095
1265 403.6105351393693 159.56575447985816
1266 403.6199981017415 159.55366873762313
1267 403.7000397194887 159.50408245517744
1268 403.4182594379219 159.3214384745088
1269 411.8614298324386 161.61642621686178
1270 411.2767998901404 162.88750461588944
1271 411.3456117152201 163.07594574454413
1272 411.4700847242223 163.1237001580041
1273 411.35672830122985 163.48246186673308
1274 411.3683760108996 163.60852055458636
1275 411.21637706624585 163.99565426419574
1276 411.2928941827732 164.10781908891752
1277 411.37959439560666 164.2664183186703
1278 410.90584386018435 164.3233030074419
1279 411.23183857615953 164.28684578956177
1280 411.18356002491356 164.44553825595366
1281 410.3569507207908 165.74082346325636
1282 410.4035260928277 165.84975628463667
1283 410.4929801944956 166.04730366192837
1284 410.5729682604439 166.38004909752001
1285 410.5646864437451 166.5328723916483
1286 410.3442769561746 166.7718301046207
1287 397.82440258827376 166.57351786657796
1288 398.0436727020937 166.69797864380877
1289 397.99006121343876 166.99439243776496
1290 398.11226977145077 166.91960449881975
1291 398.15156497912443 167.21329546240582
1292 398.41078839932646 167.12381872729455
1293 398.19325539760706 167.36962559853725
1294 398.1971746132661 167.60785984306054
1295 398.2523474022785 167.83054079954906
1296 398.59159080367226 161.73109950921753
1297 387.0199176297278 162.37932520901595
1298 382.0092860380361 157.24267581988613
1299 382.1386072529955 157.26556724961515
1300 382.21817273387944 157.4580301702025
1301 383.0082639004636 158.3630127808114
1302 383.08186693384624 158.31544533683925
1303 383.37209565808456 158.5086242433373
1304 383.4202197879613 158.5297276827744
1305 383.6963420576925 158.35697940561326
1306 383.8867067321765 158.3970910406228
1307 383.93855238811335 158.4714133052939
1308 384.0856904768331 158.54623687207265
1309 384.05003082901476 158.72692426983684
1310 384.14727510513205 158.91042899752605
1311 368.67461993751436 154.62067563956242
1312 359.6776195033985 157.5554244230121
1313 359.33170480708173 158.1184812267109
1314 359.51205869037693 158.1088636220368
1315 359.66425725817936 158.11850145331738
1316 359.8132004874945 158.11919256653934
1317 359.74241540769276 158.2307613373324
1318 359.91764897228285 158.23648320184665
1319 329.94675081745265 128.15734150260636
1320 330.07687957032306 128.12873353071168
1321 330.04513859321423 128.1322033520164
1322 330.1465856797268 128.1455414871301
1323 330.0446991911638 128.25738884750822
1324 330.15271216293814 128.26755415244247
1325 330.05258633242306 128.36785219644867
1326 330.21676588108414 128.38635313496812
1327 330.42319723138075 128.38089079989038
1328 330.55981251861454 128.35785353173455
1329 330.6384653627615 128.28570156078374
1330 330.81740779813975 128.27528622124788
1331 330.9914993646667 128.21050145390728
1332 331.06659122620607 128.1675322006819
1333 330.94698806709283 128.22374890110262
1334 331.1453022324421 128.17653630723532
1335 331.06899583888685 128.2051543013988
1336 331.19655788286497 128.1440320364515
1337 331.1238772617256 128.1565271941894
1338 331.25534654807547 128.16519406884035
1339 331.3269237208438 128.1469824154318
1340 331.4117345960767 128.2051999051984
1341 331.38907620432457 128.2633153532326
1342 331.5223460757901 128.31246863521287
1343 331.68971979832844 128.27559514678148
1344 331.868409629829 128.1982811300345
1345 331.79415137511745 128.2704485649406
1346 331.9522106158496 128.25314930678076
1347 331.8897204737785 128.29171714318284
1348 332.01830014467 128.29295044487787
1349 331.9598130569545 128.36199520240893
1350 331.8459261869111 128.44393969659444
1351 331.92398841985397 128.3579388206717
1352 332.0759581346602 128.28657004824655
1353 320.8760940946376 128.56122135442652
1354 320.8710511535095 128.59717338254006
1355 321.1981440707842 128.48382640611774
1356 321.124028594049 128.54640704777353
1357 321.27560690228637 128.52372574902074
1358 321.40324984587124 128.4443028296215
1359 321.4568929606168 128.45238445375506
1360 321.507470302267 128.45828333501208
1361 321.65747968192835 128.4460838992391
1362 321.6303864342771 128.4511235096045
1363 321.79050863544705 128.45708649149478
1364 321.7116917146208 128.51869283156253
1365 321.823437770302 128.4223676895895
1366 321.7247410686703 128.44010112504915
1367 321.86216808646145 128.4403000084862
1368 321.9667408618928 128.41550566312569
1369 322.4419035856563 128.44776575728363
1370 322.43417643422987 128.5373517385182
1371 320.7227754041756 131.1597906285769
1372 320.6036206284635 131.30638572114512
1373 320.5494698112188 131.4015180008144
1374 320.6614201107738 131.51516129575506
1375 320.6072560273019 131.6977914043081
1376 320.6900604394137 131.65407603008202
1377 320.7870394823829 131.699484989887
1378 320.4822660629569 131.55938087748405
1379 320.62597742329996 131.50471250868765
1380 320.74306053988266 131.53099146410378
1381 333.4791370461789 130.31096040886482
1382 333.33449203908015 130.63317714141562
1383 333.22877317839743 130.73895162246345
1384 333.3095144582747 130.77577957775623
1385 333.2822894288819 130.88927893538312
1386 333.3942978474391 130.83363308477894
1387 333.2433256679867 131.02037864759288
1388 333.36278336690407 130.9748656121694
1389 334.02554046139085 131.18375203441897
1390 334.0051076474499 131.21968969584321
1391 334.14477407805543 131.1931605915221
1392 334.38385051754426 131.2072576973988
1393 335.37935818433465 131.87010374599816
1394 335.49056361573804 131.81721850052247
1395 335.5333404742667 131.89924327074812
1396 335.1302429515912 131.91426328230585
1397 330.2043612820407 137.40707596721208
1398 329.58331134397 137.27359198037237
1399 329.46537581977935 137.3764231966314
1400 329.2857386733513 137.47072076542386
1401 328.89811758381745 136.49019527828543
1402 328.7741104235522 136.5504076555615
1403 328.8898955526637 136.53508448887592
1404 329.09941373396913 136.4719563362375
1405 329.1409326545633 136.5875825046282
1406 329.220676949305 136.8208470913649
1407 329.13332646735626 136.93836833204398
1408 329.2932630032228 136.9072433415037
1409 329.39785767866533 136.90907521306514
1410 329.1936131574699 137.2708397447597
1411 329.2906816420661 137.23785698550557
1412 329.1409118412213 137.3594021516679
1413 327.74672153424956 139.85030103064997
1414 327.891962528198 139.832445292285
1415 327.8933076497282 139.91370359561398
1416 327.81083309817893 140.1593229663743
1417 328.0062457978882 140.13407843524013
1418 327.9717042318717 140.19200984406834
1419 327.94897111912115 140.17184040594256
1420 327.8994216971519 140.40781647167685
1421 327.8196843527664 140.4575585561412
1422 327.838576129339 140.44006724648466
1423 327.84273449638044 140.7406747030174
1424 327.8103568448958 140.8246383726171
1425 327.96617313984694 140.80967280627928
1426 327.8445065288743 141.14934089014568
1427 328.01310161560104 141.0641135502988
1428 327.96334822843187 141.163132212498
1429 327.97028117983416 141.49547182445835
1430 328.30994994458626 141.39912539734036
1431 328.5114217345611 141.40445892651806
1432 328.15299573138515 141.76278554870677
1433 328.2583726561766 141.73557764232962
1434 328.26532945711085 141.79169039163142
1435 328.29424956572257 141.74382828344784
1436 328.0532136332963 142.089640230606
1437 328.0150671559304 142.21517844396794
1438 328.1211259095216 142.14675100840282
1439 295.8350000969256 110.17798569303704
1440 295.71879791904445 110.25922436995175
1441 295.9138932876417 110.04662281326665
1442 296.04044052393084 110.02881820593498
1443 296.11544588538993 110.03616073962353
1444 296.1784662522998 110.34722414080663
1445 296.28019764080534 110.37795994546757
1446 296.32278272098085 110.3226006620012
1447 296.2064064823712 110.34995021481394
1448 296.03639434038894 110.67842294288128
1449 296.0973353260462 110.65740863924424
1450 296.2449877201825 110.658219860152
1451 295.9980438792728 110.76662362618863
1452 295.9946517684031 111.08118309430073
1453 295.5653561062062 111.4429102683431
1454 295.71561746958974 111.28496555413015
1455 295.52758207919055 111.26907901483473
1456 295.5265445807038 111.28910813591492
1457 295.29117241549136 111.70447537103473
1458 295.2010013686797 111.56231441201804
1459 295.20952232762124 111.54865047662771
1460 295.29676871487186 111.49055225675936
1461 295.5199683508506 111.45177538549962
1462 295.3245468813733 111.56355312697158
1463 295.2551079161777 111.64132337142509
1464 295.1426647543016 111.5291188380469
1465 294.7500141115887 111.70269563669295
1466 294.89444224452495 111.49457521606915
1467 294.9829162377298 111.47209526451893
1468 295.0104601317667 111.50510324765322
1469 289.5344480787495 117.05247735157049
1470 289.73254267851024 117.00096241454406
1471 294.94711710208463 124.22245539271292
1472 294.95141838909063 124.27757989963112
1473 294.7903367853707 124.66702781201492
1474 294.9496763048378 124.39588304813292
1475 294.95879059975465 124.48431624490979
1476 295.2054898807366 124.15779853050424
1477 295.35243885791493 123.82790924856847
1478 295.34871884081565 124.36422898572428
1479 295.3827078824184 124.45033595824324
1480 295.5825764171388 124.12021716319845
1481 295.6911596168202 124.1835123907116
1482 295.7345765097448 124.20996806662275
1483 295.95988150046605 123.87383315125714
1484 295.91133033305414 124.24554926867272
1485 296.1869669978429 123.84936711907913
1486 296.24203295220633 123.8168961345069
1487 296.5271088707871 123.54445187768725
1488 296.57838168219894 123.55216205327694
1489 296.7071772375888 123.16341008884089
1490 296.7837908445268 123.16424516967295
1491 296.6460523282714 123.46032135183648
1492 296.71844626591593 123.43234343079563
1493 297.0931147201737 123.03061546494523
1494 297.0681873861237 123.07243178825179
1495 297.09531296885626 123.13509967418352
1496 298.5658978999353 124.13421388287588
1497 298.6220274759012 124.13333398707243
1498 297.0129205875586 122.61923097651332
1499 297.26281689586074 122.12894675694243
1500 297.3302922925201 122.10903737176007
1501 297.6018654208092 121.72749741673692
1502 297.5887823067774 121.70206374629642
1503 297.3831857659181 121.95470524731368
1504 297.7074271971683 121.45021106433204
1505 297.6727436142161 121.46724594636693
1506 297.6631846663913 121.4417792026832
1507 297.6947636878619 121.54521795621369
1508 297.96922813904365 121.09688835876098
1509 298.06583636994316 121.11021469758478
1510 298.33315596753357 120.65636689484623
1511 298.2945152022704 120.60527328449395
1512 298.46911217842893 120.33176773414094
1513 298.75574836309426 120.01503366736011
1514 299.09534658638455 119.43946214532485
1515 299.07375386942596 119.46953307375911
1516 299.1126208924708 119.51941730148918
1517 298.9665709274244 119.65762354093245
1518 298.99109188183866 119.75362777927461
1519 299.0538947735287 119.84357201288424
1520 299.3083976524076 119.48138925008128
1521 299.30343453650977 119.50708869729691
1522 299.6420981246287 119.00882159222402
1523 299.7089127798805 119.00621435031576
1524 300.0548349133557 118.46802846208303
1525 300.01133773737814 118.48709100344534
1526 300.0894974344637 118.47730563233816
1527 300.0234635061418 118.5896469839211
1528 300.0846107775529 118.66615436395689
1529 300.43687307697485 118.19002219185317
1530 300.7430542773209 117.64032615449143
1531 300.7919919415534 117.64998813144656
1532 301.12425065548575 117.18090999557674
1533 301.21543223659927 117.22975769876182
1534 301.20607768899333 117.25779930483652
1535 301.4344154539992 116.86615099468573
1536 301.470905769686 116.85141415539883
1537 301.49109300202366 116.8791184817673
1538 301.8836245596175 116.27484338459551
1539 301.8900765081129 116.23141629951651
1540 301.84522160805835 116.35931560681229
1541 301.8454250568354 116.34227186566356
1542 302.25977758578466 115.79332999724062
1543 302.75056253577884 115.31375110601924
1544 302.7769802708036 115.29961817832391
1545 303.16197627941267 114.87697867770876
1546 303.12446883347513 114.98802395412119
1547 303.1293557817457 114.94849896431714
1548 303.5012073509649 114.39993965855292
1549 303.5772698488665 114.4177144011628
1550 303.5401941958452 114.41757472030895
1551 303.59374754620956 114.58515829585204
1552 303.84118216111904 114.01607821093259
1553 303.0476543229218 114.82221899290649
1554 303.4357137247306 114.39517453845468
1555 303.82272431236623 113.90809590324737
1556 303.88836972743104 113.89123187759918
1557 303.9601467303167 113.94554682833927
1558 303.91418070768617 113.87798569254659
1559 304.33725000666425 113.4037453313976
1560 304.8640198788472 112.98127797833854
1561 304.842156276549 112.95629915158521
1562 304.9168426818956 112.92881211850622
1563 305.24094359327086 112.40303471730279
1564 305.3119095633536 112.41748012310856
1565 305.649366945192 111.97255073477973
1566 305.6553768006114 112.00999795752874
1567 305.9907040521428 111.38918411072717
1568 306.02697847421723 111.36195216413948
1569 306.0807526613025 111.32099220867222
1570 306.14169986052144 111.37156955982401
1571 306.2096405217053 111.33039601642348
1572 306.6205711309044 110.78765841667692
1573 306.6579832341654 110.84307569925224
1574 306.6709770210205 110.84192264184409
1575 307.02518369493595 110.36331939339223
1576 307.10980682427726 110.3871829401459
1577 307.46644255300845 110.03238882249926
1578 306.34198544947367 108.67243296816197
1579 306.34395703634584 108.7606378250254
1580 306.75733530821765 108.27981869299356
1581 306.7977321270235 108.29160392779215
1582 306.82045494209524 108.40317109220345
1583 306.77144125613177 108.44657785915638
1584 307.269873683897 107.89640616973682
1585 307.28106584968435 107.90022544191092
1586 307.6373084585385 107.52802479811703
1587 307.71244498764787 107.5161998523159
1588 308.0721643377196 107.00302466941325
1589 305.9353327360398 105.99311955362644
1590 306.32147579651274 105.55677285014796
1591 306.3407639177012 105.51470117781679
1592 306.3522051230702 105.51784599451571
1593 306.34584432559274 105.50001658499934
1594 306.4074795514552 105.46755578490023
1595 306.7987328715289 105.02783992415009
1596 307.75401514304065 105.95106450275213
1597 307.7355721790886 105.88253908977238
1598 308.6701368028087 105.7594708382921
1599 308.6236302248746 105.89632618604585
1600 308.613827679915 105.93489217208669
1601 308.99474198340823 105.42697742627605
1602 309.01764130508946 105.42565570995183
1603 309.000820360399 105.44073167834935
1604 308.94777218440225 105.45496433384723
1605 309.3332248024977 105.05839845109335
1606 309.43054752348957 105.0657986424705
1607 309.8067393438964 104.59630212853497
1608 309.8752315385615 104.53820086321828
1609 309.9194858928359 104.58509342256062
1610 309.9618316888265 104.5785215699058
1611 310.3192305212692 104.11547312144805
1612 310.3702189229488 104.1239781233625
1613 311.87275301288764 102.37205999017809
1614 311.837120927149 102.2746656196189
1615 311.8637924186736 102.34796926782786
1616 311.8819109675932 102.46473205695375
1617 312.31498771230275 102.02669736515821
1618 312.34074763068384 102.03506411058927
1619 312.7702607531738 101.57025943822461
1620 313.14092650522116 101.11804674392148
1621 313.5639465629898 100.75025651410938
1622 313.9602128653283 100.31595396136532
1623 313.9589873190085 100.30745251141154
1624 313.97962286556333 100.30267951360841
1625 313.9919090615382 100.32807278677001
1626 314.05078235677775 100.30773262410816
1627 314.09529783131205 100.3009782792783
1628 314.1093227805836 100.32221103789048
1629 314.10885868214166 100.28889505658252
1630 314.4738857581603 99.78928460347448
1631 314.459112409474 99.75070978333173
1632 314.3892814443819 99.73058540129004
1633 314.40683185810104 99.76962316711708
1634 314.4029422635103 99.75002327628364
1635 314.4593872093019 99.71767407832573
1636 314.4556532330582 99.72348775729033
1637 314.8409287001986 99.25568904714797
1638 314.8254326907905 99.31143349754231
1639 314.8394390125772 99.31704795933116
1640 315.1753841971858 98.92281512219779
1641 315.2726863523565 98.97115405132948
1642 315.64974385756426 98.66556336293878
1643 316.0624095843992 98.2683042511803
1644 316.468533481429 97.91792988144975
1645 316.5674988571125 97.90533729440327
1646 316.60964134502416 97.83390442732703
1647 317.03747948477303 97.44980009341056
1648 317.09268364511905 97.41711574267826
1649 317.12987180688435 97.486537661405
1650 317.48903629987024 97.04655737164717
1651 317.534481816713 97.0346019579884
1652 317.47621452801195 96.9680150864571
1653 317.4452683371127 97.05669270098936
1654 317.48358713425375 97.04555114976661
1655 296.2024435587025 88.5818615273024
1656 296.1625612622504 88.48333392134886
1657 296.20336783811723 88.51123050006284
1658 296.19052243620786 88.51316815554476
1659 296.20211500582894 88.48134806001349
1660 298.12570116047476 86.82600021135596
1661 298.1703934372741 86.81061272532408
1662 298.6211130987476 86.45450906323089
1663 299.09151616146727 86.15775818286752
1664 299.05419683045255 86.21978238829934
1665 299.5440625090646 85.90836018257659
1666 299.5573447552804 86.06117061432188
1667 299.9511708878525 85.7372443827451
1668 299.9530561381756 85.74018057718368
1669 299.9789020366186 85.6900286758569
1670 299.9864189931154 85.56213036231433
1671 300.39412028175235 85.25103329109145
1672 300.4588701846326 85.25763064446441
1673 300.4666296701859 85.25261759021465
1674 300.4176255567238 85.17570817940407
1675 300.36245497316844 85.10473394410019
1676 300.34037048850837 85.05270130215393
1677 300.75288624498603 84.63172638373194
1678 300.23024167959005 84.92467168005517
1679 300.6909458277118 84.63389893730334
1680 300.7005459269585 84.63304514933154
1681 300.65436556097796 84.6551522735262
1682 301.1203497332686 84.39088545417495
1683 311.9313558579237 88.54409979518519
1684 312.02751488869205 88.51493000135854
1685 312.0502429251766 88.51449489593527
1686 312.15073210853274 88.60845717616253
1687 312.19138881696875 88.69998030184686
1688 312.02915198380117 88.7841268734277
1689 302.59944947722676 97.02584688599057
1690 302.5761321526397 96.98289240945866
1691 302.6209987060503 97.00939675661826
1692 302.6357977253148 97.02803719309074
1693 302.67114061740784 97.11303172894596
1694 302.67581088401823 97.08667640674258
1695 302.6612000096744 97.11716417947952
1696 301.83833155925396 96.29199814532332
1697 301.82254461796845 96.22179705835205
1698 301.3176269043508 95.72751025318799
1699 301.3830461685286 95.77574988419725
1700 301.29183407990536 95.81429050578159
1701 301.19782710017586 95.78136366636113
1702 301.25351339782077 95.79608446695407
1703 301.30674714641526 95.762437801981
1704 301.3702716533143 95.79927746861568
1705 301.3558304540355 95.72041016397287
1706 301.30000006980424 95.84114882759786
1707 301.28044825846985 95.82005922983139
1708 301.27100468623 95.90502621438685
1709 301.3205632176536 95.78568879476826
1710 301.37503482895295 95.79686762100782
1711 301.35227715594607 95.84479552062719
1712 301.36558253276354 95.89427789924521
1713 301.4064196542318 95.95730153777836
1714 301.40603213392217 95.90234949648928
1715 301.4047707515446 95.90482676569994
1716 301.24943554843395 95.84118529150236
1717 339.6043286125456 79.88950830278458
1718 339.4312607861609 80.01047622325225
1719 339.4550179066431 80.10713343419114
1720 339.4687614927419 80.06930548349962
1721 339.6057219117373 80.15499247294444
1722 339.58086527993055 80.12091525631058
1723 339.58536925846914 80.14625517813755
1724 339.59484282074936 80.04588429949217
1725 339.67916001823374 80.09611474800505
1726 339.74837468631375 80.1149903527456
1727 339.71414447286764 80.12110722827056
1728 339.7055441643468 80.16119993397973
1729 339.7427147692404 80.1458726289732
1730 339.7659958525759 80.18090787140731
1731 339.6049066150048 80.0994595543478
1732 339.6318000948265 80.04160373625268
1733 339.75771516534945 80.00975479674118
1734 339.8083715639135 80.03341152829881
1735 339.85401384538915 80.07574628122896
1736 339.81645099305155 80.0982794729964
1737 339.9037898422296 80.20372323145023
1738 339.96010832978476 80.22014586719688
1739 340.0417799461295 80.17154818153514
1740 340.0344439080158 80.19288450581465
1741 339.9339035175382 80.18913055184449
1742 339.9028590275814 80.1223686861427
1743 339.87511063435073 80.10447787380663
1744 339.9181228253662 80.10120747450773
1745 339.9944426828671 80.17131617926798
1746 339.98639185437986 80.0834742259168
1747 340.03484140862867 80.02674334243181
1748 340.0535799015202 80.0675572732826
1749 340.07618201791166 79.96322868571417
1750 340.00333297766343 79.9971453464101
1751 340.2110552142022 79.96302459476097
1752 340.24550873888563 79.93390969895421
1753 340.43443767729445 79.93912679717067
1754 340.34802935198667 79.92747069181695
1755 340.4060692528467 79.92722613550738
1756 340.33635605485847 79.84986057762606
1757 340.35500530208117 79.80930917661097
1758 340.27205921803613 79.82728874943002
1759 340.3037913215292 79.7427620833499
1760 396.7058533972854 4.070550756986762
1761 396.6766096489658 4.196626902491062
1762 396.60507116837704 4.2172317274391276
1763 396.4963782959095 4.205203448638855
1764 396.48353640452103 4.267267500913647
1765 396.44303716608624 4.267872948783719
1766 396.3643695890187 4.329842110325643
1767 396.35767694451545 4.511083036335577
1768 396.43660436243067 4.53821212420857
1769 396.38530664529617 4.549056167474845
1770 396.31870567879844 4.649030265110611
1771 396.26697799616653 4.709219441753305
1772 396.36062352974056 4.66770832839282
1773 396.439405348495 4.646784985150703
1774 396.5405078518918 4.645181365616082
1775 396.4726411529547 4.672472288782359
1776 396.38547774890276 4.847231589769933
1777 396.31348852331087 4.893000788177972
1778 396.4444271400581 4.855020986316646
1779 396.33692851739164 5.003210442232557
1780 396.38676106817394 4.98140635362364
1781 396.3528196044489 5.115351547857614
1782 396.3145326217923 5.221929759238776
1783 396.24594432034553 5.3517858936292555
1784 396.1885872740469 5.34684906221824
1785 396.07999697855473 5.4862043424825515
1786 396.0704992863323 5.543778324374955
1787 395.89515748618726 5.6177157835039395
1788 395.75936976488936 5.702485681930227
1789 395.74450540755714 5.742282683555857
1790 395.73970319073186 5.756687576829165
1791 395.7479187563565 5.767463730139951
1792 395.74544382773706 5.838287077976503
1793 395.73648488911533 5.833887762666819
1794 395.8015462789542 5.9101242838859775
1795 395.6813655139946 5.999144231812181
1796 401.8620799686129 0.0
1797 401.63760547526545 0.0
