# pedestrianID x y
0 722.1519721577727 161.25290023201856
1 324.5208816705337 77.41531322505801
2 326.20881670533646 65.80510440835268
30 158.01693688113977 530.4189939404848
69 355.99419953596293 520.8352668213457
70 598.5071438372488 146.33771588577156
72 571.631090487239 209.02552204176334
73 599.7900232018562 427.93503480278423
78 213.10324825986083 401.5127610208816
79 218.9037122969838 287.04408352668213
80 217.54060324825988 273.7587006960557
81 565.1194895591648 203.90255220417635
82 577.0104408352669 148.76102088167053
83 556.4582366589327 142.62645011600927
85 84.41840455857744 8.399155995248806
97 263.825538314928 665.4257515545431
98 676.008120649652 652.7053364269142
108 359.21795504780795 442.89987527203357
109 652.8161146813893 84.5068289572823
111 549.2331786542924 242.44083526682135
112 506.8878304610174 216.3110758509394
113 731.408996107654 183.82830626450115
114 173.19352681448427 247.53988596347853
115 271.7708637861927 297.46695360746753
116 520.3656254748004 450.42479493807286
117 438.8404184858613 131.45316042423642
118 570.8555420526908 648.3262293550762
119 572.5190729096835 15.091773628968067
120 314.5243976504224 217.22819291295804
121 121.52355129271207 210.07333694683626
122 68.72389791183298 682.2088167053364
123 207.65574482224596 561.0228373934648
124 156.55456373818268 665.3711124846453
131 354.88592099618427 386.40835266821347
132 314.6287703016242 537.8561484918793
134 654.4992544680081 420.58558745227975
136 257.14153132250584 618.5614849187934
139 260.3508442289226 129.547406195082
141 595.5303141578815 34.6554454532222
143 574.6687645252675 209.02552204176334
145 445.51420851189914 113.93486165171907
146 661.0233212726863 267.38386610146375
147 425.8909512761021 439.1415313225058
152 101.10686642139413 88.3674276427473
154 449.3643056147799 125.88866879286905
155 246.97561596548908 163.65221644916667
156 561.8889607304152 346.4778534023034
157 441.6732275281621 350.67285382830624
158 628.4988399071926 399.34106728538285
159 457.61072983614446 505.2775406528464
160 653.697278925546 390.70069605568443
161 412.0792549023595 476.3807895558316
162 83.80046403712299 84.0278422273782
163 225.92459396751744 501.66125290023206
164 376.42807424593974 516.0139211136891
165 173.5560579247354 304.47894554427666
166 140.55800464037125 121.7401392111369
167 140.91737139864964 332.4827245611647
168 244.58763625334564 524.9806024889336
169 438.6967744121461 557.4044563227112
170 171.186686284547 599.0944487790558
173 643.3163564003631 602.873816939318
201 593.953596287703 608.2134570765661
233 577.9321663361925 418.9304980505248
237 678.4831733352044 493.4153644548994
243 444.36538539022814 421.4679886651051
244 731.8399071925755 316.2784222737819
245 91.90768539964526 242.72495549507084
246 339.4512832370627 149.05306202059884
