# pedestrianID x y
20 716.9779582366589 249.6890951276102
21 733.5580046403713 257.01160092807424
23 733.7389791183296 279.4245939675174
25 623.1461716937356 198.82134570765663
46 700.3143851508121 401.5127610208816
47 522.6587368459851 433.9007809722816
49 505.29036509675956 402.6032853217156
52 714.3259860788863 268.13457076566124
54 689.3341067285382 192.11136890951275
55 685.4164733178654 177.28538283062645
56 618.367948418305 180.92307442403333
57 447.85498839907194 221.14153132250578
58 87.93271461716938 676.8027842227378
59 396.63689095127614 67.07656612529003
60 430.6067285382831 40.17633410672854
61 436.723897911833 60.76566125290023
62 124.29344710970044 663.9793199186382
63 407.59048723897916 90.75638051044085
96 150.3781902552205 262.5522041763341
99 696.1140135372025 214.0927741260204
100 269.66687227929106 464.17310556690114
101 605.1566125290024 441.3967517401392
102 681.6365066107131 488.79647101400303
104 457.05306109641026 23.64657865454625
105 27.810369219130944 253.22495541199623
107 175.39499505364563 655.5682930400438
133 136.1020881670534 504.0417633410673
134 410.8149423742452 485.2840994787465
135 383.58796370273376 508.49548084324863
136 445.67981438515085 244.24593967517401
137 355.8460821714753 537.1889195010507
138 164.2610208816706 158.10208816705335
139 338.11024202697143 529.7459884608019
140 315.2830626450116 508.8167053364269
141 261.5372418780963 556.5541009039682
142 208.07878705307803 646.5396335926705
143 272.1261559375836 579.1062730474777
144 215.3579641977941 624.4167384651188
145 133.59813567291795 691.6055389539325
150 515.844462745141 468.8213457076566
151 77.70250293094041 185.81610363504097
153 36.028753008363815 282.96447277149497
155 720.4672048541775 471.31584052041893
187 711.6685956655634 666.1592829365555
192 587.6424849646713 684.2023670432532
195 612.9454756108778 391.90536518176697
198 412.96171693735505 441.3967517401392
199 709.5058004640371 434.64501160092806
201 388.5184710030594 391.146441433204
202 296.24182706797615 478.08377741970327
204 192.48004941644572 513.3215783518979
206 256.6357308584687 628.9837587006961
208 171.29903717832312 340.41763341067286
209 484.71341342495776 405.07084563167814
214 165.25443041762577 679.5013219207061
215 573.1069543358379 357.6600396663507
216 703.763248249451 429.8155774587623
218 606.2046125048097 361.04408352668213
219 379.03736578610807 451.63743754410746
221 240.00116009280748 668.7285382830627
222 613.7459853121644 395.01160092807424
223 150.4327203871982 674.0915914753269
225 422.54470223783613 558.812255564091
226 583.2019882922776 392.4806159569604
228 289.2391505309275 605.1855086888513
229 642.9199535962878 346.5568445475638
231 483.85672729646706 368.89856275041075
232 106.7389791183295 170.81670533642693
233 352.6256821382359 573.5223380929972
234 544.901392111369 197.13689095127611
235 590.1168494264733 379.36517267151834
236 315.44199535962883 200.51044083526682
237 240.677494199536 195.4570765661253
238 137.33052167621054 300.3708209857027
240 193.8634840357418 639.3623998072466
242 135.845956158268 316.2767723329007
243 245.64319086577947 568.4356173073691
244 156.71964652628048 681.8784159624856
