# pedestrianID x y
20 629.1415313225059 215.92111368909514
21 717.1809744779583 233.48491879350348
23 662.7459396751741 242.44083526682135
25 557.0348027842227 150.3062645011601
40 721.8195944251834 436.563268231725
41 709.1634943079634 397.2487493670291
44 730.9620366409807 245.39321516128535
45 714.9303944315545 222.89095127610207
46 676.377030162413 423.4849187935035
47 491.5672853828307 375.75870069605566
48 696.4419953596289 197.13689095127611
49 496.6269034877808 344.35423023801127
52 651.7575406032483 228.16705336426915
53 669.0199116225756 416.50769742719064
54 617.1879350348029 159.6751740139211
55 621.9976798143853 150.3062645011601
56 553.3684993476625 133.15520788532282
57 413.41415313225065 154.96983758700696
59 334.554524361949 25.33642691415313
60 388.1682134570766 7.11368909512761
61 390.5058004640372 25.33642691415313
63 344.0750797785257 46.54348994064164
96 69.97447795823672 258.8538283062645
99 608.1406181766788 195.4570765661253
100 216.88647251538333 527.4567047046768
101 531.8167053364269 471.13689095127614
102 702.7566660753947 425.5998007802153
107 150.15412793876587 677.0020968932196
133 129.35654381841587 442.4543156549564
134 358.19352578667826 494.54756380510446
135 504.8670293879157 513.4221981786653
136 415.3143851508121 183.82830626450115
137 387.3329466357309 555.1044083526682
138 162.7610208816706 81.36890951276102
139 384.1972157772622 577.6148491879351
140 251.37926310158406 556.0582787723982
141 236.65235395165402 583.359061479947
142 150.48034824640544 685.9689878567906
143 247.81963709379713 598.2876363647978
144 174.97065921875534 657.9395863618254
150 459.37100826592575 518.4222737819025
151 87.66241299303948 238.8445475638051
187 673.0719257540604 682.2088167053364
192 615.4103389232778 641.2332612832124
195 541.92343387471 430.1670533642691
198 392.0516993557921 431.63472634331845
199 694.1496519721578 478.11136890951275
201 382.8461470364848 382.44188439004535
202 275.55188807149426 505.45619524528735
204 199.7090009371028 459.51528317127145
206 247.19489559164737 603.0672853828306
208 206.23029330028567 309.8969994771284
209 497.137405118112 447.5316756821234
214 195.22995801828924 666.4476667011783
215 526.7422133675744 396.81569250051393
216 679.16997343957 404.58433882355104
217 690.8078881946086 324.2505800464037
218 531.972951386991 403.1145968178451
219 355.9675174013922 466.5104408352668
220 218.37238979118334 690.352668213457
221 243.69837587006964 634.2227378190255
222 588.8213457076566 430.1670533642691
223 192.7084087209125 640.3647555938248
224 725.3725056803152 438.5986339484654
225 373.4118329466358 555.1044083526682
226 576.8204947679109 401.08794412750984
228 249.96230937699045 636.8427652080361
229 592.2053364269142 371.53132250580046
230 695.3561484918794 354.8074245939675
231 477.477958236659 340.41763341067286
232 149.2575406032483 178.9141531322506
233 368.33062645011603 575.0951276102088
234 456.7354988399072 175.661252900232
235 592.3979118329466 401.5127610208816
236 248.87220196060346 193.77459281762796
237 225.65660012111692 176.18952646011093
238 81.32359051230979 288.1090136475211
240 143.26224138721904 685.710784710386
242 88.98648545285144 301.5914926720025
243 231.66645831641577 586.9680746331516
