# pedestrianID x y
20 707.9327146171695 247.87006960556843
21 725.2447795823666 253.34106728538285
23 727.3503480278423 277.53132250580046
25 616.4118329466357 193.78190255220417
41 733.0928106275036 461.9809657115477
46 696.5487238979119 405.87006960556846
47 515.9750765273639 422.3325330069538
49 503.3481214182371 398.3781015152484
52 714.2645011600928 258.8538283062645
54 681.524361948956 188.78422273781902
55 681.0533642691416 172.42691415313226
56 610.9686774941996 174.04176334106728
57 444.3480278422274 212.4640371229698
58 85.74593967517404 679.5034802784223
59 388.54176334106734 64.53828306264502
60 426.8863109048724 36.682134570765655
61 431.74593967517404 57.03480278422274
62 122.83988880213475 667.6626136947
63 401.4222737819026 86.70533642691416
96 141.81670533642696 262.5522041763341
99 684.8503480278423 210.74245939675174
100 263.0696055684455 471.13689095127614
101 596.0684454756381 445.92111368909514
102 683.9254268990695 482.91561855223864
104 457.922453876892 18.789790426880206
105 22.862477689758354 258.3480976211874
107 172.44012613218828 657.3570545469408
133 134.89266344008942 499.6027896134971
134 404.86276762513705 486.9949858689107
135 394.71476601774697 509.06287251951676
136 442.4373549883991 238.8445475638051
137 358.26684401936615 539.2673690515378
138 163.43619489559168 150.3062645011601
139 344.5438423858932 533.4000885024872
140 308.3712296983759 513.6102088167054
141 259.0602256252948 559.5908459705506
142 202.99925600136748 648.3610812061168
143 269.38466408667324 581.0419835661997
144 212.80775993988857 627.3920658287499
150 508.07520693885016 471.13689095127614
151 78.89362409671591 190.03333053045486
153 31.975847543788863 281.77726016965096
155 725.141405029906 472.02415209470934
187 708.9273410607922 667.4797825355095
192 590.0422667296899 679.2148038133715
195 602.1524837951293 397.17401392111367
198 411.4930394431555 445.92111368909514
199 707.7691415313225 441.3967517401392
201 387.8105583551859 390.1603861114119
202 293.70578742586304 480.57719273412
204 194.3802508477017 506.42691415313226
206 252.88979118329473 631.6009280742459
208 174.2039340550882 339.5573674614709
209 485.50498891447603 411.9172133920732
214 169.10596694242378 677.317272693106
215 569.1566125290024 363.1322505800464
216 701.4495202528188 427.0095887783154
218 598.4231327501142 365.22505800464035
219 376.80823305162255 453.08654450823843
221 242.12877030162417 663.368909512761
222 605.9289250321862 399.34106728538285
223 155.31638798867095 669.010053212458
225 418.61568819457125 550.6324427616956
226 582.5487626353115 393.57512440707575
228 284.04600959182454 608.1886488274432
229 639.2006960556845 350.67285382830624
230 736.9083526682135 318.26450116009283
231 482.35261021114997 367.3974775180165
232 109.78422273781908 169.21113689095125
233 354.780720380694 573.4297318752956
234 536.5406032482599 195.4570765661253
235 593.0686220709098 380.01797573406833
236 308.87354988399073 197.13689095127611
237 232.4327146171694 197.13689095127611
238 131.78120686614676 299.1902789034513
240 189.66221279061295 643.8915099386346
242 132.36475888199612 315.09233153177314
243 244.37380393390745 570.0514271844203
244 151.6991045452017 684.0025928586763
