# pedestrianID x y
1 733.0807572824987 649.0217792452987
2 723.3585427713198 640.4067464064783
3 442.8943301534844 349.09246077324417
4 446.1160092807425 348.6125290023202
5 568.0069205056482 443.6317045177904
7 397.3297662248288 405.3882969785064
9 711.1110862595649 250.46166412538048
11 247.07192575406037 237.05336426914153
12 244.38283062645016 222.89095127610207
14 381.79127363422157 53.34570765661253
15 381.5730858468678 36.682134570765655
30 290.8801274193319 19.227290415686504
34 643.0939675174014 180.5475638051044
35 643.9640371229699 170.81670533642693
36 598.9744779582367 300.5568445475638
37 635.6020881670534 363.1322505800464
38 467.3445475638051 74.80278422273781
80 21.235262536331977 284.95201290982624
83 627.2389791183296 344.5058004640371
86 440.1758920237146 326.3262679309376
87 299.81670533642693 34.37587006960557
89 732.5046403712297 207.31322505800466
90 505.0220417633411 450.4640371229698
91 345.7958236658933 132.06960556844547
92 310.86542923433876 18.751740139211137
97 580.9541107450339 405.87006960556846
118 373.4474880735444 51.43646767021144
120 337.30742459396754 511.2111368909513
121 568.1445494103307 367.32250580046406
122 432.9621749092548 208.0230242486553
123 362.6055684454757 73.50348027842227
125 505.6804945905638 129.4519256054944
126 536.3372577199249 452.1246129001645
127 502.9933466240254 179.86562413653596
128 349.6067285382831 121.7401392111369
131 600.1455811871651 626.7881523768183
132 381.6786542923434 124.66821345707656
147 483.55844959056225 92.37491531966295
148 435.65259909692605 11.94859534352159
159 274.0386739453175 92.45399248779272
163 484.327227995627 174.22877514600512
166 118.81729274686815 576.0223898759884
167 310.0058457282662 49.698375870069604
168 346.67576033679063 77.11650208858765
170 310.4452734044762 36.682134570765655
171 295.31338637379827 419.549116937444
172 435.8980293125269 558.434720257778
173 325.05104408352673 439.1415313225058
174 295.17158002566407 432.8026044256663
175 248.6026980244173 51.05381762220967
176 561.636260294237 413.47679779972816
177 540.0018532158939 540.7014334546673
178 236.85864412400963 119.04856482659852
233 617.2534988557104 383.85383803572836
245 269.34067541621556 452.52122942021094
246 403.83070327857854 314.2453212014928
247 350.9281499729862 157.01233098411848
248 344.9257540603249 212.4640371229698
249 485.89904142475154 285.38824917536795
250 222.53016241299306 459.6055684454757
251 234.47992380481793 287.04408352668213
252 637.1415313225059 676.8027842227378
253 255.8944315545244 217.65661252900233
254 419.66151781562183 88.51854294860695
