# pedestrianID x y
245 427.90148530928144 460.0114392793386
246 422.3482679236267 449.8519725414359
247 433.2777542893861 463.83405545747803
248 436.97114776902185 468.75815036924683
249 332.9403574688465 464.50467103026256
253 446.79285718113545 489.08503636872496
254 444.2756238828032 479.828219195192
256 459.8455559816271 54.08084183581627
259 126.93355884065227 667.9818308868253
261 130.63342638725402 600.4133881185081
264 134.28255950186698 382.125883149685
265 698.5339906495848 464.3352287713345
267 645.7340208313733 240.33347385832428
269 140.52508305004704 222.5093202645238
271 564.1668196072394 579.4210133194451
