# pedestrianID x y
20 429.31670533642693 161.25290023201856
21 574.854988399072 170.81670533642693
22 555.3225058004641 202.20417633410673
23 512.3793503480279 136.56612529002322
24 641.6160092807424 133.56380510440835
25 420.83410672853836 59.51740139211137
40 679.4953596287703 298.6125290023202
41 654.4153132250581 247.87006960556843
42 645.2679814385151 170.81670533642693
43 649.1032482598608 187.12761020881672
44 625.2969837587007 192.11136890951275
45 575.9814385150812 159.6751740139211
46 495.0266821345708 224.6450116009281
47 462.91440573300076 245.77166769766993
48 562.0058004640372 139.58700696055683
49 471.5974477958237 224.6450116009281
50 548.207656612529 180.5475638051044
52 506.631090487239 126.13921113689095
53 492.4825986078887 215.92111368909514
54 454.93271461716944 92.11600928074246
55 490.20301624129934 85.36426914153132
56 421.04729180884283 40.82043044406245
57 323.2447795823666 37.84222737819026
99 480.33071001694896 133.79529055378634
100 122.48491879350354 682.2088167053364
101 544.699535962877 580.1392111368909
102 717.4895591647332 292.80742459396754
133 186.83452664214377 410.1129701505646
134 451.1052185809125 506.42691415313226
135 546.3955916473318 615.9675174013921
136 315.27494199535965 59.51740139211137
137 464.4552183785534 613.0904828258695
139 444.65486951101343 623.1703662055958
140 146.67884068152154 674.2273281462366
141 178.23000680507354 643.7538133240469
143 198.1757299500381 636.9104032138401
150 328.97515867276235 592.9620366510275
151 109.78242468734096 365.8031216303335
187 681.7610208816706 587.7401392111368
189 684.4361948955917 582.6682134570766
190 565.8934202773734 692.4205322267424
192 669.3602156462086 548.8433205220831
195 435.8103430739079 480.44547563805105
198 391.9821926791103 444.50457046847725
199 673.0569205895137 524.8070720489595
201 422.11445845681953 368.5731429030188
202 229.66828178861618 563.9122629331587
204 169.23301990973624 335.76399482414905
205 67.92807424593968 634.2227378190255
206 240.0730858468678 492.1856148491879
207 584.1078886310905 615.9675174013921
208 284.27912733611964 221.07558258231103
209 468.0823665893272 511.2111368909513
214 207.3143851508121 565.0626450116009
215 434.95621128735405 456.69338578032205
216 517.6537106149814 287.45583837474925
217 512.7459578501463 373.39634007633873
218 398.5879122416511 482.78422273781905
219 324.75058004640374 455.02552204176334
220 188.74941995359634 597.9396751740139
221 235.0069605568446 542.7610208816706
222 588.4061748709358 428.23399199102124
223 187.62761020881675 570.0696055684455
224 666.0767027144791 296.67285382830624
225 281.8183628973061 472.10921587485456
226 464.07076566125295 450.4640371229698
227 202.60904872389796 626.3712296983758
228 319.44255376756877 589.6189266448147
229 494.59860788863114 443.6566125290023
230 516.9280742459397 408.0556844547564
231 451.1577726218098 212.4640371229698
232 248.11252900232023 177.28538283062645
233 276.8132250580047 496.91415313225053
234 277.8016241299304 139.58700696055683
235 541.9356881956465 457.39894900702666
236 161.35596146656346 218.50635574755933
237 245.91482802957978 105.22489207775752
243 198.29988037157324 623.575229319589
