# pedestrianID x y
47 564.030162412993 532.969837587007
49 554.5223285062619 494.76564926908725
57 492.0452436194896 334.32018561484915
58 113.37819025522043 603.0672853828306
59 503.19837587006964 127.61484918793502
60 336.5835266821346 101.76334106728538
61 527.1728538283063 113.06728538283062
62 165.42330754677909 602.7415408367261
63 529.9385150812066 161.25290023201856
64 474.592807424594 64.53828306264502
65 537.4860788863109 636.8491879350348
66 472.87935034802786 55.800464037122964
96 236.1867749419954 260.7006960556845
100 381.22707489135183 393.7129721923292
101 674.8805374905759 447.38919813554054
102 658.1635730858469 595.3828306264501
103 539.1183294663574 655.3642691415314
104 515.0765661252901 86.70533642691416
105 72.86890951276104 314.2969837587007
106 134.13287364015238 633.7384012804556
107 217.62254641533207 622.5286162432179
133 145.35962877030167 587.7401392111368
134 483.73583494430625 442.6115042094816
135 434.60279028386105 471.13689095127614
136 490.3491879350348 363.1322505800464
137 308.49883990719263 508.8167053364269
138 170.2331786542924 290.88167053364265
139 246.51856148491885 445.92111368909514
140 384.0364195869691 371.84536414620135
141 317.5533642691416 482.78422273781905
142 320.75522041763344 580.1392111368909
143 333.5916473317866 537.8561484918793
144 284.28886310904875 565.0626450116009
145 196.8023426897213 646.3768831737195
146 547.0404210076068 682.3931185629929
150 605.3039824540501 453.9977681940892
151 27.60440835266826 142.62645011600927
153 109.07523314699154 302.5626574681366
155 656.985810573115 456.98988539034275
156 145.7978160318945 684.5646396957426
157 153.89761251344842 667.107062299981
195 695.5815600217279 313.257634770241
198 442.48629745563767 445.3715540133544
199 726.1926383888348 416.6797912992128
201 440.49419953596293 382.13457076566124
202 362.35498839907194 416.8445475638051
204 202.390487040707 587.01258353541
206 187.97218613533414 655.3679219467115
208 173.37028462319188 361.59680309566374
209 451.4187935034803 279.4245939675174
215 650.4088067356072 310.34802784222734
218 703.893271461717 281.322505800464
219 423.377030162413 419.0533642691415
221 186.6930809323972 692.0241575454638
222 712.5566983197543 344.0033776838658
225 478.3875937236141 617.4499921066003
226 588.9825986078887 318.26450116009283
228 360.57167287988136 550.7440048638773
229 697.8248259860788 306.41763341067286
231 507.04690673997726 402.3917866148109
232 27.06612529002325 167.61020881670532
233 336.7008726899158 561.5465956027961
234 642.7183252116587 224.29737253816756
235 548.4478347382541 370.5668984827901
236 441.3628935116208 208.37696255292067
237 391.756973521656 197.13689095127611
238 198.639211136891 264.40835266821347
239 208.48342823579213 616.1417432315624
240 292.6134296486669 559.582234698389
241 183.43039276372642 627.3994310827218
242 219.14233938117198 342.61451092125134
243 270.72821794178856 538.7704851197992
244 222.9346945797598 647.4096841732569
