# pedestrianID x y
1 619.6902552204176 525.675174013921
2 617.2656612529003 520.8352668213457
3 459.19837587006964 238.8445475638051
4 503.0868759090089 291.2831926580155
5 529.7285382830627 300.5568445475638
6 679.3265665255657 206.4686613452708
7 544.9199535962878 183.82830626450115
8 676.4106728538284 185.4756380510441
9 491.0220417633411 121.7401392111369
10 584.7111368909514 98.98375870069606
11 387.5174013921114 12.334106728538282
12 302.16609153278927 18.513409136560206
30 226.84686774942 188.78422273781902
32 722.2819025522042 228.16705336426915
33 715.6972157772623 221.14153132250578
34 484.3399071925754 104.5614849187935
35 486.40719257540604 96.22273781902553
36 493.3294663573086 135.06264501160092
37 585.7668213457077 167.61020881670532
79 162.33874709976803 613.3781902552204
80 93.049137365332 322.15899473002327
83 575.6682134570766 153.4106728538283
84 365.76450116009283 57.03480278422274
86 452.139211136891 222.89095127610207
88 654.0881670533643 212.4640371229698
89 563.6171693735499 117.38283062645012
90 549.5740366978314 612.2068671537947
91 239.83514982599422 27.49968820264321
97 461.80858468677496 492.1856148491879
108 146.01869251320767 680.7654355765343
112 312.7074435007929 71.94464370450348
118 460.83062645011603 361.04408352668213
120 194.33856956236696 585.2018561484919
121 467.43533021775784 340.93466720235017
122 260.77823254887005 268.58572147344955
123 429.2006960556845 249.6890951276102
124 629.2653248228339 298.57066638136075
125 503.7997096721862 132.3291768774494
126 470.1719517910626 295.6636151796225
127 531.8805104408353 158.10208816705335
131 617.0037180705589 539.8086519534562
132 456.91232694491805 347.94239341424674
147 444.37449411050443 255.88843045194298
156 610.4920508326337 113.06728538283062
157 360.69406831548736 38.68605544887427
159 406.1264501160093 210.74245939675174
161 531.1137805576543 115.65249792456399
163 439.83642691415315 279.4245939675174
165 107.97099767981442 695.8051044083527
166 118.74825986078889 459.6055684454757
167 223.98868575136908 222.73207743253346
168 437.18443931177626 228.99909059074434
169 104.1032482598608 98.98375870069606
170 259.82160411930874 225.92589480992999
171 405.2064526928355 445.38697846713654
172 427.81713304251616 562.6256205046247
173 446.957112534815 501.0757145322371
174 429.0469452178795 551.8448738635685
176 643.4662516952715 526.9663799996637
233 605.9178246065622 394.0197533789338
243 324.1185066964587 65.07622975410035
245 230.35939683772827 399.22775056734554
246 411.8293421876258 304.19680685046615
247 347.6793313781262 112.07198481810029
248 338.52931485822376 197.77710467190172
249 544.254060324826 180.5475638051044
250 312.677494199536 547.6844547563805
251 113.32053136660485 308.0264774701424
254 446.8983830773954 33.57417713846032
