# pedestrianID x y
188 667.8401673775794 80.91403716117388
198 129.0611059305137 334.50500345354476
199 583.1188073654732 137.7779093392259
208 445.46432991957147 498.75009705872606
209 147.44515429790928 656.0712768325772
211 278.7764095035089 614.9840893377584
215 144.3665683178038 677.0334347837415
216 167.150867770211 312.9441167292003
219 89.72151683955042 292.3841619441718
226 10.819982546779777 277.88648548287097
232 582.1900402906607 240.68794093713177
233 197.63228709227957 595.8986922411085
