# pedestrianID x y
25 668.1508120649653 222.89095127610207
46 713.3818308372415 394.45888541115977
47 532.3109048723899 475.7819025522042
49 521.8631853627454 437.7616189420197
52 708.5556844547564 302.5058004640371
54 715.5058004640372 209.02552204176334
55 698.8074245939677 188.78422273781902
56 662.9451022379288 203.90255220417635
57 468.58004640371234 262.5522041763341
58 96.910339160117 651.2882813209513
59 432.64617169373554 93.48027842227378
60 403.0638051044084 62.01856148491879
61 467.08932714617174 80.04640371229698
62 131.3812353957509 643.0425275006533
63 448.8573085846868 118.830626450116
64 405.0649651972158 23.122969837587007
65 560.7575406032483 690.352668213457
66 405.10324825986083 13.39211136890951
96 191.75870069605574 262.5522041763341
100 309.839480490537 437.3181642189774
101 632.0870069605569 427.93503480278423
102 669.1669840655834 524.2348561509862
104 458.3712296983759 55.800464037122964
105 58.91531322505807 231.70765661252898
107 190.29249074720093 643.9314823911191
133 140.51508120649657 537.8561484918793
134 442.89888899935244 459.6055684454757
135 362.26052303219916 499.2853828306265
136 476.2966649248525 298.6125290023202
137 339.160709563752 528.1420535991199
138 159.67981438515088 205.60556844547563
139 311.48376718508484 499.5385692159655
140 364.20206775383593 458.8374477997419
141 283.69489559164737 535.4106728538284
142 244.41183294663577 621.1600928074246
143 286.1237422722756 568.9219618125844
144 238.41863374484336 605.4946536000739
145 154.30728598268377 675.7611165388141
150 559.3379526278237 459.6055684454757
151 74.78534097375196 153.2292969284245
153 60.883322282022924 289.923922060764
155 699.6100297286486 466.437050996498
157 132.98308525454033 692.1618514962672
195 648.4037122969837 365.22505800464035
198 408.1953320033738 452.0258438092216
199 720.955916473318 408.0556844547564
201 392.5518071822109 395.96748404502796
202 310.090217020399 461.907808963926
204 196.7668213457077 545.2204176334106
206 239.05341234722727 623.2938814857122
208 163.42773616291757 348.80813784300136
209 478.479919085904 361.53322352529653
214 141.61812879520852 691.2204018763329
215 598.0478890705829 341.6076039690261
216 716.7372184672723 447.8626245099922
218 643.7645274411059 332.2969837587007
219 392.4253572830827 443.21550229236635
221 239.13109048723902 684.9187935034803
222 653.2385739650025 373.6426914153132
225 439.43007943702054 593.2887419950495
226 585.6259112596896 383.3329646513149
228 312.49981938124677 587.5413944656884
229 675.5800464037123 336.3480278422274
231 492.37055652377626 380.0142559009149
232 78.86542923433876 172.42691415313226
233 340.25491052145065 574.0962362108443
234 597.4199535962878 209.02552204176334
235 576.1311763479096 376.36059666237367
236 375.3606000421892 203.90255220417635
237 292.78597602967926 185.4756380510441
238 181.0465169291169 307.43096067880714
239 148.55750332917415 673.5399937537283
240 228.79062659884104 610.2940203364051
241 134.1238005173692 688.1409809258342
242 168.09135822960874 324.65037188116514
243 254.2644123951214 558.1175712315467
244 180.02937498352782 670.9803699296493
