# pedestrianID x y
179 179.00516395205509 648.8943818824656
185 456.5999568757418 91.3410643493586
245 415.8098787008089 440.1213537769055
246 412.34027588011304 432.3901424571277
247 419.39349097087876 441.4555422877086
248 422.3872177109079 446.42599388147636
249 354.312111610929 440.2502283487812
251 689.4375949832988 276.7153817724252
253 428.7052726197525 460.0517836129585
254 425.76463131286295 452.51981525725785
256 455.99602032774106 140.32286494896246
258 132.66316511527106 684.7337494286613
259 133.18534924106626 579.2773816686791
261 135.44827359381026 519.5251648807963
262 59.290100045822115 253.3022311256245
264 191.93701273078406 429.5819830233387
265 611.9334185223299 443.87029782233753
266 724.8910130031378 256.60612862470464
267 587.529099072375 222.46114835991207
268 166.8253118997263 566.1282785696609
269 205.59630118202097 201.1796461537791
270 46.475870188277895 246.8651175258793
271 545.9389140244717 449.50260894812874
272 620.4944124870264 184.74944915812392
273 627.1726203836507 55.27727253855716
