# pedestrianID x y
133 293.7012741083276 37.02713299437217
188 453.5395613030927 123.47535230079237
190 655.9229088211846 479.35392846675074
191 465.39883343037735 7.412094797464978
198 201.31651492553308 367.3794395620239
199 620.006112420939 180.78094488129105
201 465.8157709933067 40.99427260482044
204 277.46754733533135 15.971990718579589
207 460.4019616365237 78.18921258920322
208 410.49807848155837 441.6713201591914
209 189.34868984230926 565.548457600707
211 418.3288436984524 540.4630391817765
214 54.52649632996837 283.87958381273336
215 216.22175270908596 590.5799740788541
216 278.1328019074537 337.98296532433903
217 172.49987889888894 640.4636693348825
219 172.22434469342826 307.940724539987
221 26.783212248544885 273.6089415094164
222 186.59274242170142 648.0814723746157
226 115.93557575302532 317.05101912673376
232 477.56806587541337 226.2099517641996
233 217.59708464627806 570.0024442590707
