# pedestrianID x y
179 169.39544366465606 655.8203357260946
185 457.5977311828938 77.76391205289323
245 417.6492432905733 442.69447901095026
246 413.66234131925484 435.1718508689225
247 421.4991089979997 444.58125895229637
248 425.1641310498629 449.59267442083006
249 350.04292291354164 443.68897211812026
251 696.1978231046891 274.6002011331233
253 431.54880548242704 464.09880694938937
254 428.9696123895689 457.40871135055227
256 456.54583771642746 127.7549765273005
259 132.08336195069813 597.0416748058414
261 134.6347750088619 534.6961687954127
262 45.74416512398073 257.35557308967685
264 182.7192449655015 422.1211701507791
265 627.1431627275147 447.4447833280873
266 732.9455734890412 261.9720117431459
267 594.9953742804415 225.8371044369992
268 161.44755101249902 586.6864285488241
269 197.3405271457681 204.52286281895996
270 35.927496268462555 255.37753419262347
271 549.1011988194637 474.0284057892059
272 637.778631233431 197.62071107737083
273 647.86281787172 56.76397918812939
