# pedestrianID x y
188 513.3771029396216 111.83810445110242
190 692.1012297181163 477.7203380218714
198 181.9253767090331 357.63831149384947
199 609.8704047113184 167.83342312030635
201 464.36224010085135 21.618198985402756
207 461.6389263235234 25.26220259397914
208 419.71939524181226 458.75829677432444
209 178.0546664293003 591.3966831810009
211 378.129311316952 561.1571857642332
214 20.005765738771203 277.89735357828323
215 196.01893456494707 618.2400864493633
216 245.3819143227053 330.8500146742316
217 141.22832898623292 675.0420018579114
219 149.43270449981702 303.59031978724823
222 158.9933198233744 670.5794389084332
226 84.70059222494538 305.4743295494382
232 506.6774723199537 230.21699982631287
233 212.00334436920403 577.4583940469182
