# pedestrianID x y
27 596.4721577726218 113.06728538283062
28 517.3631090487239 101.76334106728538
29 443.48491879350354 46.09280742459397
39 93.03480278422279 270.0046403712297
49 263.68462193684167 638.2806418179649
58 27.37970433214623 223.36135720328446
60 180.81028634610277 386.40835266821347
62 598.0535637662439 367.32250580046406
64 728.9159710598751 416.5742489790202
65 605.1336519243876 386.10624142530224
67 565.1194895591648 275.6426914153132
69 386.42455350138 194.88944925401705
70 377.18836509514864 127.61484918793502
72 470.15661252900236 326.25522041763344
73 236.33526682134575 605.6380510440835
74 594.9106728538284 104.5614849187935
75 604.1937354988399 590.2830626450117
76 523.6276102088168 124.66821345707656
77 422.4628770301624 74.80278422273781
78 71.64617169373554 674.106728538283
79 275.6624129930395 11.280742459396752
80 278.28538283062653 2.0092807424593966
96 554.2296983758702 377.87935034802786
100 574.9338747099769 145.6844547563805
103 157.1560164473796 228.90526926207812
106 568.1171693735499 260.7006960556845
107 251.79558657989202 369.9918699404561
108 394.7529002320186 139.58700696055683
109 642.9807932918452 422.3202786887345
110 507.40133408567783 419.0533642691415
111 400.1555684237983 512.8741627386391
112 404.00215582169176 467.8204265699306
113 379.0916473317866 164.42227378190256
114 135.366413500619 608.3486510669279
115 360.9718524774243 545.1777153978156
116 138.2111368909513 655.3642691415314
117 397.85730858468685 487.4756380510441
120 278.1357241999416 22.652604032644575
131 384.6118976213104 230.29896499478065
132 188.04014790821947 647.0645090740408
134 611.2285382830627 419.0533642691415
136 569.7624172613437 419.0533642691415
137 627.0018341627755 191.55741532176657
138 172.8747099767982 577.6148491879351
139 313.7006960556845 178.9141531322506
141 573.7385498051315 199.9395818909141
143 423.4539789495106 340.69913607485654
144 564.7819025522042 273.7587006960557
145 371.1991100115837 369.31337835509447
146 520.1513781011951 448.19025522041767
147 186.30677749160301 644.4969805737982
152 55.69141531322509 281.322505800464
153 547.3213457076566 350.67285382830624
154 450.83062645011603 448.19025522041767
155 335.5638051044084 382.13457076566124
156 389.7668213457077 501.66125290023206
157 350.9930394431555 471.13689095127614
158 344.23665893271465 489.8283062645012
159 361.2958236658933 575.0951276102088
160 372.2520326111948 547.7356659156164
161 292.3060542377717 601.9934272667691
162 110.27450659197756 494.70851209809695
163 147.22597519883908 247.38454771079824
164 164.39491463597065 667.6803939532667
201 500.97875540817705 385.68765608393124
202 204.32534911478444 186.95786788797162
208 226.22682436643265 0.5866942216777284
228 706.7443615823566 290.1289366977246
233 555.4437408209596 439.03361196587366
235 486.2094684721711 124.19354978699147
237 554.9176334106729 560.0742459396752
239 657.4545993179712 249.6890951276102
240 637.4438936768894 95.01727333856113
241 481.90403052037414 135.67707129771404
242 471.167547105828 129.9220816679846
243 412.66413263046326 325.0233881640199
244 522.5982837929241 441.3967517401392
246 302.74792019032844 40.85510248320114
