# pedestrianID x y
40 425.33154665638733 33.96151995976439
133 348.1376508328915 169.26441315234672
150 112.69723398879583 669.5901381955424
151 105.82572493059573 651.6501070870642
187 690.8399071925754 266.26914153132253
188 241.45127610208823 167.61020881670532
189 687.9002320185616 251.5127610208817
190 538.9106728538284 506.42691415313226
191 577.9709976798144 167.61020881670532
192 686.4872389791184 251.5127610208817
193 626.3120649651972 151.85614849187934
194 564.0150812064966 158.10208816705335
195 150.508120649652 660.6960556844548
196 563.9141531322506 147.22041763341068
197 705.5069605568445 445.92111368909514
198 251.91879350348034 369.42459396751735
199 679.562645011601 242.44083526682135
200 547.3665893271461 97.60092807424593
201 498.67053364269145 123.20185614849188
203 247.50580046403718 150.3062645011601
204 249.07424593967522 138.0742459396752
205 79.03248259860794 320.2552204176334
206 150.18329466357312 132.06960556844547
207 472.37935034802786 271.8793503480278
208 396.58120649651977 380.00464037122964
209 227.2633410672854 506.42691415313226
210 368.8584686774942 46.09280742459397
211 541.6635730858469 485.1276102088167
212 529.084686774942 257.01160092807424
213 709.3225058004641 471.13689095127614
214 181.06612529002325 318.26450116009283
215 272.3190255220418 520.8352668213457
216 401.91647331786544 352.737819025522
217 270.07540603248265 496.91415313225053
219 254.94783101176017 325.4853718689495
220 134.26866129354286 248.7921120485453
221 172.6062984508893 264.10797923963196
222 297.43718516761453 560.5866940903102
223 112.07430462281987 262.76051203759965
224 278.3992802424961 20.337819868142102
225 120.09151528548747 216.75314938106442
226 232.03958269503076 361.7935020336253
227 87.66046608608951 355.197730676758
228 496.40249216256973 578.361767240038
229 242.10013278384648 621.0727347345241
232 371.05884104975837 211.89291702830522
233 237.66820249971622 541.6155007090579
235 727.3043173571193 473.743203890447
