# pedestrianID x y
27 626.3642691415314 129.09512761020883
28 547.2250580046405 120.2830626450116
29 492.9396751740139 76.10672853828305
39 94.75174013921117 244.24593967517401
49 247.2488442081871 645.0509713856967
58 16.332675218986203 244.70818339016103
60 191.91213443468567 412.4408352668213
62 618.6121632532601 354.8074245939675
65 623.3712296983758 340.41763341067286
67 569.5603248259861 246.05568445475637
69 405.00291252042115 215.72950857124985
70 404.1716937354989 129.09512761020883
72 455.13805104408357 346.5568445475638
73 265.2714617169374 597.9396751740139
74 622.8155452436195 118.830626450116
75 607.931554524362 565.0626450116009
76 555.1960556844548 142.62645011600927
77 466.8596287703017 133.56380510440835
78 79.28190255220426 658.0278422273782
79 270.66009280742463 28.691415313225058
80 271.4651972157773 17.670533642691414
96 580.3109048723898 365.22505800464035
100 585.9935080659749 128.09549329292747
103 143.8109048723898 203.90255220417635
106 572.1542134372179 230.76868998053135
107 252.8864918731673 364.0452348628822
108 402.8810902009539 150.92792590766047
109 650.3406946138823 408.36688861100004
110 535.2509815811549 398.4660722969048
111 407.98143851508127 489.8283062645012
112 422.4993948983878 432.4466644418244
113 402.6496519721578 169.21113689095125
114 139.94569663065704 588.3074600806289
115 376.0775275962846 537.8561484918793
116 143.49419953596293 639.4802784222737
117 412.21345707656616 466.5104408352668
120 278.4700358270039 35.060503999643245
131 381.58263301065483 258.5290472172301
132 197.12722389228963 639.0621123627144
134 590.8542577704412 436.8909512761021
136 590.7838992985461 443.6566125290023
137 635.7013025623378 175.661252900232
138 171.33519619212956 594.9224168717346
139 325.7494199535963 172.42691415313226
141 580.9672348274394 199.32233611769453
143 434.7201019255329 339.00499212893493
144 568.8526682134572 242.44083526682135
145 374.51392111368915 367.32250580046406
146 546.6844884391138 434.64501160092806
147 199.19730610431452 634.0984979104578
152 57.768512017813556 266.4652580708855
153 569.9651972157773 348.6125290023202
154 458.8491879350348 421.2668213457076
155 291.7364308871505 397.17401392111367
156 382.54790943805966 479.9633384306606
157 370.8341067285383 464.20417633410676
158 367.6345707656613 478.11136890951275
159 389.29930394431557 567.5638051044084
160 390.17279762044956 536.8218301794988
161 306.4135444561943 592.5999290626479
162 108.3177302576836 470.6066217186324
163 157.55386125358513 245.57599701726164
164 178.9144573199858 655.7611510555549
201 498.86103663864577 396.25979855482035
202 202.12073559144798 162.59560706464293
228 722.2292391428981 280.2146182398333
233 556.8592154417565 437.7324670567365
235 489.04408352668213 97.60092807424593
237 545.3076979899354 572.5800464037123
239 684.2385382783917 241.5327454841796
240 643.1197425740052 62.80769579495661
241 484.73078875927524 106.82166228585076
242 478.2329296535901 103.16009280742459
243 414.66217360731997 330.27065407282
244 546.731746027205 423.4849187935035
246 305.4138560577787 44.73115329887272
