# pedestrianID x y
188 531.4327986695455 108.5920121836547
190 701.4496043031501 477.2771253504269
198 176.11525037877595 354.64763588407243
199 606.259979230027 164.55314480889595
201 463.83457540604553 18.274244273422756
207 462.185838172722 9.35715963118543
208 422.34344014509514 462.4991869864878
209 174.81764018152168 598.0570731631661
211 367.6250353223109 566.6876974354494
214 8.11820247660972 276.01560846933677
215 191.27017903783525 624.8682710290824
216 236.7696082006348 328.746675295422
217 133.97089044905587 685.6586581477147
219 143.95460331473188 302.34021485153295
222 152.6699621143374 676.8356832521747
226 76.29495295058975 301.9347702072741
232 515.5058734678494 231.5946700583148
233 210.21760346592245 579.1946226564608
