# pedestrianID x y
3 221.02706968004577 621.8104192218759
4 186.79698375870075 621.1600928074246
13 737.6229698375871 287.04408352668213
16 493.2192575406033 410.24593967517404
18 141.60437810736946 188.78422273781902
19 67.14733178654296 354.8074245939675
86 231.9298198279673 603.0672853828306
87 123.90023201856152 532.969837587007
90 285.645224148447 39.00696055684455
91 569.070765661253 464.20417633410676
92 130.4129930394432 508.8167053364269
93 567.4227177315339 289.9857505840941
94 432.5313225058005 237.05336426914153
95 704.7088167053364 221.14153132250578
97 739.7946418245851 305.01340023012585
122 704.6053487436781 276.84315039316397
125 276.98435217899663 529.2882998735952
127 303.8669647113038 519.5087196590747
128 218.19170087305687 627.4316869255099
129 724.8652648498996 252.59660776557422
130 347.39807642112487 445.92111368909514
132 244.2341951722104 52.520880234683446
148 488.3011969294169 430.6904740146292
149 112.87516400918354 448.81298967372754
172 369.2109247346995 117.83653141635506
173 164.2296983758701 273.7587006960557
175 145.40487238979122 540.3062645011601
176 335.4493444006756 92.82504694435131
177 379.6799183898934 111.63805104408353
178 151.49187935034806 547.6844547563805
179 416.5011600928075 336.3480278422274
180 235.69721577726222 279.4245939675174
181 626.508120649652 461.9025522041763
182 411.1496519721578 392.8538283062645
183 457.8921113689096 511.2111368909513
184 496.62296983758705 197.13689095127611
185 331.48535197978237 573.5233844387176
186 355.9321277772665 476.0248529824923
233 648.210103577419 353.3449329479932
245 330.242095147833 400.1928003636623
246 381.2498177034043 345.27071362581654
247 360.5324780466549 284.80681543165286
248 341.1065989611597 289.66568503432006
249 412.9683063509361 332.13116214401646
250 213.10784493143666 264.40835266821347
251 447.8418779546692 479.9103434238965
252 253.3293357504811 388.55220417633416
253 312.2679019264402 321.98611220221056
254 354.63414791427755 263.2598871317886
255 265.90255220417635 421.2668213457076
256 280.97941715475565 504.0523057413468
257 429.24593967517404 229.9350348027842
258 350.38979118329473 209.02552204176334
259 264.1542923433875 88.05104408352668
261 232.2610208816706 82.69605568445475
264 550.9328090994165 650.9428123259024
267 284.07559567830475 14.902895948535011
