# pedestrianID x y
133 283.47295843951684 12.875315670019084
188 491.28514937806654 115.95434261683575
190 681.208958527991 478.2030469133304
198 187.19019161930765 361.2743092872963
199 612.7305232814717 172.81250887401427
201 464.8667019289538 27.559086492137194
207 461.1652938308163 42.678789337774745
208 417.1235311345871 453.10198869309454
209 182.38454322881304 582.2055013706555
211 392.62035481667317 554.568882612235
214 30.28257860828768 279.73469643558326
215 202.8555741718225 609.4069137405611
216 255.41414750188585 333.08213374583516
217 151.49999071762363 662.6916547505305
219 157.27938527876927 305.0618365407351
222 167.28582934291418 663.4359220517624
226 94.79603171417799 309.86064552773405
232 496.587810245955 228.80896745259153
233 214.12655402268084 575.0857719786507
