# pedestrianID x y
16 353.94031933495154 148.46434629047167
19 128.2610208816706 525.675174013921
86 193.92654784883393 649.5895016601932
91 577.6158667941647 658.9203241820619
92 66.10556844547568 674.106728538283
93 555.0774199998419 484.2263631742864
94 558.6508120649653 516.0139211136891
95 679.9350348027842 508.8167053364269
125 201.0047312653089 640.2452913397419
127 215.71516398742415 606.701772223979
129 699.7866055313292 551.6920019699239
130 421.43507603639597 101.78604181613885
148 358.5103054218373 587.7401392111368
149 202.0168395938861 609.3260332549045
173 49.57541637271715 274.63116588785033
179 380.87889034006656 443.8584729205311
180 140.77494199535968 480.44547563805105
181 645.0125218177402 324.79660180035654
182 547.5871499963115 163.87828801424337
183 341.0862205760224 115.19440327561404
184 615.5069605568447 455.02552204176334
185 453.60324825986083 390.70069605568443
186 563.060640632998 104.63487457370813
233 662.8419807613 339.9787689994279
245 356.18056733982445 374.73776630841996
246 371.05577190296066 359.2800503111351
247 365.07379885421733 344.75007880845453
248 358.71889217189243 342.27968291774965
249 379.8722904500563 355.4700763654649
250 148.96412090434538 29.712797224318802
251 465.6594487970159 363.4985764372343
252 156.12558170502314 153.1504824744677
253 351.67035193825654 352.8687904492815
254 363.41059938950644 338.252097758925
255 163.10613747552338 212.7814268660029
256 405.49509898144333 423.68532922910265
257 592.5170420247013 493.1717674150145
258 363.28735318286357 410.24593967517404
259 150.90719257540607 292.80742459396754
260 642.6844547563805 623.7633410672854
261 150.29234338747102 255.1740139211137
262 256.4803782501408 138.46211572385937
263 670.2006960556845 82.69605568445475
264 408.20769246751064 488.5600928820853
265 448.33410672853836 523.2529002320186
266 515.8979118329466 105.9675174013921
267 286.0742459396752 178.9141531322506
268 302.33062645011603 170.81670533642693
269 438.0801502351452 83.2393940979603
270 315.88863109048725 86.70533642691416
271 400.25522041763344 16.593967517401392
