# pedestrianID x y
19 119.45923089647839 687.209961374976
93 577.280986265177 681.1791644192871
127 156.10255435837408 668.1929291214072
148 207.47060223902653 643.9360646203049
179 252.2521641333388 580.6173647489011
180 127.56031153626284 659.468977150392
181 719.3714948790696 320.9643171826493
182 616.9362542885693 8.528307987960508
184 708.6630695237884 486.287013099145
185 449.33334485785605 213.07018505667617
245 399.3706526614493 412.9026022898012
246 397.95060469209244 410.9197025320018
247 400.6350753963166 413.82162528337346
248 401.36230903610374 414.9142866226464
249 382.0915449990209 412.9357390872775
251 629.9159827583386 289.55736298843954
253 403.0981701498087 417.8378466772356
254 402.2217517369372 417.09813841936926
255 103.53700132341962 32.90074849536535
256 451.32681727886694 251.1315192694036
258 188.01331989632016 578.2633389547187
259 140.98639211366873 458.7844669350327
260 700.2832384700705 474.33040642899766
261 141.49547259810814 414.35793398222523
262 151.6621322318619 219.1317165980251
264 267.91297277478026 491.4724782663474
265 496.573550264125 416.43197715502333
266 639.3540980827371 221.14963400992337
267 501.80348780423367 198.56886091991527
268 218.200379182372 400.8515713333121
269 291.35855037353974 175.27762764508108
270 157.63608940209733 180.1503671188386
271 523.845795531 268.9730545508993
272 477.0806774931664 82.98409433723691
273 449.8372101503517 41.73392386074138
