# pedestrianID x y
1 587.901392111369 445.92111368909514
2 585.2830626450116 439.1415313225058
3 430.5435219051433 203.14528717026727
4 464.7064965197216 224.6450116009281
5 477.1837054932976 212.4640371229698
6 600.6345707656612 142.62645011600927
7 518.7053364269142 92.11600928074246
8 544.77030162413 120.2830626450116
9 390.07540603248265 52.125290023201856
10 504.1914153132251 24.22737819025522
30 205.05336426914158 281.322505800464
32 608.3062645011601 169.21113689095125
33 600.8897911832946 161.25290023201856
34 412.8538283062645 58.27378190255221
35 416.177494199536 47.29002320185615
36 387.60788863109053 68.35266821345708
37 529.7343387470999 80.04640371229698
69 472.5342285616227 681.3318622109872
78 39.92997642558447 435.63178334226455
79 79.02362028852409 502.3025882354431
80 156.93851508120653 371.53132250580046
83 564.749179145779 73.50348027842227
84 452.4002320185615 127.61484918793502
86 428.74563765610293 187.90007631041954
88 516.7900232018562 133.56380510440835
89 474.73665893271465 59.51740139211137
90 567.4037122969838 682.2088167053364
97 419.9605568445476 542.7610208816706
108 181.36574836176703 641.2614760674845
112 320.46803597638615 71.20156072628532
115 479.0801611633184 2.357574147204516
118 494.48107403562716 427.93503480278423
120 183.50812064965203 557.5870069605569
121 429.9284006680179 292.2707467609199
122 235.29443818184689 329.02205301010093
123 428.9883990719258 316.2784222737819
124 518.7714617169374 330.27842227378187
125 503.0591647331787 133.56380510440835
126 476.2057773601509 250.41897169070975
127 503.2575406032483 205.60556844547563
131 589.2227378190255 466.5104408352668
132 483.78001544095787 357.7831864261603
136 154.66892516073693 686.2986710181438
147 449.7667987000553 314.7141894444886
156 579.957608886721 65.16097594596171
157 417.7598139792467 96.91335369253824
159 447.2476120487628 281.3412270738835
161 492.37492208092584 206.84772359546426
163 439.98858481698494 348.6125290023202
164 649.4179326929267 314.2969837587007
165 113.91415313225062 613.3781902552204
166 145.53364269141537 408.0556844547564
167 202.5730136222858 312.7922320272915
168 454.5301624129931 338.3805104408353
169 168.06148491879352 197.13689095127611
170 264.8816705336427 316.2784222737819
171 448.368639908917 508.51677929926274
172 472.3539164422358 606.2661708088381
173 483.8507787014757 521.9904746867608
174 478.9882530840601 606.0254465740379
176 682.0514077434806 579.7469590619801
233 600.9852239567844 398.65312693202776
243 416.0104408352669 121.7401392111369
245 174.6985317470496 377.08647388877927
246 416.14115304722674 298.56288035794324
247 346.0148537480109 90.06574618360257
248 318.37470997679816 161.25290023201856
249 517.7412993039443 88.05104408352668
250 409.5591647331787 603.0672853828306
251 63.48650120723129 315.1009044691973
254 459.4954152224144 8.995451684354514
