# pedestrianID x y
1 634.9129930394431 570.0696055684455
2 629.5777262180975 557.5870069605569
3 464.6542923433875 266.26914153132253
4 494.0755188886871 277.22417893570355
5 544.6345707656614 342.4593967517402
6 726.1493349745646 253.9731041059979
7 517.4593967517402 255.1740139211137
9 555.524361948956 166.0139211136891
10 636.7192575406033 141.1044083526682
11 348.79814385150814 76.10672853828305
12 345.55568445475643 62.01856148491879
30 247.02552204176337 144.15313225058006
34 530.5208816705336 133.56380510440835
35 531.9350348027842 123.20185614849188
36 559.707656612529 178.9141531322506
37 597.8271461716938 228.16705336426915
79 157.52436194895597 644.7563805104407
80 72.80008064853929 309.31914810098385
83 589.4378416951239 216.69579740129666
84 318.7343387470998 11.280742459396752
86 458.8248259860789 249.6890951276102
88 734.0661252900233 246.05568445475637
89 615.2993039443156 153.4106728538283
90 533.2832711044745 565.6595309686608
91 229.06728538283068 58.27378190255221
97 489.20881670533646 457.3132250580046
112 281.68946221927297 22.285052122417103
118 489.7304150746948 313.1333675819969
120 240.8573085846868 560.0742459396752
121 491.64384024297317 371.9539945828509
122 259.83232545799467 215.72367064182058
123 406.27958236658935 164.42227378190256
124 701.0270652080586 277.999239846844
125 504.3815719591155 131.46870116852193
126 466.8399071925754 340.41763341067286
127 522.4294735959132 164.80226426219815
128 274.8036241909502 32.376421317328685
131 620.6259125629124 566.3247395881483
132 401.9806692181231 205.0256128007401
147 444.2227365867795 212.25307140844376
156 683.0313225058005 197.13689095127611
157 334.8060846076496 27.18308003506999
159 364.8887570599823 167.58949640227578
161 549.2529002320186 60.76566125290023
163 437.451937741846 228.91488267551432
166 112.07192575406035 494.54756380510446
167 247.75638051044086 169.21113689095125
168 411.05104408352673 178.9141531322506
169 82.72157772621819 36.682134570765655
170 255.28443715594128 164.36767039862917
171 380.0266821345708 419.0533642691415
172 399.9893806370877 540.0063101809571
173 421.8507875757365 488.69506858252157
174 392.5795160330241 515.4758149799381
176 619.3686064278661 496.36171812788706
177 567.9818741889275 654.8758095635474
178 268.4154456500105 27.555315345012914
233 609.6645029945028 391.05993642752526
243 293.65039574166656 17.59862491584913
245 262.0138053156536 412.4181930852574
246 409.3265910427103 307.33187518615665
247 348.64653225845143 124.60907357457671
248 347.596460242455 202.86874712525625
249 515.5150812064966 251.5127610208817
250 261.2668213457077 504.0417633410673
251 151.09450190212124 297.0215107509553
253 357.9651972157773 63.27610208816705
254 438.7206202877924 48.98919005951648
