# pedestrianID x y
20 552.9663573085847 203.90255220417635
21 660.6902552204176 207.31322505800466
22 675.092807424594 266.26914153132253
23 602.0777262180975 200.51044083526682
25 502.57540603248265 111.63805104408353
40 708.816705336427 377.87935034802786
41 674.9802784222738 346.5568445475638
42 724.5557929480744 213.53776708422208
43 721.2877030162414 195.4570765661253
44 675.8642691415314 221.14153132250578
45 661.5742459396752 197.13689095127611
46 591.8178654292344 342.4593967517402
47 486.69489559164737 326.25522041763344
48 646.8167053364269 175.661252900232
49 494.1496519721578 298.6125290023202
50 665.6821345707657 247.87006960556843
52 591.1206496519721 188.78422273781902
53 586.5440835266822 338.3805104408353
54 549.6055684454757 135.06264501160092
55 573.4106728538284 126.13921113689095
56 500.0239761640826 93.08281842040387
57 376.1728538283063 104.5614849187935
61 434.04963560379343 9.542380584049585
63 294.87103329077655 9.842699185755542
96 30.84297702800914 267.9182290355651
99 532.1459250447467 173.0585329639374
100 173.72342291144025 593.9447182119724
101 520.2795823665894 506.42691415313226
102 715.5498839907193 373.6426914153132
133 130.73880943027328 391.2650426272622
134 468.4232587796334 489.246614729827
135 523.8990719257541 545.2204176334106
136 376.9443155452437 132.06960556844547
137 421.35266821345715 582.6682134570766
138 161.46287703016245 19.837587006960558
139 414.1782859522566 604.4133356668855
140 212.32888527722156 602.1226659302832
141 214.71858712241038 610.9986392953443
143 228.32391661592865 611.6671620265755
144 143.66898625537897 685.2272647775911
150 401.91780603768683 542.7610208816706
151 94.9000442114211 290.87330249185453
187 677.4269141531323 650.0510440835267
189 718.1836996830402 635.6453732181726
192 639.0969359718579 604.5526260243671
195 497.03248259860794 452.74245939675177
198 380.2960048386618 401.5127610208816
199 683.2884878720046 514.665332963306
201 376.25174013921117 380.00464037122964
202 257.84084894463996 528.6575101391243
204 186.4872389791184 412.4408352668213
205 76.19839910272164 675.8325105059388
206 249.4408352668214 562.5661252900231
207 606.9211136890951 671.415313225058
208 233.66144573516323 275.6426914153132
209 506.3351817721155 468.7286563339983
214 216.5034802784223 608.2134570765661
215 489.74154184068107 427.223456955502
216 687.154130321921 403.8647035256793
217 621.9480014789543 344.5058004640371
218 473.5583021877402 439.1713004677678
219 352.72023541902865 454.8745410564904
220 209.60556844547565 655.3642691415314
221 242.13689095127614 597.9396751740139
222 579.0852083833392 450.0694680929919
223 202.80510440835272 623.7633410672854
224 708.9814139761982 380.48708378496855
225 330.265956796028 525.7182073208437
226 555.3172123989895 423.61952139443383
227 226.62180974477963 676.8027842227378
228 249.28976538560875 632.8530047757705
229 556.1902552204176 403.68909512761024
230 628.7737819025522 375.75870069605566
231 476.8062645011601 287.04408352668213
232 191.9327146171694 175.661252900232
233 326.54292343387476 547.6844547563805
234 386.4048723897912 151.85614849187934
235 546.5208816705338 441.3967517401392
236 214.3137610627387 204.52229068183914
237 233.94045049315125 147.9555502196867
238 28.59565695418286 279.28322562802504
242 45.07767801532891 288.6280934371215
243 217.18987305359528 602.2696818034848
