# pedestrianID x y
3 308.43558799407145 491.854851293221
4 258.5266821345708 523.2529002320186
11 133.00116009280748 652.7053364269142
12 128.9605568445476 639.4802784222737
13 619.9060324825987 187.12761020881672
14 676.905641993847 192.00378388625796
16 557.308584686775 582.6682134570766
17 620.3027842227378 183.82830626450115
18 186.83439858578973 127.61484918793502
19 65.73085846867752 111.63805104408353
37 679.0649651972158 660.6960556844548
83 684.9704498445252 610.48403821562
86 355.9651972157773 461.9025522041763
87 165.1380510440836 380.00464037122964
90 349.8065191327221 136.83248360599606
91 527.1295682974472 303.651205412713
92 175.66009280742463 358.96055684454757
93 654.7563805104409 205.60556844547563
94 449.48955916473324 63.27610208816705
97 696.2830626450116 185.4756380510441
122 603.6076997452881 309.58978801744286
125 322.77311931468716 470.67304167337
127 352.77378190255223 392.8538283062645
128 357.6635730858469 494.54756380510446
129 637.2923951596484 163.30695674373516
130 189.84454756380515 698.538283062645
132 243.21019481371675 30.026735924882242
148 440.48027842227384 332.2969837587007
149 81.9338747099768 342.4593967517402
171 192.80278422273787 68.35266821345708
172 440.36743994415804 264.40835266821347
173 258.1102088167054 392.8538283062645
174 223.47098264867586 225.4766010152442
175 158.30046403712302 384.2691415313225
176 361.6966658504174 174.28773147357822
177 415.3341067285383 205.60556844547563
178 160.44779582366593 403.68909512761024
179 466.0386694460341 196.24513717023535
180 275.6204582719903 106.36426557977305
181 604.9349177993219 577.1283429519408
182 298.8628955853894 520.0358891618274
184 468.61500926102934 36.60100715598067
185 199.94352955008472 653.7943097643134
186 155.16970440999046 669.7879984514101
233 638.0300622641142 362.5727537483316
245 310.72921112656627 417.43695369548885
246 388.49140351693035 335.05616087118153
247 357.4338101703195 243.21914067240618
248 327.9216861457493 252.13011683350692
249 436.0634231793208 316.7438646923765
250 283.4135108970603 414.6403712296984
251 398.08389877689143 412.4408352668213
252 379.66589327146175 504.0417633410673
253 284.64360151225526 301.0139520649984
254 348.09653178835885 214.2537290886265
255 402.80278422273784 547.6844547563805
256 173.9605568445476 623.7633410672854
257 292.03712296983764 46.09280742459397
258 430.2468274716715 67.96149161558094
