# pedestrianID x y
3 373.2771713232391 388.47237881922786
4 325.85683448466506 482.9693644182922
5 630.5533642691416 668.7285382830627
7 141.97186875830494 616.5965039666086
11 156.95707656612532 545.2204176334106
12 155.38747099767986 528.1020881670534
13 507.58120649651977 124.66821345707656
14 663.6495323471914 232.83611273822007
15 661.4789038890821 210.74245939675174
16 588.0587868169849 672.0718677967353
17 507.66009280742463 118.830626450116
18 312.1577726218098 41.35034802784222
37 672.9095127610209 587.7401392111368
83 670.7934483350734 554.2876854954579
86 412.38863109048725 384.2691415313225
87 172.28770301624135 277.53132250580046
90 410.39327146171695 214.1902552204176
91 540.3329466357309 302.5058004640371
92 184.03596287703022 257.01160092807424
93 568.9129930394432 118.830626450116
97 667.407136864593 254.66020342279356
120 155.60440835266826 684.9187935034803
121 705.7617344417058 282.74993033370254
122 552.5774775866814 296.67285382830624
125 385.38866991936777 367.16240798140154
126 716.6275532086211 479.142865625646
127 395.8746873152046 344.25569180325294
128 426.1802613744867 386.40835266821347
129 550.6136890951277 88.05104408352668
132 285.19171728133165 79.74115405392783
148 498.82598607888633 212.4640371229698
149 93.58700696055689 255.1740139211137
163 629.1484223520602 173.9860300985599
171 223.31925559629735 175.7972716263465
172 407.92979288366837 351.481488444031
173 303.6879350348028 445.92111368909514
174 249.71387728950285 296.682723063191
175 165.29466357308587 285.1322505800464
176 440.5426123458884 225.5553192270371
177 485.07076566125295 310.34802784222734
178 173.9355108308335 314.2762797292797
179 464.6445639817029 114.66515262054956
180 277.2665223414856 12.784423435701113
181 594.0748199343966 626.7485555819139
182 220.30828068233401 601.5446212841538
233 632.3460923648862 368.71031836707317
245 299.677983371001 427.61958211550376
246 392.71798007376043 329.2669375605285
247 355.33146411079133 219.16545391119342
248 320.31004852297866 227.84915968366516
249 450.0998228621765 307.6140346263387
250 258.9545701718943 432.0041538783123
251 338.01177137248663 373.5284387036554
252 479.78892637096385 553.9474014396286
253 266.5638603525056 287.46796571033974
254 344.25313791902613 182.81197339265879
255 485.3375870069606 615.9675174013921
