# pedestrianID x y
3 373.66571479594796 422.955104388099
4 376.90951276102095 425.70765661252904
5 610.9489559164733 587.7401392111368
7 244.5765333272209 545.2204176334106
11 187.60092807424599 416.8445475638051
12 185.6299303944316 405.87006960556846
13 398.0174013921114 54.5707656612529
14 537.6879350348029 174.04176334106728
15 536.4561515348298 160.87497816292628
16 576.2276887422652 646.6654287870122
17 399.39907192575413 43.712296983758705
36 667.7122969837587 292.80742459396754
37 664.6635730858469 499.2853828306265
38 652.1867749419954 197.13689095127611
83 663.6658932714618 466.5104408352668
86 377.2261070098554 395.79119724687104
87 205.04176334106734 175.661252900232
90 473.0069605568446 308.3805104408353
91 462.8491879350348 233.48491879350348
92 216.96171693735502 158.10208816705335
93 429.639211136891 33.22969837587007
97 668.5568445475639 332.2969837587007
120 195.11663197369097 608.2134570765661
121 687.5382830626451 312.3201856148492
122 494.4372060598496 239.76174654944978
125 459.7482481598929 277.53132250580046
126 628.6158037040113 495.3583441967159
127 461.2886800176919 259.56555696523776
128 445.81170435992493 258.8265123535816
129 430.8364269141532 19.837587006960558
132 356.89052767487266 135.02947064691605
148 464.38051044083534 92.11600928074246
149 81.80337497120993 204.28365236406816
163 548.3627636040759 153.07527679819947
166 124.20475242598695 688.1562808087879
168 268.37715711980314 19.011911111276074
171 247.27958236658935 279.4245939675174
172 381.58221475668944 469.37095511680684
173 325.9325169578095 472.8682351698757
174 241.33370044630715 336.5519850773133
175 186.81670533642696 182.18561484918794
176 493.84698241624204 320.41121840948864
177 510.24738735563693 403.0070042681838
178 201.1046909776175 236.0491949889983
179 463.1127436587269 35.17532266068197
181 583.3854714300907 674.6934707985954
182 144.92470431998728 677.4915982527954
233 625.8876658240434 375.0513870278925
245 287.39686146319394 438.14554573489823
246 397.34593425929273 323.35784557385966
247 353.53229702079636 193.27298839152812
248 311.7794701458827 202.60076262006197
249 465.27741304668814 298.09508407682097
250 230.71693735498846 439.1415313225058
251 295.7248050191931 340.5117097228807
252 603.8981739163703 570.4871311569854
253 249.4970644535576 275.95437210676266
254 340.58038545742477 150.02028994345255
255 552.1765559460008 678.1539312329347
