# pedestrianID x y
26 546.1357308584687 115.93967517401393
39 155.22621809744786 545.2204176334106
47 610.0780554048877 687.0059137755283
49 494.8880109740069 536.7241542703604
57 562.1716937354988 562.5661252900231
58 73.98027842227384 358.96055684454757
60 167.0984704221584 249.16879674333347
62 354.0192472247541 457.3132250580046
64 709.7703016241301 215.92111368909514
65 416.74129930394434 455.02552204176334
66 713.8700696055685 215.92111368909514
67 516.3248259860788 537.8561484918793
68 563.7395064523229 132.57441408498255
69 234.86310904872394 108.79350348027842
70 172.17764241406994 252.4554812825261
71 31.66937354988403 221.14153132250578
72 542.1589327146172 42.52900232018561
96 301.5266553036231 383.9445975811975
100 461.06296992100215 325.84402556932287
103 309.32844424670543 468.8213457076566
104 719.6844547563805 205.60556844547563
105 85.1303734961503 600.9210719940014
106 358.57821482527777 470.39304868322307
107 320.70417633410676 492.1856148491879
108 240.41415313225065 82.69605568445475
109 603.2157772621811 582.6682134570766
110 270.29350348027845 565.0626450116009
111 228.69837587006964 613.3781902552204
112 139.91118203144106 664.9726211280474
115 170.33094891088192 654.9449390168974
117 219.13982644869736 629.0237579665335
131 468.250025414187 26.718861428479325
134 567.9532984694163 326.88394720655606
135 595.408437753028 408.99400429336106
136 404.93953130693876 468.2214856575027
137 475.71345707656616 354.8074245939675
138 176.97456132164262 400.7539374654332
139 197.3621110457431 264.58936525489156
140 483.7164461166314 69.80184219793298
141 459.2191090136555 348.6125290023202
142 598.1078323697125 460.6529933043642
143 429.0189471416737 394.52612391317643
144 478.81322505800466 450.4640371229698
145 397.0916473317866 525.675174013921
146 391.98103653705925 594.9776676464504
152 130.2443377689924 550.8685544751036
153 290.7173372282908 352.42756489937415
154 465.6382933356748 602.5909819014068
155 510.2274280666566 423.48646810452743
156 249.1897085979941 605.8540465483426
157 232.24618886494673 572.4399807986216
158 176.1735283791063 644.5618186494936
159 218.51734011305507 641.2342171448241
160 183.70786987417094 665.7241955496947
161 140.76266645041935 692.3755962171306
163 51.90052411514105 265.92266052859037
195 463.2447795823666 164.42227378190256
198 572.0429632373914 414.6403712296984
201 527.184992265054 336.3480278422274
202 298.9954272330124 425.1265083972999
208 200.18228931966888 232.82358186296153
219 650.6204961627328 340.1844720153897
226 731.1615464945189 248.8687354010826
228 529.3801129247985 425.23802616013256
231 578.1675523132972 578.4970714702782
233 541.0512424108036 452.5512322581003
234 732.1415313225059 270.0046403712297
235 502.5800180628956 254.74705054550245
236 566.2760695761837 107.87249065486829
237 524.5893271461717 340.41763341067286
238 382.08468677494204 47.29002320185615
239 367.4605568445476 455.02552204176334
240 481.0266821345708 380.00464037122964
241 365.47099767981445 403.68909512761024
242 417.6700389868259 359.2072626146726
243 366.2314457385623 428.0644927450896
244 382.18445475638055 560.0742459396752
