# pedestrianID x y
3 189.62551247553563 659.2169587742916
4 146.3236658932715 684.9187935034803
16 446.75026823658624 275.34860740303986
18 124.13580130955025 198.6279689008235
19 119.44002536804351 441.1430429195687
86 248.9844287313462 610.1460409432652
87 86.66473317865433 615.9675174013921
91 579.3020359260147 559.2330892860579
92 95.79118329466365 587.7401392111368
93 513.0430135964062 357.78323408988996
94 498.50464037122975 367.32250580046406
95 699.4733178654292 365.22505800464035
125 251.4521988311441 599.7643426037799
127 255.05929481579275 565.326952068175
128 153.36303803152546 687.2251651701455
129 714.7278157814287 400.3471879574791
130 446.1109586289297 292.7038216203507
148 480.8051044083527 499.2853828306265
149 147.76735166440713 506.559405826686
172 279.99071925754066 23.122969837587007
173 117.31173577869258 274.1215595774905
175 134.98206168223766 620.2908728824783
176 298.0934571726827 9.137962010332666
177 284.8853689506434 9.859069284620002
178 146.65081206496524 626.3712296983758
179 416.9293509494536 375.00812183826577
180 182.08352668213462 382.13457076566124
181 628.1937354988399 334.32018561484915
182 487.42575406032483 290.88167053364265
183 440.39461480667404 252.5763360701512
184 535.0835266821346 328.26450116009283
185 440.93387470997686 478.11136890951275
186 450.64182059062824 321.53366208340765
233 654.8874971026933 347.0673001277145
245 342.13389312165685 388.6194637146336
246 376.45452198701355 351.71319735778485
247 362.39283287887343 311.99510234694236
248 349.6006718066804 313.78021156497454
249 397.60805148816615 342.22609481499063
250 186.45810816436145 157.83268357957093
251 426.18039097557187 420.8000798213406
252 200.4559164733179 283.2250580046404
253 329.35828821070834 336.05111904649124
254 358.94744246306374 296.020475126734
255 206.1710798988605 321.8974917505594
256 362.5533642691416 459.6055684454757
257 496.1055684454757 358.96055684454757
258 476.94315545243626 260.7006960556845
259 163.092807424594 175.661252900232
261 139.19257540603252 166.0139211136891
262 316.50225326488766 51.14805404304314
263 571.8642691415314 17.670533642691414
264 507.2679814385151 575.0951276102088
265 518.5023201856148 626.3712296983758
266 538.9756380510441 33.22969837587007
267 317.185156980538 79.86507052617898
268 402.4726222640354 30.58707361675453
270 440.15781857491174 14.245108986996774
