# pedestrianID x y
25 672.8132250580047 224.6450116009281
46 715.5781917063571 401.85920652586424
47 536.8293517152664 480.3029557526648
49 526.3553711516267 441.3967517401392
52 707.808584686775 310.34802784222734
54 717.4814385150812 210.74245939675174
55 702.070765661253 190.44547563805105
56 666.9303944315545 205.60556844547563
57 471.81206496519724 266.26914153132253
58 99.24129930394437 644.7563805104407
59 438.88979118329473 96.22273781902553
60 397.59976798143856 64.53828306264502
61 471.9628770301624 81.36890951276102
62 132.22991001107857 640.5475108044293
63 455.1716937354989 120.2830626450116
64 409.62761020881675 26.450116009280745
65 560.2447795823666 684.9187935034803
66 409.58932714617174 16.593967517401392
96 198.893271461717 262.5522041763341
100 310.9819710023962 435.51006156540205
101 632.8682150741624 428.2586160161211
102 667.0081880923236 530.5828569010479
104 461.04176334106734 58.27378190255221
105 59.72737819025525 238.8445475638051
107 192.56955099358956 642.5082137696761
133 141.66589327146175 542.7610208816706
134 447.95243619489565 455.02552204176334
135 367.7911832946636 499.2853828306265
136 477.0167657232459 303.9534563119094
137 336.05830609339716 526.2367009444154
138 159.70069605568452 212.4640371229698
139 306.26632350163226 493.7151039849706
140 368.55704887718184 457.3132250580046
141 287.2296983758701 532.969837587007
142 251.74709976798147 618.5614849187934
143 287.2884100117398 567.3683590572176
144 240.8847510766106 602.511884711587
145 158.2083427200584 672.9493592912504
150 564.8144394706668 457.3132250580046
151 71.08191559603587 148.76102088167053
153 64.34661409743077 290.8935165974695
155 696.7735285519321 465.6820893250263
157 133.9133629690746 689.8985557639479
195 657.3271132444503 363.1322505800464
198 406.90848366108304 453.6309411486292
199 722.6683141376406 403.68909512761024
201 393.2957166243118 396.62434193608016
202 312.64157177790514 459.946698059609
204 198.0777262180975 550.15313225058
206 234.82111875513297 626.5091456087566
208 164.1320408001493 349.68031762667226
209 475.71345707656616 354.8074245939675
214 138.43202036495344 692.5144067821917
215 603.0508508982635 340.41763341067286
216 719.2114510471223 449.9335606572392
218 653.4341999277552 328.26450116009283
219 394.39895133101 441.5747601014934
221 235.92194311743575 685.4044114854818
222 659.2258087436137 364.34509454340247
225 441.9927439347563 596.4500358525399
226 587.0208816705338 377.87935034802786
228 316.0457506303966 585.6831869209782
229 679.1299303944317 332.2969837587007
231 493.7994069422719 381.56556358047897
232 74.94663573085847 172.42691415313226
233 338.9882374113681 574.2189185297163
234 605.9918793503481 210.74245939675174
235 574.2826233978616 375.94400318407617
236 383.0108049738653 203.90255220417635
237 300.52135718037664 185.4756380510441
238 185.80027540695428 308.6133725674392
239 152.6688962238766 668.0471111800381
240 232.61439952853837 604.4424172855825
241 138.00911597040474 681.8258517765986
242 173.37826419881168 325.8444951024317
243 256.0060120428069 556.941924105783
244 183.76608369624665 668.4397541046895
