# pedestrianID x y
179 146.7556934732563 679.0526415240164
185 459.99444892455796 36.75834449292327
245 422.492768386593 451.63600160353514
246 417.91818638159714 443.0048019982031
247 426.9093432852455 453.7193362408407
248 430.82593441716557 459.40618630392703
249 341.84932113849476 453.27800181423436
251 716.4841117243877 270.247223504387
253 439.4738151109879 476.9997090592348
254 436.4331434964054 469.8004289088252
256 458.1229247218423 90.86488374713117
259 129.3384418186961 634.1577140248777
261 132.7734150204995 565.0604139462152
262 15.28184300745595 269.891125129604
264 157.6320564378701 402.54914670213884
265 662.2894543493351 455.56742785088363
267 618.5821940575681 232.73720487746897
268 143.57408192595065 649.0245941684814
269 165.9658128965438 213.13725041863935
271 555.7643896732886 529.3464711386648
272 683.7324189007641 230.51333685653398
273 701.2655761131049 61.47046480905147
