# pedestrianID x y
20 124.29350348027845 224.6450116009281
21 380.14617169373554 53.34570765661253
22 276.27610208816714 2.0092807424593966
40 558.9860788863109 175.661252900232
41 471.92343387471 94.8491879350348
42 477.9489559164733 76.10672853828305
43 459.59048723897916 69.63341067285383
44 446.8283062645012 53.34570765661253
45 379.3631090487239 35.52668213457076
46 296.7204176334107 33.22969837587007
47 298.66473317865433 57.03480278422274
48 386.0133084594268 25.361662510555043
49 314.34187471881415 45.922939461602404
133 235.9723531742743 258.8538283062645
134 172.94353525225898 653.7940006922637
137 546.8003053116558 674.7468884106352
139 524.3379515683073 672.1002512320947
150 189.25337479576984 629.0633071738647
151 131.2946635730859 542.7610208816706
187 677.9872389791183 423.4849187935035
188 64.95127610208823 229.9350348027842
189 676.7923433874711 410.24593967517404
190 506.6914153132251 613.3781902552204
191 722.5707656612528 262.5522041763341
192 669.7006960556846 399.34106728538285
194 717.3457076566126 255.1740139211137
195 250.30075118439976 582.6540829156509
196 715.9988399071926 242.44083526682135
197 664.7030162412993 603.0672853828306
198 269.019289529805 499.11694475573677
199 663.5858468677495 392.8538283062645
200 678.6808635633491 253.91809605009203
201 520.3491879350348 246.05568445475637
202 160.59057958211034 647.199005624191
203 81.22505800464046 205.60556844547563
204 170.72949213445227 190.7408473767885
205 89.06032482598613 480.44547563805105
206 187.39211136890955 304.45939675174014
207 541.9002320185615 443.6566125290023
208 414.78886310904875 219.39675174013922
209 274.6879350348028 506.42691415313226
210 563.5649651972158 190.44547563805105
211 656.1728538283063 380.00464037122964
213 668.7285382830628 628.9837587006961
214 185.9037122969838 432.40371229698377
215 292.17386466801725 538.1857059801399
216 417.70881670533646 246.05568445475637
217 336.2101652376941 488.14618338903796
218 202.98607888631093 597.9396751740139
219 243.78886310904878 461.9025522041763
220 153.20997679814388 410.24593967517404
221 215.59512761020886 375.75870069605566
222 363.1909274590013 513.4621041086455
223 158.00928074245945 386.40835266821347
224 403.86426914153134 167.61020881670532
225 206.73537096955104 284.77078797519005
226 312.0394431554525 439.1415313225058
227 169.03248259860794 466.5104408352668
228 423.98607888631096 471.13689095127614
229 348.0018922642345 546.2611968774133
230 278.30212929272307 570.2481615082353
231 448.90813814384484 54.02144921035643
232 285.37158234343383 199.31578300559516
233 254.8458683992018 519.4564261870212
235 642.5541340965594 466.5546878890555
236 35.88803936420017 263.22317814792933
243 148.6753430929324 675.8917223813236
