# pedestrianID x y
3 228.7035389826124 593.4356366773809
4 210.10440835266826 597.9396751740139
13 738.4006640340542 252.910649270079
16 510.59396751740144 457.3132250580046
18 83.92704589906407 210.74245939675174
19 54.795823665893295 296.67285382830624
86 250.46921278792388 574.8953484847918
87 131.9501160092808 496.91415313225053
90 322.19510511893003 74.80278422273781
91 566.5777262180975 421.2668213457076
92 142.5638051044084 466.5104408352668
93 581.8535249681619 277.78720491521636
94 404.82134570765663 185.4756380510441
95 705.34686774942 164.42227378190256
97 739.4581089116447 266.84355786112775
122 676.9961561264133 286.04676211385555
125 258.82018561484927 550.15313225058
127 325.86542923433876 485.1276102088167
128 254.2423705448228 596.532668245558
129 724.6971821393643 190.44547563805105
130 285.7025880905041 485.24822655963567
132 243.97624128618503 47.082047712867535
148 466.73090546271385 408.9708642255217
149 101.69025522041767 432.40371229698377
172 407.80804763058467 152.73448388647012
173 188.97215777262184 292.80742459396754
174 158.58718013818714 43.28570620078433
175 151.32482598607893 504.0417633410673
176 330.8709774371658 115.14026264819944
177 407.55855943880084 151.43715670010099
178 157.00928074245942 513.6102088167054
179 439.03828306264506 310.34802784222734
180 248.99883990719263 231.70765661252898
181 618.516241299304 506.42691415313226
182 380.5010898360012 423.2042142904226
183 490.5657739243709 556.6019226302425
184 489.3173407173276 155.71308748355526
185 298.91571666260074 592.8876562977766
186 302.63212869962 526.1574076936333
233 645.4302858859672 355.70726826926295
245 325.4067986601389 404.75198683932877
246 383.1695175041569 342.50469166687253
247 359.80280185867554 274.22330035494554
248 337.70663987666495 281.1966052620196
249 418.26011460263317 328.3382543380075
250 236.63408369511103 302.5058004640371
251 441.0533642691416 480.44547563805105
252 277.2710437649947 419.2724226526396
253 304.8307137082959 317.0250007610609
254 352.87207242400854 250.14506525408268
255 296.2578635655728 452.74245939675177
256 249.4269141531323 504.0417633410673
257 401.75986078886314 177.28538283062645
258 357.1237809155029 183.76607453645724
259 314.57540603248265 53.34570765661253
261 279.17053364269145 52.125290023201856
264 565.2957982552194 676.4347097607755
