# pedestrianID x y
27 582.1276102088167 105.9675174013921
28 500.7041763341068 90.75638051044085
29 419.1496519721578 26.450116009280745
39 96.92111368909514 285.1322505800464
49 271.067050930538 634.3256909995736
58 32.24852396820572 213.07977625544973
60 176.88167053364273 373.6426914153132
62 584.5422452982369 365.22505800464035
64 727.040018498491 404.50098796551345
65 598.9358836027682 386.62426987921407
67 563.7656612529003 292.80742459396754
69 379.3268266664619 185.87616754671748
70 360.61609148362624 127.61484918793502
72 477.8375870069606 312.3201856148492
73 220.43155452436199 603.0672853828306
74 580.254060324826 96.22273781902553
75 601.6125290023202 597.9396751740139
76 506.5046403712297 113.06728538283062
77 398.3062645011601 43.712296983758705
78 68.72389791183298 682.2088167053364
79 279.1148491879351 3.020881670533643
96 542.3866334420114 377.63195056763965
100 568.6751184618166 155.01038915317844
103 162.76671038371106 242.44083526682135
106 565.4570765661254 277.53132250580046
107 251.27650232012175 373.22581302295134
108 384.5835266821346 136.56612529002322
109 639.1414956168073 431.58742031453755
110 493.114489458574 429.40729544632467
111 393.60156599812825 521.7906251647091
112 406.2200150650452 480.73589023107286
113 368.7099767981439 162.83526682134573
114 132.67243094456538 621.7275008322009
115 344.51324232803756 543.4994748503136
116 132.15545243619493 660.6960556844548
117 386.25986078886314 494.54756380510446
120 277.9662540397928 16.639737677085854
131 386.68573207736097 216.59331657108422
132 183.79290298419536 650.3497723136788
134 620.9222737819026 410.24593967517404
136 554.5742459396752 427.93503480278423
137 618.247292165436 200.51044083526682
138 170.33178654292348 567.5638051044084
139 302.6733960066919 188.83145238269404
141 569.5193090485735 200.3807651578912
143 416.6092259201738 341.5466492463842
144 563.1044083526683 288.96055684454757
145 367.47371647650846 370.6166881200673
146 503.8493954503321 455.6253589537728
147 179.21446973204152 648.9644863672542
152 58.7343387470998 298.6125290023202
153 534.4288173984705 358.96055684454757
154 449.86194895591655 459.6055684454757
155 338.5742459396752 392.8538283062645
156 379.7668213457077 511.2111368909513
157 339.33642691415315 475.7819025522042
158 332.40023201856155 496.91415313225053
159 343.70881670533646 575.0951276102088
160 362.6593242050228 553.5756587806231
161 285.6469366759928 607.1844206703595
162 111.4487444673653 509.74011535234087
163 141.98878779077208 248.9109474049219
164 157.78221971008634 674.665306707128
198 728.4906752846875 288.53554531634717
201 501.86713172285613 380.78832529306067
202 203.44688583607743 204.80424264182244
208 226.20341837177926 13.362048776081558
228 697.2222254583126 297.2604328124898
233 554.6057493312967 439.79742603984977
235 481.63836871196196 141.43051458286948
237 562.8921383797718 550.1873335971422
239 645.7567132172502 255.1740139211137
240 630.8776759540636 112.63459941904047
241 480.0396018703816 151.98670305686875
242 468.52088167053364 145.6844547563805
243 411.33087367195265 322.35237832474763
244 507.15777410359493 448.19025522041767
246 301.43038312496435 38.99548585487319
