# pedestrianID x y
0 688.401392111369 138.0742459396752
1 302.0266821345708 44.90023201856149
2 304.11368909512765 34.37587006960557
30 153.12889004111196 556.9749547969365
60 230.9350348027843 698.538283062645
69 357.6648781552276 493.8275143847071
70 596.6884968843017 140.66076381000488
72 537.3039443155453 185.4756380510441
73 564.4373549883991 441.3967517401392
75 714.340538506329 363.1322505800464
78 199.30742459396757 427.93503480278423
79 218.8700696055685 262.5522041763341
80 219.2343387470998 247.87006960556843
81 531.385150812065 182.18561484918794
82 534.8433874709978 130.58004640371232
83 531.0336426914154 124.66821345707656
97 248.1972495343126 669.2342051334912
98 694.0324825986079 628.9837587006961
108 384.17684035140303 419.0533642691415
109 655.2924485201758 122.57674078871213
111 548.308584686775 270.0046403712297
112 521.4396751740139 253.34106728538285
113 705.1865323464108 159.6751740139211
114 167.2788742785682 281.61663066486085
115 277.5258979673612 310.4567563591667
116 479.51392111368915 459.6055684454757
117 458.78886310904875 129.09512761020883
118 570.8503480278423 626.3712296983758
119 575.1977541598769 43.76837625254291
120 325.64363217672854 170.25349718135237
121 92.05220417633416 210.74245939675174
122 78.55376537330679 692.2802489036511
123 194.35023938213635 580.5319454151254
131 371.39235059932554 365.9821343718909
132 298.0946935398123 551.1993426266007
134 620.663475173743 441.3967517401392
136 287.97099767981445 610.7935034802784
139 266.8420857505341 133.34056661980117
141 597.5973893715466 48.49187935034803
143 541.2784222737819 185.4756380510441
145 434.46171693735505 147.22041763341068
146 629.59332481784 326.8736163727359
147 402.41995359628777 471.13689095127614
152 95.21702110858145 124.66821345707656
153 712.7409333357634 143.401283010125
154 438.34686774941997 161.25290023201856
155 225.27958236658938 200.51044083526682
156 570.1635730858469 380.00464037122964
157 427.10281899740687 350.67285382830624
158 612.1556309710303 427.93503480278423
159 455.8139491168134 511.361852182705
160 625.9904802320953 416.8445475638051
161 414.5266821345708 485.1276102088167
162 77.8433874709977 121.7401392111369
163 224.73201856148498 473.45707656612524
164 342.29814385150814 525.675174013921
165 106.59628770301626 273.7587006960557
166 143.9222737819026 93.48027842227378
167 122.63010828612282 324.8262957430133
168 232.5694930684 540.8298994341457
169 471.32991901708783 594.2178494382034
170 161.3057531247426 625.6236858077431
173 656.9138685639645 609.6732539350811
201 581.7296983758702 580.1392111368909
233 575.6389225849867 420.6035572149686
237 660.2379632664262 498.99711874670396
243 416.0578942719916 439.1415313225058
244 703.9164733178654 340.41763341067286
245 82.11832946635735 244.24593967517401
246 334.42923433874716 138.0742459396752
