# pedestrianID x y
3 196.37522472425678 655.0830203825822
4 150.69936243981155 677.6228720936455
16 451.0348027842228 292.80742459396754
18 139.60455287583375 192.11136890951275
19 113.74684466020231 436.9442919386077
86 255.5824874921452 605.9635801180514
87 91.6252900232019 605.6380510440835
91 579.1214795564856 552.6264501160093
92 97.15081206496524 577.6148491879351
93 520.5032511304236 345.56851228728317
94 493.93503480278423 352.737819025522
95 699.407192575406 346.5568445475638
125 257.84951953583703 596.0968303071622
127 259.96218880295686 561.5664798558282
128 162.9255245720647 682.3942468946502
129 716.4772986904898 384.00944220392694
130 440.792801785014 312.5939667661336
148 490.1786542923434 489.8283062645012
149 143.93341731650284 499.6967565485448
172 290.69089127194815 32.14558157234743
173 123.2732895167447 274.06460165705965
175 136.41308435373213 605.921510965151
176 307.019056720786 21.606545884296658
177 295.533601126966 22.023201856148493
178 145.9269141531323 615.9675174013921
179 417.04819323556904 370.73089185885027
180 190.07772621809747 367.32250580046406
181 628.0672853828307 348.6125290023202
182 482.47916139890054 302.5058004640371
183 423.9119405992515 360.4890885049997
184 531.3781902552205 312.3201856148492
185 431.46635730858475 489.8283062645012
186 436.2131788171757 346.9487806865735
233 654.0163142512198 347.8543633959092
245 340.6745447223301 389.93110706959567
246 377.0152595187549 351.07151989701424
247 362.1967669278687 308.88655332825226
248 348.5581923601669 310.8073402385364
249 399.34887670924286 340.93951803859954
250 187.69119572600425 171.81534602305322
251 421.1210285061851 427.2322504860712
252 206.06960556844552 296.67285382830624
253 327.6079012149355 334.8294068509739
254 358.47596613703286 292.6383693039996
255 213.4802784222738 336.3480278422274
256 357.6119810755387 459.55081978910556
257 489.8410672853829 342.4593967517402
258 472.931554524362 249.6890951276102
259 166.76682134570768 164.42227378190256
261 147.01972157772624 154.96983758700696
262 325.72232115079004 42.23061739174589
263 561.2227378190255 12.334106728538282
264 511.401392111369 582.6682134570766
265 524.5684454756381 634.2227378190255
266 536.5881670533643 26.450116009280745
267 313.6030901274339 71.34932732180265
268 420.65106212412064 22.88578433460018
270 454.9004542399641 7.164199562604598
