# pedestrianID x y
3 176.4175790124239 667.7127164519896
16 434.17376071874975 240.64037122969836
18 84.74553284504022 217.65661252900233
19 132.67704127887671 450.69424782802713
86 235.70765893367684 618.3909813118196
87 76.63225058004645 636.8491879350348
91 577.8505838348425 577.6324295921372
92 85.1821345707657 600.5011600928074
93 510.54640371229704 392.8538283062645
94 513.278422273782 403.68909512761024
95 695.5533642691415 401.5127610208816
125 240.00645784532304 608.7736597126785
127 246.25376881448182 575.4549628070589
129 710.5197215777262 439.1415313225058
130 462.85201198497117 249.6890951276102
148 454.90255220417635 518.4222737819025
149 157.46942314130564 520.69887000792
173 99.3167686084526 274.23285876927036
175 131.67515926055816 646.13044839396
178 148.41763341067292 644.7563805104407
179 416.6467032242204 384.0696682702135
180 172.36542923433876 410.24593967517404
181 637.8515081206497 316.2784222737819
182 502.9035085622713 264.40835266821347
183 428.2529002320186 215.92111368909514
184 548.4860788863109 358.96055684454757
185 447.82134570765663 452.74245939675177
186 472.34449701380544 263.79751273716806
233 656.8663806764532 345.41596659335926
245 345.2278696197925 385.2209578306859
246 375.09261999204466 353.4217238132546
247 363.0543443149372 320.4793738007937
248 351.6258754992284 320.2650297105323
249 393.7133568890009 345.23380721505765
250 179.34073617618546 128.56646888953492
251 436.78384280000256 406.1611930075787
252 190.25638051044086 253.34106728538285
253 334.5477444888732 340.06415762896006
254 359.8454882511595 306.3624196662639
255 196.29234338747102 292.80742459396754
256 386.31528468286035 457.3132250580046
257 501.5092807424594 397.17401392111367
258 473.13099923730124 302.6147134739756
259 160.35034802784227 202.20417633410673
261 148.8329466357309 169.21113689095125
262 301.7354988399072 73.50348027842227
263 595.8294663573087 28.691415313225058
264 493.4814385150812 555.1044083526682
265 500.7436194895592 605.6380510440835
266 535.7111368909514 49.698375870069604
267 301.554524361949 105.9675174013921
268 374.7111368909513 57.03480278422274
269 342.4083526682135 8.148491879350349
270 414.50850734631837 28.667989366392483
