# pedestrianID x y
25 713.7888631090489 244.24593967517401
46 730.1695627411767 449.5410503764212
47 551.6843323622662 508.8167053364269
49 541.5092807424594 468.8213457076566
52 721.223751808127 303.84927209799724
54 729.5371229698376 217.65661252900233
55 721.2877030162414 195.4570765661253
56 707.7273313029533 224.6450116009281
57 482.7830626450117 302.5058004640371
58 110.54872389791188 626.3712296983758
59 476.5719257540604 115.93967517401393
60 366.2053364269142 82.69605568445475
61 500.9466357308585 97.60092807424593
62 143.3132250580047 623.7633410672854
63 493.60324825986083 144.15313225058006
64 442.5719257540604 47.29002320185615
65 552.431554524362 660.6960556844548
66 442.177494199536 37.84222737819026
96 226.21461716937358 260.7006960556845
100 327.05223447384685 432.68425785213253
101 654.5878496119393 437.76452212986584
102 662.977958236659 570.0696055684455
103 552.5730858468678 682.2088167053364
104 489.81554524361957 72.20881670533643
105 67.75290023201859 279.4245939675174
106 129.9938709725758 667.4422694676969
107 205.53384602314148 632.7893023485362
133 144.05568445475643 567.5638051044084
134 481.7296983758701 445.92111368909514
135 406.74322153401107 481.13076989953294
136 482.9013776616273 332.2052407229212
137 322.6399879484042 517.3813739467284
138 166.1960556844548 253.34106728538285
139 269.7053364269142 471.13689095127614
140 377.7061121086923 414.44556498057466
141 293.7296245009243 499.2853828306265
142 288.4060324825987 597.9396751740139
143 305.48027842227384 557.5870069605569
144 262.7053352261895 581.9421469629027
145 178.26178849578423 659.5796098907209
146 565.217036448928 692.3367111944748
151 47.11530222147127 143.76360587250625
153 88.19201275372532 296.67215565669125
155 677.2666184247647 461.2117330520992
157 143.79348096307996 678.2665279538288
195 681.5329447734872 340.41763341067286
198 410.83122657979516 462.6213803858137
199 724.431619976272 408.2374163868783
201 410.0238713526494 388.55220417633416
202 347.83178654292345 436.8909512761021
204 201.0510440835267 577.6148491879351
206 208.81867884393188 641.1850333267206
208 169.30395913487303 355.2045249049646
209 462.6570784643713 318.1783670936154
215 626.1993755749664 320.561082719117
216 732.6028527236433 464.50054057614847
218 682.1222201147573 304.30628945729796
219 405.3855154469426 433.52115431974624
221 210.5639305681362 689.0298382954888
222 679.7727355331558 333.3743405917036
225 457.71949748347316 601.3834509956926
226 589.6250132724368 345.6191398280824
228 340.3330343778073 568.5502717723538
229 689.7273781902552 338.3805104408353
231 501.15610408792867 392.0897477616037
232 49.36542923433876 170.81670533642693
233 327.80266123005833 574.7299492138447
234 641.5255220417635 221.14153132250578
235 560.3567572867345 373.09604866359444
236 422.48841060195554 205.60556844547563
237 348.7953819265671 193.28673543223917
238 201.90603248259865 294.73781902552207
239 185.28990837668897 640.9652897088556
240 265.42168947056234 579.3187517399432
241 163.85818689218803 657.2190777332864
242 198.08883267653857 334.3723912589242
243 263.8439501712195 547.5923779834305
244 204.9080349322352 656.2711354956679
