# pedestrianID x y
133 328.24990163189045 123.43936212203265
187 721.069227662602 258.47898955670485
188 323.1237645737892 153.35168871386955
189 716.1578437351676 245.17060682609576
190 575.1219955628976 483.7583561552256
191 532.4499393180279 115.30432815881274
192 711.0288231423914 240.6981559644197
193 614.6734176710969 84.23849626165223
194 513.0892197587248 91.67402737396773
196 517.4765654349524 85.14226592593275
197 721.3376966009663 443.7307521986783
198 248.6479107379817 389.32204421291937
199 645.2289781615933 211.55410204921697
200 485.9853988897116 34.60774898177666
201 469.2565156822762 85.16197955671687
203 278.17448760166076 98.4113367369364
204 277.315701136566 102.38362079860585
205 41.408943084232966 282.04207915224663
206 130.5176427526208 72.25665091688359
207 457.4917632665056 198.70198055759235
208 387.2229715651264 405.1014014704078
209 218.67676932103436 510.1327277096641
211 507.2941317333539 487.1384653425057
212 468.8384783833126 75.14020841715217
214 140.18393795023107 298.3380409499184
215 265.4192681815685 534.4540181779297
216 353.972605254811 352.1271618704866
217 243.01505202809415 540.5807293912748
219 223.94213652979914 318.6992098850543
220 71.35978107105056 261.3573692225747
221 114.64827575154048 267.76470258732064
222 257.8214323008305 591.7278758938733
223 43.92835618856808 269.7335089919207
225 59.49262847834319 248.07623196565828
226 188.67921866232393 346.272956445383
227 42.506325313954136 315.8868853814646
228 529.1601726289138 628.6415173169205
229 192.2636089545367 654.7907297407311
232 407.3754787174657 217.45487042700438
233 230.0300601026926 551.1048236917688
