# pedestrianID x y
25 645.4211136890951 210.74245939675174
46 704.6508120649652 380.00464037122964
47 525.9543390974031 455.3030374379538
49 513.4901006259964 420.29562420373423
52 709.3735498839908 285.1322505800464
54 708.9976798143853 202.20417633410673
55 695.808584686775 180.5475638051044
56 639.9721577726218 192.11136890951275
57 461.9918793503481 238.8445475638051
58 93.92972955504271 660.6960556844548
59 413.8422273781903 81.36890951276102
60 418.9106728538284 52.125290023201856
61 451.59976798143856 69.63341067285383
62 128.28184332044145 653.7990320339796
63 429.054524361949 104.5614849187935
64 389.4176334106729 10.232018561484919
66 388.71809744779586 1.0023201856148491
96 172.9129930394432 264.40835266821347
99 721.9443155452436 219.39675174013922
100 287.1332524097295 452.7206777771761
101 626.016241299304 430.1670533642691
102 674.6741162570677 506.22511474562464
104 453.77614925588784 42.37080470735485
105 45.43541479185911 237.2649448195269
107 183.1281159308184 649.7777945548204
133 138.84421843703447 525.0342645187349
134 426.4695710514644 469.603369210292
135 345.60868167320496 506.51876862330033
136 448.4872389791184 244.24593967517401
137 347.96170610376777 532.7768237940077
138 160.4129930394432 182.18561484918794
139 325.77496027333655 511.90114901276854
140 344.1620577270612 487.4756380510441
141 272.8143851508121 547.6844547563805
142 223.76279965222608 632.0400680154288
143 279.0303628330092 573.7249885659786
144 228.47637680537864 614.6255677170824
145 143.58315776597587 683.2811410354744
150 539.2911733985123 462.3072675335553
151 75.94199535962883 169.21113689095125
153 49.91174045762812 286.46482238809426
155 711.5463260946439 469.50233076044657
187 727.7266243162783 660.8090384007853
195 634.4489031706822 377.87935034802786
198 411.68986116857286 444.7612300669359
199 715.6539317651359 420.2077784460308
201 390.43632989680464 393.74185346125006
202 303.69410091547854 470.07592594107484
204 194.8236658932715 528.1020881670534
206 247.8747099767982 623.7633410672854
208 160.48839907192578 346.5568445475638
209 481.4002320185615 384.2691415313225
214 153.92234619198356 685.8662870555495
215 585.7999098034852 348.6125290023202
216 710.3364843486739 439.2367550331338
218 625.8681037444011 346.5568445475638
219 385.78457240104683 447.3669181944137
221 239.42111368909517 679.5034802784223
222 634.2804331764165 380.00464037122964
223 140.75251164934605 686.5103525783671
225 429.9781440911583 577.2342805956861
226 584.9011977175562 389.8041532376818
228 300.76045225006527 597.089775283321
229 660.7749419953597 344.5058004640371
231 488.47360255668394 373.81933662047305
232 92.3955916473318 170.81670533642693
233 346.13793677214994 573.8358711945137
234 572.84686774942 202.20417633410673
235 581.3192389740689 377.77024001987905
236 331.6716937354989 197.13689095127611
237 242.60440835266826 190.44547563805105
238 160.66045389663628 303.78031132926276
239 136.38106218864115 687.8003912497235
240 212.12545814418206 624.0276817168879
242 151.53433664330336 321.1074960801134
243 250.02550738692952 563.6305398579385
244 170.16279109871144 675.1106502031606
