# pedestrianID x y
3 226.37622919517528 638.0724313882042
4 161.1670533642692 644.7563805104407
16 472.137027186498 366.51358449320185
18 192.36890951276106 166.0139211136891
19 92.49071925754066 401.5127610208816
86 252.54756380510446 603.0672853828306
87 114.91415313225065 562.5661252900231
90 255.08675499744643 12.334106728538282
91 569.3167053364269 492.1856148491879
92 121.55220417633416 537.8561484918793
93 555.0607787674991 300.86879291045227
94 457.53712296983764 283.2250580046404
95 703.9802784222738 271.8793503480278
122 728.3697352503139 269.1331831860514
125 265.6388859710351 575.0951276102088
127 277.5959738036051 545.2204176334106
128 187.63805104408354 655.3642691415314
129 719.5434548402453 305.1193529666314
130 404.81224025617325 394.7020169655588
132 266.3022403721922 38.25486274313087
148 505.2086090671959 449.43724801031766
149 125.77823729124064 466.87911997962755
172 339.74222518250326 90.75638051044085
173 151.78014503011556 273.8483164700562
175 140.26798143851514 570.0696055684455
176 339.3477431258099 70.49478331326489
177 343.77641435690356 76.65041308694634
178 146.45939675174017 577.6148491879351
179 417.65928074905736 350.17542512629393
180 220.1252900232019 316.2784222737819
181 630.893271461717 421.2668213457076
182 437.8109048723898 363.1322505800464
183 436.27378190255223 485.1276102088167
184 510.2505800464038 244.24593967517401
185 369.8526682134571 545.2204176334106
186 410.7726218097448 425.70765661252904
233 650.3323638758834 351.0400822295015
245 334.6381763529478 396.1271047524741
246 379.618424779098 347.347516855231
247 361.0650473212575 294.0357009771337
248 343.8148739760359 297.9284788036803
249 407.55221785029215 335.66211182827243
250 194.72440883211507 231.2686902389771
251 428.44663573085853 459.6055684454757
252 235.20417633410676 365.22505800464035
253 318.2578824320066 326.8995193122977
254 356.26988236661555 274.6248617793278
255 237.98568278756719 388.55220417633416
256 305.8001875839015 496.91415313225053
257 453.9965197215778 275.6426914153132
258 391.6209039064779 214.3495344964384
259 220.99651972157778 118.830626450116
261 192.554524361949 108.79350348027842
264 537.4864049389458 623.7918931423073
265 562.093597963757 679.8862136352202
266 498.36900275198116 12.400890733590732
267 296.3824092190719 34.92881161480879
