# pedestrianID x y
188 651.2168147101127 84.62211202241676
198 135.11712391561002 337.3285333906999
199 586.262708413145 141.84058043068424
208 442.7039678321277 493.1623683592337
209 151.1948079159194 647.3290412478614
211 291.2226119088813 608.205112162026
215 151.98696543827975 670.814332336753
216 177.107052917728 314.7855452370813
219 97.55495636103637 293.57071130753707
226 20.017053821375836 280.99893107134966
232 573.1420595845991 239.3546895056703
233 199.2102205695038 593.151390572857
