# pedestrianID x y
0 534.9638410811463 35.521110733715204
30 131.77361831376203 665.3906783413605
39 119.84454756380515 48.49187935034803
49 145.70812348429496 692.0070425434259
60 240.2972622457165 598.7961182879158
67 594.3399071925754 47.29002320185615
69 408.66718807526445 369.5096195258029
70 603.3239516588723 174.3418210669823
72 459.3294663573086 212.4640371229698
73 439.0355258368489 513.8032332937202
75 634.0200723829419 439.5701643412105
77 627.8758700696055 363.1322505800464
78 146.23665893271468 518.4222737819025
79 239.94663573085853 169.21113689095125
80 242.00000000000006 153.4106728538283
81 422.100928074246 107.37819025522042
82 393.6879350348028 40.17633410672854
83 390.66125290023206 27.56844547563805
96 731.654844595911 270.57597497166904
97 182.90935521267355 685.1839259783443
98 729.461716937355 518.4222737819025
100 645.8792000246631 9.138775506842043
103 240.3494100280296 40.17633410672854
106 596.0167097531742 20.57677326948724
107 114.9512761020882 312.3201856148492
108 465.78353695753094 295.34730641411096
109 672.3329466357309 271.8793503480278
110 689.6651784539738 457.3132250580046
111 509.98437624353886 372.9178559511845
112 488.7892634866544 331.6533463797287
113 561.167133859579 128.45995336123246
114 168.40901536688008 416.98854526733504
115 287.12254080130464 367.32250580046406
116 373.1997934079391 534.1288137865246
117 461.04176334106734 273.7587006960557
119 648.9174344498904 213.30456402278918
120 251.66125290023206 169.21113689095125
121 4.390951276102101 224.6450116009281
123 142.36921361483476 669.8673635340612
131 352.35377804362867 378.344669461673
132 257.40610076306035 588.5846355763596
134 487.15811036984303 524.2000552654499
136 425.8039443155453 560.0742459396752
139 292.6578280614423 148.6583783184932
141 622.3727752798798 147.22041763341068
143 515.4888454543386 308.3805104408353
144 593.1276102088168 32.08816705336427
145 409.78646333267807 253.58092454720455
146 570.6450116009281 439.1415313225058
147 284.8652330965365 552.6690260401879
152 92.06169273413295 159.77628236550763
153 704.2819025522042 249.6890951276102
154 472.15661252900236 242.44083526682135
155 170.83913505324296 320.2552204176334
156 511.37493022879636 417.0063991364917
157 307.0668832172411 436.9247681164968
158 470.5255220417634 496.91415313225053
159 448.9272970458794 538.5838829927748
160 550.7700950396435 454.2057416803158
161 426.7338768390092 518.8297064704884
162 86.28886310904875 268.13457076566124
163 209.83062645011606 328.26450116009283
164 309.8394849485761 563.1983808957691
165 60.42605951664954 248.48955659423893
166 99.41718694149179 7.80212444722387
167 43.09251484588167 292.84289543210406
168 182.44954356488503 616.7454552748128
173 710.8247152291863 641.399045252814
201 528.4988399071926 471.13689095127614
202 149.95722839813595 52.67732422629701
233 567.5102433368796 427.4506514170607
237 596.2685646098462 535.4106728538284
243 414.131090487239 388.55220417633416
244 609.7780525557309 376.5950740718047
246 323.4930394431555 74.80278422273781
