# pedestrianID x y
1 447.00348027842233 197.13689095127611
2 446.3677494199536 190.44547563805105
3 320.4976798143852 47.29002320185615
4 244.9895591647332 19.837587006960558
5 248.94315545243626 7.11368909512761
30 180.02073099068 423.03433560551963
31 490.14617169373554 48.49187935034803
32 335.2784222737819 8.148491879350349
69 365.05568445475643 623.7633410672854
70 714.0634473360674 220.389835593301
72 696.5703863822038 271.4842132515747
73 726.6677823882752 376.1546006987776
78 164.01044083526685 388.55220417633416
79 168.54292343387473 377.87935034802786
80 220.14388971569645 240.2419581128541
81 706.3947715299051 267.27977153249134
83 556.7946635730859 110.21345707656613
84 689.2645011600928 296.67285382830624
85 25.59628770301623 178.9141531322506
86 215.262180974478 25.33642691415313
97 330.75141284385916 649.6858717528567
108 272.3051347971981 537.5243990143682
111 554.395578152007 126.13921113689095
112 384.57948409917833 73.58590849141727
114 242.95377644170654 128.40569699274621
115 306.6934513745208 187.24131513556617
116 668.7026361949444 386.40835266821347
117 326.32547283309077 47.041542328024455
118 560.2308584686775 610.7935034802784
120 215.4651972157773 410.24593967517404
121 195.39559164733183 257.01160092807424
122 75.28306264501163 582.6682134570766
123 287.76566125290026 475.7819025522042
124 265.8816705336427 547.6844547563805
125 317.99883990719263 35.52668213457076
126 337.27427416465 54.66181329302753
127 263.9601400343721 65.69540672176183
131 373.43080243155305 396.5519186063853
132 376.67392874581583 490.9918812905424
136 248.72737819025525 642.1160092807426
139 357.70812998030124 13.001135473791463
143 702.2192575406033 275.6426914153132
147 373.05852751630255 439.1415313225058
154 494.41192210556744 1.7353576223636882
155 358.3269702691271 26.15006872595586
156 609.2888703290055 267.9256695234668
157 498.28116063225144 270.34818380592293
159 465.4469671707714 478.97178282949534
161 376.2176754699783 417.2929222178599
163 295.05262275952157 506.1807002252334
164 437.0778967920711 436.00864316493124
165 201.99419953596293 401.5127610208816
166 143.88399071925758 237.05336426914153
167 197.1206496519722 373.6426914153132
168 295.2967672958941 448.3727823748378
169 317.69842355206924 439.29446236676677
170 225.81490002090885 484.8953424452222
171 548.235802053415 655.2031020636637
173 583.7185848074809 570.6158812805204
233 586.8764652019854 410.7891176816837
243 503.10473668901665 293.2627028539999
245 115.68329466357312 367.32250580046406
246 351.39056479666476 189.88470155783298
247 269.03403287671534 41.345127389082535
250 539.3639506199211 675.0863093285247
