# pedestrianID x y
20 721.8120649651974 251.5127610208817
21 736.3979118329466 257.01160092807424
25 627.6461716937356 200.51044083526682
46 701.3944315545244 399.34106728538285
47 525.2293920302861 441.0973641070686
49 507.4230396220468 406.29316025432433
52 713.4709976798144 270.0046403712297
54 693.9245939675175 193.78190255220417
55 688.631090487239 178.9141531322506
56 621.1520786603653 181.2888865643756
57 450.92459396751747 224.6450116009281
58 88.26798143851511 674.106728538283
59 399.00000000000006 68.35266821345708
60 432.1832946635731 43.712296983758705
61 439.3201856148492 63.27610208816705
62 125.02345347156148 662.3891059577652
63 410.05568445475643 92.11600928074246
96 153.23201856148498 262.5522041763341
99 703.1056215187185 215.92111368909514
100 274.40244100090587 460.7489538683735
101 608.0533642691415 439.1415313225058
102 681.1727761047072 492.55423061323023
104 456.4905570044819 26.3765062861298
105 30.56491629444163 250.3463756245352
107 176.85763902303626 654.9662328474731
133 135.80162412993045 506.42691415313226
134 412.8538283062645 485.1276102088167
135 378.08346812810214 508.1752282371893
136 448.7958236658933 247.87006960556843
137 355.51762995742916 536.4284902436838
138 163.22737819025525 162.83526682134573
139 336.23222685987656 527.0814992570789
140 318.7250580046404 506.42691415313226
141 263.605489695909 555.5224836419642
142 210.29325894032795 643.7467786435917
143 273.1214278202478 578.4394851363357
144 218.28599423116347 622.4528122419343
145 135.36672536712 690.7679175039524
150 521.9371118140124 466.5104408352668
151 76.24137592159947 180.91644530636185
153 37.61248169633517 283.6771501682489
155 719.2047627575474 471.15254882341804
187 714.001268314912 665.3545614373545
192 585.9199245520883 685.0230363169576
195 613.2780001835347 390.70069605568443
198 414.38277946868175 439.61888662012205
199 712.0505809274028 432.40371229698377
201 388.9075547990115 391.73970454583684
202 297.51062911668487 476.03474030522904
204 192.50232018561488 516.0139211136891
206 260.3723897911833 626.3712296983758
208 168.9744779582367 340.41763341067286
209 484.5936916036908 401.52804122513265
214 163.35357590414014 680.7357494838043
215 575.8839907192576 356.8816705336427
216 704.8315242441497 431.5276638787368
218 609.4147257542475 354.7749604535402
219 379.88800894056186 451.0128714371303
221 240.00116009280748 668.7285382830627
222 615.4429305393456 392.5145259355162
223 149.30616425545338 676.7575808348201
225 423.79483818447653 561.8374910253324
226 583.4642433541082 391.86211406256893
228 291.270980873301 603.4002495674995
229 644.4466357308586 346.5568445475638
231 484.47074174104654 369.7889399801779
232 105.43503480278426 170.81670533642693
233 351.7174647434997 573.5661030631192
234 550.2656612529003 197.13689095127611
235 588.379674736613 379.1671145698501
236 319.5406032482599 198.82134570765663
237 240.677494199536 195.4570765661253
238 141.3072605535674 300.980040547375
240 196.73445580417328 636.3446416530151
242 138.81807764375102 317.24939303450225
243 246.34673857580026 567.4994345913825
244 158.51984056400465 680.7323444545906
