# pedestrianID x y
3 221.3515081206497 615.9675174013921
4 188.10212656095723 615.9675174013921
13 737.8573085846868 283.2250580046404
16 495.22157772621813 414.6403712296984
18 135.6301975045091 188.44039944329555
19 65.39443155452437 348.6125290023202
86 229.516241299304 600.5011600928074
87 124.52436194895594 528.1020881670534
90 292.6388352562904 40.025888836397215
91 570.1171693735499 459.6055684454757
92 132.41415313225062 506.42691415313226
93 568.7495773334247 289.10443027477277
94 430.88399071925755 233.48491879350348
95 704.4802784222738 212.4640371229698
97 739.7570880916878 300.8938703092427
122 702.4253812628309 277.5559454665091
125 275.1188659693854 535.4106728538284
127 304.969837587007 513.6102088167054
128 222.5348315881063 625.0496605007746
129 723.6464095095341 244.08559440817234
130 340.1809339101208 449.84035988472004
132 244.20807897593437 51.90752984362705
148 486.61249499571835 428.535878575378
149 111.68806175395582 446.5402162577399
172 372.3641065372407 122.05517256318981
173 165.97563805104414 271.8793503480278
175 145.96867749419957 535.4106728538284
176 334.8991182378896 94.46049656984404
177 381.93418043474094 113.76079968471254
178 151.76450116009286 545.2204176334106
179 416.5011600928075 336.3480278422274
180 236.08004640371234 275.6426914153132
181 625.6171693735499 466.5104408352668
182 408.0719257540604 395.01160092807424
183 462.9872389791184 511.2111368909513
184 494.6428490169863 192.8501789841032
185 329.1228019152167 575.6348345269313
186 350.50185456221385 481.45030865769564
233 647.97439733905 353.6237137985186
245 329.93565665013847 400.73653334781613
246 381.50734980649423 344.9177064526604
247 360.4673631409318 283.01473292186495
248 340.7317122852235 289.0961570854054
249 413.23423793569646 331.7082657250052
250 216.7714617169374 268.13457076566124
251 450.6099499247371 482.78422273781905
252 254.67706649108436 388.55220417633416
253 311.4125712077571 321.52848555826773
254 354.4905033898829 262.33430725337575
255 267.38399071925755 423.4849187935035
256 277.08599958130384 503.42650977207785
257 426.1171693735499 224.6450116009281
258 349.0307024944133 210.95213276777596
259 269.0208816705337 86.70533642691416
261 236.23085846867752 80.04640371229698
264 552.3719669765946 654.2031203101652
267 282.51171777103724 12.593659190761082
