# pedestrianID x y
26 387.0058004640372 5.05800464037123
39 121.02900232018567 695.8051044083527
47 590.0891000781675 586.7025946535027
49 577.8538283062645 547.6844547563805
57 519.155452436195 399.34106728538285
58 102.96287703016245 547.6844547563805
59 600.946173112132 178.9141531322506
60 282.16473317865433 147.22041763341068
61 581.701856148492 142.62645011600927
62 188.95707656612532 555.1044083526682
63 611.0556844547564 198.82134570765663
64 543.701856148492 101.76334106728538
65 488.79814385150814 587.7401392111368
66 544.9860788863109 97.60092807424593
67 460.4060324825987 693.07656612529
68 391.16125290023206 19.837587006960558
69 162.65979065151646 9.821127642901628
71 8.578140538447862 290.8351403846424
96 242.50575696089507 276.1420415352665
100 425.69953596287706 338.3805104408353
101 716.2374845578895 465.91926252856257
102 652.6171693735499 655.3642691415314
103 491.8109048723898 605.6380510440835
104 568.9164733178654 114.50116009280742
105 74.6821345707657 395.01160092807424
106 150.79234338747105 570.0696055684455
107 247.59642112822382 598.4076411915507
108 152.81367416962823 19.026387906755666
110 146.15504866598798 678.4011530456605
133 137.5780747763581 625.0713889029142
134 391.73333755816503 416.82847365319543
135 501.7664781962683 434.64501160092806
136 489.4729031905861 400.99929075590074
137 375.877030162413 471.13689095127614
138 189.3067000693236 357.9683749596867
139 190.885150812065 401.5127610208816
140 433.6865881636141 308.924019878533
141 352.65545243619493 468.8213457076566
142 395.7064965197216 540.3062645011601
143 355.95027116752937 504.0417633410673
144 361.14153132250584 528.1020881670534
145 235.58131257675095 621.5746095783135
146 503.20459830326655 658.7667289867812
150 662.9998536175175 462.68499399004185
153 158.7898730774928 316.3607574004084
155 617.5900628848881 448.382377495913
156 172.6466070774269 664.9587180635749
157 174.69689704264806 640.6175538219401
159 144.1904519647279 688.5757718952924
195 619.600928074246 300.5568445475638
198 510.42598616129584 406.37916524389993
199 731.2448346198959 436.966360203894
201 504.4443155452436 350.67285382830624
202 336.6763341067286 419.0533642691415
204 177.3953152505868 620.0738336152701
206 143.50472512516737 687.5640031949873
208 185.04550731601398 371.53132250580046
209 414.88979118329473 221.14153132250578
215 678.7124082447395 295.964852264797
219 488.1288481162242 382.13457076566124
225 519.1400114653256 653.1221030132402
226 595.4292343387472 255.1740139211137
228 406.1256276703861 517.5949148357201
229 713.9659998717926 283.67903805678606
231 528.8515081206497 443.6566125290023
233 406.86583984259056 525.675174013921
234 650.53356161968 235.23635451360664
235 537.7001304579791 337.5480640555294
236 480.7119429087407 215.92111368909514
237 440.6273475384596 181.45648641883744
238 232.2204176334107 198.82134570765663
239 259.55443641685474 563.8313697455538
240 348.850130748541 513.0393456334017
241 230.674406980313 567.4527506611709
242 274.4964275849121 361.26186859678694
243 288.5596832267576 521.1459034564576
244 263.5468597433833 627.7873399065857
