# pedestrianID x y
3 377.6784203407523 412.4408352668213
4 381.59396751740144 416.8445475638051
5 603.9965197215778 575.0951276102088
7 259.9823993823334 531.0911964186432
11 191.60556844547568 395.01160092807424
12 189.66937354988403 384.2691415313225
13 385.0011600928075 40.17633410672854
14 518.4465850028866 161.25290023201856
15 516.2530271474559 147.22041763341068
16 574.3329466357309 642.1160092807426
17 385.4918793503481 29.819025522041763
36 659.9083526682134 290.88167053364265
37 661.6832946635732 482.78422273781905
38 625.592807424594 183.82830626450115
83 660.947902242962 448.71711033375675
86 381.5897530395835 384.5188364630475
87 215.42459396751744 159.6751740139211
90 475.3095444131771 323.6459592385665
91 449.2285382830627 221.14153132250578
92 227.26450116009283 141.1044083526682
93 408.9106728538284 19.837587006960558
97 666.8535089182673 338.354478810194
120 208.32482598607893 597.9396751740139
121 675.1991411428343 318.80047052181243
122 488.1929368345693 234.88711279067883
125 471.96442196725036 257.9622404446649
126 611.1127712877985 498.2003383869561
127 468.59641544363643 238.8445475638051
128 441.42166701398514 238.60380715282952
129 407.3573085846868 6.08352668213457
131 580.7208203028135 687.5013865133698
132 359.1948861169516 133.45425409031637
148 441.22157772621813 77.41531322505801
149 72.46911135417561 211.7042210377097
159 167.48659195271424 10.013568331954467
163 541.0660992041915 155.60368520682695
166 123.54249784271263 672.8772100192133
168 278.23466725714644 25.082859447384934
171 253.06728538283068 296.67285382830624
172 389.9739657349301 514.1740349593902
173 312.3857174997903 471.31928942559693
174 239.91675867752647 341.4291260096418
175 190.36658932714622 162.83526682134573
176 502.93608620414017 329.1953386858022
177 514.0412560366955 419.43346810418717
178 205.2613346367532 222.7199198227893
179 462.92469613620807 25.34918733725394
181 581.162593457659 681.7201135202216
182 134.37667107538635 691.9400914964228
233 624.9060680773272 376.0124761632393
245 284.96457224546054 440.0106146541043
246 398.18755978260384 322.35639712459783
247 353.16673426767596 188.41135139516172
248 310.3971052679513 197.82477849851674
249 467.56047356488415 296.45685529372696
250 246.51856148491885 445.92111368909514
251 289.3935672389043 334.88585572136896
252 620.932409193887 573.0964842090767
253 246.96329421323443 274.15407313967387
254 339.8879861826749 144.29956477268573
255 566.7357507004273 690.2755288974407
