# pedestrianID x y
3 374.5029725442456 386.568456254935
4 327.6973354722253 480.44547563805105
5 630.176325839595 666.8815432491423
7 144.76075685250254 609.6268263208916
11 157.48839907192578 540.3062645011601
12 157.63805104408357 523.2529002320186
13 503.3190255220418 121.7401392111369
14 658.6716937354988 228.16705336426915
15 657.9217428258313 210.10395615144458
16 587.7432655493724 670.8712681250995
17 502.2006960556845 115.93967517401393
18 315.76102088167056 36.682134570765655
37 672.0765661252901 582.6682134570766
83 670.1334106728539 550.15313225058
86 409.33178654292345 386.40835266821347
87 172.8747099767982 273.7587006960557
90 412.14970335886125 217.65661252900233
91 538.2795823665894 298.6125290023202
92 184.31554524361954 255.1740139211137
93 563.6171693735499 117.38283062645012
97 669.2633410672854 260.7006960556845
120 156.10324825986083 679.5034802784223
121 703.8572313357171 283.56072071792255
122 549.4327146171694 294.73781902552207
125 386.81786542923436 363.1322505800464
126 714.8831435464408 479.88357680788715
127 398.3638840659097 342.5418098664768
128 429.6159105759745 384.8945148484059
129 549.0556844547564 86.70533642691416
132 288.1682134570766 82.69605568445475
148 500.55220417633416 205.60556844547563
149 94.4431554524362 251.5127610208817
163 622.1790066209028 169.21113689095125
171 225.49553655796137 179.59656952801848
172 406.8749338560002 355.94057547115244
173 305.3921113689096 443.6566125290023
174 249.42172238934504 297.8904645106116
175 165.59744779582368 283.2250580046404
176 442.93062148022756 227.66094118357685
177 487.1716937354989 316.2784222737819
178 175.44609887567944 312.0442203802479
179 464.5812521606884 111.31876194651622
180 277.3260134386144 9.075741534838183
181 593.5908372258294 627.6944786677096
182 217.08120339781505 602.7796303001743
233 632.1276427594014 369.01505608090696
245 299.22209018140467 427.9766622743826
246 392.8051680563719 328.9765629130337
247 355.2859973575025 218.32840651182713
248 319.9936684530404 226.7549440599864
249 450.68459880797076 307.19624794806555
250 256.08811241848656 432.2895461506541
251 336.7946998829237 372.28829883392575
252 484.7083152991268 554.445856159869
253 265.99401741053555 286.96178662609947
254 344.14678980267666 181.50230706019838
255 487.30394431554527 618.5614849187934
