# pedestrianID x y
179 138.52150699395142 686.5995272145549
185 460.9731772056937 21.61104238837541
245 424.97028025962504 454.92924071139385
246 419.7418786240888 445.89559576753896
247 429.6753243103211 457.9266972609101
248 433.2479880400257 462.8434801807321
249 337.9403707331 458.4618804688872
251 723.2121421649206 268.4218814332258
253 442.6703278197647 482.8470989518842
254 439.47975154023476 473.890504453779
256 458.8038985367906 75.68592913575182
259 128.30248501699717 647.3384270365488
261 131.79278638338806 580.2800633880789
264 148.40382246849012 393.8097752396155
265 676.1559029976648 459.2664556468181
267 630.0189682568539 235.76671817646198
268 135.1509392184265 671.0620420812792
269 155.62356815098835 217.1635163445448
271 558.8499776268795 551.2359888591244
272 706.8473754967237 242.631959830833
273 720.5657372708428 63.594806897554896
