# pedestrianID x y
16 347.2280022371299 134.26086574942255
19 122.45049222859748 532.2100608553312
86 190.3245643693785 652.7733692862208
91 577.5950723850056 664.5335232301691
92 65.74245939675177 676.8027842227378
93 560.4605657622619 499.2853828306265
94 561.4721577726218 525.675174013921
95 678.3016241299304 518.4222737819025
125 197.91447183475083 643.3338290980626
127 213.87034911142274 609.0956304643453
129 699.4234365937396 560.1244796879287
130 405.2976453828944 70.0873306015476
148 348.931947055 594.0787130867727
149 207.17633410672858 613.3781902552204
173 43.878045509053415 274.6571433463524
179 380.5356260806756 453.19526265136653
180 140.32403681659076 485.34657462161
181 645.3595791540708 325.8949589873615
182 548.863356632397 155.26535102623757
183 335.2714617169374 105.9675174013921
184 621.9338747099769 464.20417633410676
185 452.87819025522043 380.00464037122964
186 566.3951001170612 89.88564342640585
233 663.449901358411 339.67263778637295
245 357.2166365324897 373.9780766534823
246 370.61903459777807 359.8377327961586
247 365.26027198775876 346.9166139677416
248 359.58834237492727 343.67728339415845
249 379.13605308744496 356.33193223955936
250 148.29314430640537 22.023201856148493
251 472.53936237034026 358.7621479962045
252 151.69105298784356 143.50354298829419
253 353.13848456896096 354.0199218636315
254 363.7732139469194 340.8007295900511
255 160.2026143373158 203.70745043669683
256 400.06755254091655 416.3496576209429
257 611.9040268365258 515.7176097018565
258 355.94315545243626 419.0533642691415
259 149.61252900232023 300.5568445475638
260 642.9976798143853 613.3781902552204
261 148.6160092807425 264.40835266821347
262 251.39365741493123 148.40659794420938
263 675.0591647331787 88.05104408352668
264 386.2533549801949 496.3228878892982
265 447.9547563805105 516.0139211136891
266 512.2830626450116 111.63805104408353
267 297.9141531322506 178.9141531322506
268 299.6567816585716 183.17121801626075
269 446.3761736949726 90.75638051044085
270 304.9489559164733 92.11600928074246
271 410.3201856148492 23.122969837587007
