# pedestrianID x y
20 102.89327146171695 233.48491879350348
21 366.639211136891 44.90023201856149
40 541.2575406032483 166.0139211136891
41 457.4605568445476 85.36426914153132
42 465.0742459396752 68.35266821345708
43 448.9083526682135 59.51740139211137
44 434.3689095127611 43.712296983758705
45 366.27378190255223 27.56844547563805
46 286.2969837587007 23.122969837587007
47 292.9284293078663 46.35459476135638
48 399.6657915796672 20.47017472834873
49 309.88274100962786 38.19159537163564
133 242.254060324826 257.01160092807424
134 149.99071925754063 666.046403712297
137 551.6171965708575 678.3387167625432
139 529.0636429665693 675.2443877917246
150 180.3509651445817 630.5544871002774
151 128.35498839907197 552.6264501160093
187 678.8584686774942 412.4408352668213
188 77.44427495156668 222.89095127610207
189 677.6241299303945 399.34106728538285
190 507.88979118329473 605.6380510440835
191 708.8399071925755 255.1740139211137
192 672.1171693735499 388.55220417633416
194 704.2819025522042 249.6890951276102
195 241.06502235830254 589.8451375489551
196 703.8642691415314 235.26682134570765
197 668.008120649652 590.2830626450117
198 260.9903290378814 490.3635684289954
199 663.991879350348 380.00464037122964
200 662.734160017731 247.87006960556843
201 524.5638051044084 237.05336426914153
202 156.78846033590398 652.8519901038358
203 94.74593967517404 200.51044083526682
204 172.7817016196016 184.5144862312184
205 89.62645011600932 466.5104408352668
206 181.65197215777266 292.80742459396754
207 539.7417344826961 430.1670533642691
208 426.1171693735499 224.6450116009281
209 259.0079591845424 513.6102088167054
210 547.8677494199536 178.9141531322506
211 644.9466357308585 386.40835266821347
213 671.1218097447796 621.1600928074246
214 185.26334106728544 423.4849187935035
215 285.1345707656613 542.7610208816706
216 425.19837587006964 253.34106728538285
217 336.98339530895583 496.25715929974064
218 193.45823665893278 605.6380510440835
219 247.6960556844548 452.74245939675177
220 152.10440835266826 395.01160092807424
221 213.53828306264506 365.22505800464035
222 346.807869638643 520.4162097453723
223 156.93851508120653 371.53132250580046
224 393.12761020881675 159.6751740139211
225 203.48303076076607 268.9572070697961
226 305.74593967517404 432.40371229698377
227 164.0371229698376 452.74245939675177
228 430.0455836492217 479.2577325818026
229 339.74193595478306 551.4518456975704
230 268.83908822527695 580.9042878027344
231 450.41950295747955 45.90587254109388
232 292.47660697376574 200.12981368634595
233 253.33503490597167 521.4433451676426
235 649.3749115487379 467.1290035133183
236 28.509362324030807 265.96450436219266
243 145.15162281425182 679.4558340650375
