# pedestrianID x y
3 228.1248513790696 637.372223103557
4 160.90911211957888 644.3282467338289
13 730.6902552204177 302.5058004640371
16 472.5069605568446 371.53132250580046
18 192.14501230795344 167.03651174022383
19 91.29002320185617 399.34106728538285
86 250.55451402479935 605.6380510440835
87 115.23317865429237 560.0742459396752
90 257.60443323117687 13.64813319457986
91 569.0208816705338 489.8283062645012
92 121.55220417633416 537.8561484918793
93 555.6641560480585 300.66062610082633
94 455.92343387471 281.322505800464
95 704.2888631090487 268.13457076566124
122 727.688991628524 269.99807279807567
125 266.44315545243626 572.5800464037123
127 279.4720385983239 542.7610208816706
128 187.75918326913236 656.6140368600499
129 719.7115445638605 300.1368641052165
130 401.7891406604458 399.0717537334653
132 263.4782415386005 39.59823179310357
148 504.4666169209492 448.3888053324426
149 124.88661250025542 466.13326538636136
172 341.5591647331787 92.11600928074246
173 153.24584679361578 273.8411661430561
175 140.55220417633416 567.5638051044084
176 339.1555623442745 71.33867559853032
177 346.0898942823196 77.41531322505801
178 146.73433874709983 575.0951276102088
179 417.67769267059725 349.3422400509281
180 221.8248259860789 314.2969837587007
181 629.6809744779582 423.4849187935035
182 436.3874709976799 365.22505800464035
183 436.27378190255223 485.1276102088167
184 508.33874709976806 240.64037122969836
185 368.139211136891 547.6844547563805
186 407.69837587006964 430.1670533642691
233 650.2261826958184 351.1533726323257
245 334.3561918914706 396.42054491012874
246 379.75305068020134 347.2195379735745
247 361.0238316117448 293.64065371458565
248 343.6160649534084 297.3546308195768
249 407.69589232702805 335.4666392794457
250 194.38458769332033 235.26682134570765
251 428.44663573085853 459.6055684454757
252 235.21133434349002 365.68179478250573
253 317.84174806148775 326.56377497569287
254 356.18543695967645 273.60879825054275
255 241.49805484736143 390.70069605568443
256 303.76450116009283 496.91415313225053
257 452.3967517401393 273.7587006960557
258 388.3992039198277 214.01932694580046
259 223.6960556844548 117.38283062645012
261 194.3828306264502 105.9675174013921
264 538.422256599105 625.5829824601443
265 562.8605518801376 682.1838334956569
266 497.7195926043244 12.124865318609634
267 295.88137879614806 34.48455902893529
