# pedestrianID x y
3 221.01282164749674 640.4696964888902
4 157.02088167053367 650.0510440835267
13 732.6054523916041 294.6690789913216
16 468.03364269141537 354.8074245939675
18 196.10904872389796 159.6751740139211
19 98.1914153132251 414.6403712296984
86 263.40402692432144 600.5011600928074
87 112.20301624129934 570.0696055684455
90 251.5778130942058 3.858919517783001
91 571.7215180109545 506.0336530340421
92 118.56148491879352 547.6844547563805
93 552.0109310285396 303.9723665528315
94 464.38399071925755 294.73781902552207
95 701.546403712297 283.2250580046404
125 267.80758467143323 582.6682134570766
127 272.46806027532887 553.966509654966
128 179.87238979118334 660.6960556844548
129 719.9246542489211 318.9681873949971
130 415.49414189708864 383.0575074198663
132 276.7855209876429 28.94118790066013
148 510.57814976888005 454.79785495319976
149 129.00824421320402 472.37586395867044
172 331.3691256903056 80.17479458952792
173 148.14983340841272 273.89345420671464
175 137.6542923433875 577.6148491879351
176 340.38078949866735 64.85282747814269
177 335.7126571017958 65.44692965551569
178 143.86658932714622 585.2018561484919
179 417.5616239999684 353.9206246851188
180 214.78190255220423 324.2505800464037
181 630.0997679814386 408.0556844547564
182 441.9222737819026 354.8074245939675
183 429.06612529002325 473.45707656612524
184 514.6241299303945 255.1740139211137
185 380.10324825986083 535.4106728538284
186 416.6867749419954 412.4408352668213
233 651.0597706115004 350.58602231966523
245 335.3632514322566 395.2290572298757
246 379.20736424526854 348.0198994521706
247 361.2793993009619 296.81031580686886
248 344.5379321637332 300.0790136661843
249 406.25154151256345 336.7310166593489
250 192.09976798143856 222.89095127610207
251 423.215777262181 452.74245939675177
252 226.52784222737822 342.4593967517402
253 319.8123350703918 328.1239037669443
254 356.6461400730779 277.20047735236375
255 233.88458396679027 380.2539353061165
256 312.42343387471 487.4756380510441
257 462.2354988399072 287.04408352668213
258 421.3934518442415 215.84473737316486
259 209.8329466357309 126.13921113689095
261 181.56148491879352 114.50116009280742
262 356.66473317865433 7.11368909512761
264 534.3617919934509 616.4033714918445
265 557.0687644921518 671.2855405588808
266 504.22186285055875 14.009114415871204
267 298.5987993647996 40.51473640689167
