# pedestrianID x y
16 341.7888592848648 127.30057880295097
19 123.27610208816711 537.8561484918793
86 188.20902041603213 653.711436536651
91 577.5794863265419 669.8649577592606
92 65.37935034802786 679.5034802784223
93 561.0628547080507 507.65831560503113
94 564.030162412993 532.969837587007
95 679.1809744779582 523.2529002320186
125 196.1065792814187 645.1702825432483
127 212.7146738763604 611.8755096151234
129 698.901392111369 565.0626450116009
130 387.6370009700647 47.845833474069124
148 341.97849290882976 592.830626450116
149 210.4697346605247 618.5614849187934
173 40.356823961477055 274.6793806356224
179 375.70301624129934 457.3132250580046
180 139.90984063799698 492.04250125021326
181 645.5343717447784 326.8500580589848
182 550.2967383726334 148.76102088167053
183 335.0598481748673 101.32360270176108
184 623.5858468677495 464.20417633410676
185 450.8863109048724 373.6426914153132
186 567.5719385624583 79.12215099592558
233 663.9214670798873 339.38975337991747
245 358.0361568102252 373.36981945460434
246 370.438778909528 360.18052056497265
247 365.39921718535817 349.02031952404917
248 360.1377135024535 345.08215982026564
249 378.10224542410106 356.61657575319146
250 147.66241299303948 15.522041763341068
251 477.0713762189074 354.8074245939675
252 150.79002320185617 139.58700696055683
253 353.9519461733113 354.80287234837243
254 363.9933515828157 342.46951426686337
255 158.05672907284122 199.22855855899297
256 397.44199535962883 410.24593967517404
257 632.988613885899 533.0125811286415
258 347.7202458426428 428.8148781316894
259 151.6020881670534 306.41763341067286
260 642.2529002320186 608.2134570765661
261 147.61020881670538 270.0046403712297
262 249.86194895591652 151.85614849187934
263 679.8596287703017 90.75638051044085
264 380.0652541598389 499.2853828306265
265 446.00348027842233 511.2111368909513
266 511.9640371229699 115.93967517401393
267 305.63341067285387 182.18561484918794
268 296.8665186713277 191.26732675139866
269 455.3362298419221 94.8491879350348
270 300.1171693735499 93.48027842227378
271 414.9176334106729 26.450116009280745
