# pedestrianID x y
26 524.7517401392112 97.60092807424593
39 148.76566125290026 572.5800464037123
47 628.2378190255221 679.5034802784223
49 504.5603248259861 520.8352668213457
57 556.5150812064966 542.7610208816706
58 80.2365102249602 391.0718568070547
60 171.9559164733179 244.24593967517401
61 720.5 200.51044083526682
62 326.3232203503317 504.45538925983067
64 693.1740139211138 195.4570765661253
65 384.2529002320186 475.7819025522042
66 697.1902552204177 195.4570765661253
67 506.26450116009283 562.5661252900231
68 535.1906758692869 115.22899171405102
69 211.15545243619493 100.37122969837587
70 54.37470997679816 228.16705336426915
71 34.94083526682141 257.01160092807424
72 545.9675174013921 10.232018561484919
96 289.879592848799 377.87935034802786
100 448.80131356627817 352.737819025522
103 344.2075023232583 496.5187043514563
104 707.3979118329466 190.44547563805105
105 87.48077744722539 572.2111278741303
106 317.7099767981439 475.7819025522042
107 331.6227262570988 520.8352668213457
108 218.21925754060328 77.41531322505801
109 598.3700696055685 600.5011600928074
110 246.69489559164737 580.1392111368909
111 202.02088167053367 634.2227378190255
112 133.09649256989397 679.6315779859183
115 155.723903238524 669.3995611716226
117 200.17453511544585 644.8790932188982
131 465.5410085126941 13.765803598578453
134 537.5788863109049 346.5568445475638
135 561.0336426914154 427.93503480278423
136 420.17349092936934 457.2305979675857
137 461.78422273781905 373.6426914153132
138 178.68080322349473 394.88558271640983
139 191.28221463257367 286.2760912969012
140 476.19105480409416 107.07279206524473
141 438.9444802920827 373.80976296650164
142 561.0456283866383 457.6788446561646
143 403.2328138419061 426.45214782279993
144 507.21345707656616 439.1415313225058
145 366.3758700696056 542.7610208816706
146 410.81898437023557 605.4901474903281
152 129.60619626900706 574.4189288396013
153 271.3387686644787 345.7750849346716
154 482.8143067568894 621.0613514788766
155 528.5843621317873 427.2210781825669
156 236.72813014087055 615.1246354180373
157 221.89388311283224 582.4304949290675
158 158.33094172441562 665.222309774253
159 206.53956420385217 649.1662152106802
160 161.18787167008907 678.4435490397153
163 40.486448715949166 268.18458956679854
195 484.2104350843285 188.78422273781902
198 535.4547563805105 430.1670533642691
201 529.2144920824551 336.3480278422274
202 291.0409281284111 421.9517330430282
208 195.65661252900236 255.1740139211137
209 277.8790855091924 21.052031865306997
226 721.3058584757094 230.6084907646307
228 509.0818338487494 440.11509531885406
231 568.4850376644167 582.6682134570766
233 539.3116517862883 453.98858270237736
234 693.6777647479416 261.5797938403732
235 513.3073040130993 256.5413027898906
236 558.0928074245941 144.15313225058006
237 515.4661355470295 314.960725802113
238 361.49535962877036 77.41531322505801
239 355.9686774941996 468.8213457076566
240 467.02436194895597 401.5127610208816
241 339.7111368909513 436.8909512761021
242 408.85150812064967 373.6426914153132
243 343.2105727745636 458.3990177325734
244 356.3699676703215 575.6669640544978
