# pedestrianID x y
26 399.95243619489565 13.39211136890951
39 124.04988399071931 684.9187935034803
47 593.5580046403713 590.2830626450117
49 581.2707985104098 560.207577368272
57 525.6392111368909 414.6403712296984
58 101.3931870063056 532.8391196819289
59 614.9241928192863 190.68092038583254
60 270.94779582366596 158.10208816705335
61 593.5394431554525 148.76102088167053
62 184.87935034802788 542.7610208816706
63 627.2807424593968 209.02552204176334
64 558.0058004640372 110.21345707656613
65 483.15081206496524 582.6682134570766
66 559.248259860789 105.9675174013921
67 461.6020881670534 679.5034802784223
68 405.6160092807425 28.691415313225058
69 169.8097447795824 14.454756380510442
71 14.396535426061506 306.08920109492277
96 240.32124536441648 283.28763033423
100 426.17589310845574 338.99627250699496
101 725.1472393131938 470.02630347596335
102 650.4454756380511 666.046403712297
103 484.16009280742463 597.9396751740139
104 573.7888631090487 114.50116009280742
105 74.58468677494204 412.4408352668213
106 160.59744779582368 560.0742459396752
107 251.30626450116011 592.830626450116
108 158.42216426804484 21.124382562320143
110 155.89235764549974 668.0877860160123
133 135.91206008701323 635.2950570269523
134 399.1369581988868 412.4408352668213
135 506.77958236658935 434.64501160092806
136 483.8833268461742 405.4954616115177
137 385.67876818530544 460.3698382602335
138 188.1672059326704 361.6869713447563
139 181.8712296983759 397.17401392111367
140 437.72737819025525 290.88167053364265
141 362.5638051044084 461.9025522041763
142 409.2969837587007 532.969837587007
143 370.6636615425773 496.91415313225053
144 376.48607888631096 520.8352668213457
145 243.2769253809206 615.5781389446541
146 495.09242671939904 653.7831103028273
150 672.2717079180442 464.60341625734947
152 125.58580253363483 687.6962526038749
153 169.40204532600515 318.9865755770235
155 609.6725594417978 446.65981491221584
156 178.60985539295305 660.6732290389685
157 179.2748895975002 635.6063110617833
159 150.72220903901305 684.6509183313872
195 606.5797943708166 292.47636870076076
198 516.2785351906933 410.5123713608938
199 732.1958865945589 440.1457040951877
201 519.6407204222954 344.5058004640371
202 332.8597130852783 421.2668213457076
204 170.60596052341245 627.9628086599168
208 182.70508975349694 363.77003181513396
209 383.4804453210789 185.0776534111804
215 686.4404638288213 292.4902026968761
219 502.083090169687 373.6426914153132
225 529.0850823218025 661.566429178418
226 598.3362723555306 234.52940377738938
228 415.27704597861924 509.81816829791177
229 723.4505503191934 275.82975431213964
231 533.6241299303945 457.3132250580046
233 420.71411532572483 518.5739487789451
234 652.3952913555285 237.61960082344083
235 540.1573881451778 320.37404024859245
236 500.67465152490433 219.39675174013922
237 450.1863850491319 193.57474449144743
238 243.93619489559168 190.44547563805105
239 268.85977735507663 553.4606353647437
240 364.47302316496376 503.5185691309659
241 240.1633008917303 555.8755674761861
242 286.40065475009516 364.9346908133777
243 292.1363419602687 517.805153467107
244 273.65403833011237 623.3333590192403
