# pedestrianID x y
20 16.704176334106762 242.44083526682135
21 316.0150812064966 7.11368909512761
40 475.35150812064967 115.93967517401393
41 401.58468677494204 43.712296983758705
42 408.80394431554527 28.691415313225058
43 396.7482598607889 24.22737819025522
44 379.07656612529007 8.148491879350349
49 289.0042294065719 13.598346467695103
133 270.4503366059306 221.56165081316047
139 553.8106088261368 687.4048420388092
150 142.36330218848852 636.2097776460147
151 113.177494199536 590.2830626450117
187 688.1786542923435 356.8816705336427
188 149.99883990719263 193.78190255220417
189 683.6577726218097 338.3805104408353
190 513.6728538283063 567.5638051044084
191 664.2030162412993 228.16705336426915
192 681.6403712296984 336.3480278422274
193 718.7180974477958 214.1902552204176
194 653.2331786542924 214.1902552204176
195 199.5058563471924 614.7406698942565
196 653.7285382830627 202.20417633410673
197 688.330626450116 545.2204176334106
198 255.89791183294668 452.74245939675177
199 675.1229698375871 328.26450116009283
200 538.0069605568447 162.83526682134573
201 542.5823665893272 192.11136890951275
202 138.40708533330786 678.1547265174523
203 156.53828306264506 175.661252900232
204 182.5684454756381 156.5336426914153
205 86.98491879350348 414.6403712296984
206 167.13805104408357 231.70765661252898
207 513.9107108655609 376.637775958963
208 437.85498839907194 271.8793503480278
209 205.78718257749333 551.3175399501956
210 477.63689095127614 130.58004640371232
211 603.0197215777263 427.93503480278423
212 717.0962877030163 432.40371229698377
213 690.5986078886311 567.5638051044084
214 183.39559164733183 384.2691415313225
215 252.96131631466113 554.2021664783409
216 442.11252900232023 290.88167053364265
217 273.91647331786544 523.2529002320186
218 152.83642691415318 636.8491879350348
219 261.12761020881675 395.01160092807424
220 145.30162412993042 336.3480278422274
221 203.95011600928078 314.2969837587007
222 282.6357308584687 562.5661252900231
223 149.15777262180976 312.3201856148492
224 328.75174013921117 120.2830626450116
225 185.38051044083534 205.60556844547563
226 280.639211136891 384.2691415313225
227 142.35501821825056 407.56698431012154
228 456.82782172287176 514.5081378801805
229 304.050351188464 577.3580729710976
230 215.18105511093304 625.477525504151
232 321.67963729967477 204.47142723991462
233 247.4444579348781 529.7996041305108
235 677.64142619914 469.46448368857705
