# pedestrianID x y
2 730.5247911105764 646.3615038609131
3 437.7474307766446 348.6125290023202
4 443.3248259860789 352.737819025522
5 567.2297820141761 455.76033579277987
7 386.7417602024073 415.99470976086235
9 721.0273687206627 255.54797258634704
11 243.3607888631091 246.05568445475637
12 239.092807424594 233.48491879350348
14 389.40917258439936 60.213816225193206
15 390.5058004640372 41.35034802784222
30 285.3169226397633 12.562226450742605
34 652.0429234338748 183.82830626450115
35 651.0092807424594 172.42691415313226
36 594.5800464037123 308.3805104408353
37 639.2645011600928 373.6426914153132
38 473.36078886310906 82.69605568445475
80 17.533818259546038 283.3313068526779
83 630.4292343387472 352.737819025522
86 437.24643571738295 330.74770855519347
87 292.8375870069606 39.00696055684455
90 504.38515081206504 443.6566125290023
91 350.75522041763344 136.56612529002322
92 304.05220417633416 24.22737819025522
97 588.9804992121839 401.9698959457994
118 367.52498445917615 35.47875089019058
120 328.0503126845726 518.4222737819025
121 575.6682134570766 365.22505800464035
122 444.3280522500217 208.99152333723094
123 358.20058613817594 66.38233625373515
125 505.782197388586 129.30964317629613
126 541.6068048941628 458.67063650126494
127 501.8362335317379 181.20008994297027
128 354.5208816705337 127.61484918793502
131 598.881261562457 630.685716019838
132 380.18485787948634 123.20185614849188
147 487.18149680161116 85.36426914153132
148 429.2494870932154 14.54038898873532
159 267.33062645011603 90.75638051044085
163 487.63064306407085 173.60410354859098
166 119.05969363850086 582.6179026284892
167 317.44096785762287 43.00999936930799
168 341.85956472184273 74.07257107866828
170 316.5281658063519 29.819025522041763
171 291.5990610683021 413.75604302427297
172 437.1356852473271 558.8223832943183
173 325.0440324621128 439.7214055323072
174 286.875511468399 422.04228471601516
175 244.29638752485158 58.28244163530441
176 556.3443637644177 409.47820295066396
177 537.9448580475869 533.2170334247731
178 234.86666006887233 124.16076310455793
233 617.7147033157371 383.4229238344579
245 270.3505982102216 451.90335091208937
246 403.5466032825766 314.75703550056903
247 351.0713166006329 158.88912028997964
248 343.827730302006 209.67961402679703
249 484.4092372003758 286.07995226864756
250 226.18909512761024 455.02552204176334
251 240.39559164733186 290.88167053364265
252 637.9222737819025 668.7285382830627
253 252.29234338747102 226.40371229698377
254 418.75091476730313 91.07588782378247
