# pedestrianID x y
20 142.5684454756381 222.89095127610207
21 389.53248259860794 62.01856148491879
22 288.3955916473318 15.522041763341068
40 574.0150812064966 183.82830626450115
41 484.09048723897916 103.16009280742459
42 492.4535962877031 90.75638051044085
43 471.94779582366596 74.80278422273781
44 457.67981438515085 58.27378190255221
45 389.5638051044084 43.712296983758705
46 306.71693735498843 41.35034802784222
47 309.19025522041767 65.80510440835268
48 387.8341067285383 33.22969837587007
49 319.0962877030163 52.125290023201856
133 228.7329122180452 262.5522041763341
134 197.94630524164938 640.9825901656868
137 542.0873454091922 670.9107920206703
139 519.1515522413123 669.8816802896008
143 135.86342024843654 691.7050082943487
150 197.64138997530708 627.8973837547946
151 132.49651972157778 532.969837587007
187 676.609048723898 432.40371229698377
188 51.89772463337534 237.05336426914153
189 673.385150812065 416.8445475638051
190 507.08352668213456 618.5614849187934
191 731.5324825986079 268.13457076566124
192 669.4907192575406 405.87006960556846
194 726.8515081206497 262.5522041763341
195 256.93318097785306 577.3923629606451
196 724.0313225058005 249.6890951276102
197 662.7262180974478 613.3781902552204
198 277.19160853626545 507.2514587093039
199 662.2262180974478 401.5127610208816
200 694.7360237978229 260.7006960556845
201 514.6241299303945 255.1740139211137
202 164.648152471624 642.1785846131494
203 70.69025522041773 214.1902552204176
204 168.72801477790773 196.68124691798434
205 89.25754060324829 489.8283062645012
206 190.03132250580052 318.26450116009283
207 546.5139211136891 455.02552204176334
208 413.3190255220418 217.65661252900233
209 294.1696507422055 498.9262624667959
210 580.1577726218097 198.82134570765663
211 664.1740139211138 373.6426914153132
213 664.4930394431556 636.8491879350348
214 186.56264501160098 441.3967517401392
215 300.9106728538284 535.4106728538284
216 413.2018561484919 240.64037122969836
217 335.512578789873 480.62094180297186
218 212.44431554524365 590.2830626450117
219 243.3190255220418 468.8213457076566
220 154.95823665893278 421.2668213457076
221 217.49535962877033 388.55220417633416
222 378.6165335800215 511.2111368909513
223 157.84686774941997 399.34106728538285
224 406.4628770301625 167.61020881670532
225 210.92184704502492 298.26756953621964
226 313.2416901773455 425.21281118706014
227 169.65197215777266 475.7819025522042
228 412.61368909512765 478.11136890951275
229 354.7827997434427 540.9793934361458
230 291.5741837223249 560.6517271363713
231 446.89854834672235 62.357520428161095
232 278.96329071404006 198.08571979026414
233 256.07493239097226 517.6900237626726
235 637.9568427795479 466.10762750603135
236 42.67958936462262 260.4241020233081
237 274.44792430392937 12.522311653831933
243 151.14483946717326 673.1916007860445
