# pedestrianID x y
1 584.6264501160093 434.64501160092806
2 582.3526682134572 430.1670533642691
3 428.354988399072 198.82134570765663
4 461.05104408352673 215.92111368909514
5 474.20914402611703 205.73734984699132
6 587.1566125290024 139.58700696055683
7 511.56148491879355 86.70533642691416
8 534.8097447795824 114.50116009280742
9 380.87587006960564 44.90023201856149
10 497.34106728538285 18.751740139211137
30 198.97331786542927 294.73781902552207
31 730.6914153132251 192.11136890951275
32 596.1624129930395 162.83526682134573
33 587.5951276102089 154.96983758700696
34 407.9303944315546 53.34570765661253
35 410.2099767981439 42.52900232018561
36 378.20881670533646 60.76566125290023
37 521.570765661253 70.91879350348029
69 467.75246074143274 680.1814715424549
78 43.694800179478165 448.0101697382558
79 69.0366269604817 494.37966602291453
80 157.53016241299306 367.32250580046406
83 565.4628704017874 66.6433260827972
84 460.8143851508121 135.06264501160092
86 425.8267577397835 183.71097393536817
88 506.34686774941997 124.66821345707656
89 466.1832946635731 55.800464037122964
90 569.7935034802784 687.6334106728539
97 414.9350348027843 547.6844547563805
108 185.45626867400762 637.8854688419053
112 320.60023233987613 70.55748406610174
115 475.214052904618 9.187935034802784
118 511.1972157772622 430.1670533642691
120 185.70301624129934 552.6264501160093
121 425.90307645987394 287.27642138354673
122 230.70650232634995 339.0115927626394
123 426.4454756380511 324.2505800464037
124 504.8949439937129 340.9641709650605
125 496.7873881529645 127.42569319079237
126 476.3264472478754 242.26679161919665
127 499.69373549883994 209.02552204176334
131 584.2958236658933 455.02552204176334
132 484.1682134570766 363.1322505800464
136 158.3379375293672 684.4461695222386
147 448.7017374859945 320.892514434847
156 580.1898457151175 74.02914440471505
157 418.81339055756126 100.94571244428501
159 449.26673197737847 289.4778491434104
161 489.31735958076166 210.93202991952276
163 434.79439517222914 352.737819025522
164 641.3842248513616 318.26450116009283
165 112.86945868721898 608.1453241145537
166 146.44895591647338 401.5127610208816
167 198.75406032482604 320.2552204176334
168 451.69191904873486 343.57804512746293
169 173.51856148491882 203.90255220417635
170 262.04292343387476 314.2969837587007
171 451.9585121992169 512.5548971384164
172 475.59836373085045 610.0336404099487
173 487.8571203580535 523.6513215957946
174 485.5521292027117 611.682615822093
176 685.6535110642332 584.8672403607653
233 600.5023587736044 399.069490984658
243 423.72258661317755 126.50259179335453
245 181.55931796443505 381.88996703169477
246 416.48989110164376 298.05130100460946
247 345.8616857997188 88.12009360069742
248 317.3584686774942 154.96983758700696
249 510.3225058004641 81.36890951276102
250 418.562645011601 605.6380510440835
251 60.3885450507097 312.88792527536253
254 460.0028810049853 7.345805571677635
