# pedestrianID x y
0 593.262180974478 76.10672853828305
30 139.59386041997953 625.713693218623
39 129.56612529002322 4.037122969837587
60 238.26218097447799 634.2227378190255
67 630.203217942207 17.883474398187815
69 392.80144103823307 416.7701673732665
70 594.1821345707657 133.56380510440835
72 477.7053364269142 166.0139211136891
73 485.88498561552046 484.28693083590923
75 637.3053133786653 412.4880651353707
77 660.8426542464599 323.47914793907256
78 162.99767981438518 475.7819025522042
79 223.93387470997683 200.51044083526682
80 226.1960556844548 183.82830626450115
81 462.8584686774942 141.1044083526682
82 438.0870069605569 80.04640371229698
83 432.03712296983764 68.35266821345708
97 207.6952246968701 679.6136967485822
98 709.7308584686775 557.5870069605569
103 299.9364128662773 13.919684517806376
107 57.57068653603677 308.3805104408353
108 439.6886181080676 334.32018561484915
109 667.7768654971366 217.02433367828996
110 734.146985845261 488.04466549036266
111 531.7491162349809 338.3805104408353
112 507.03302205919897 305.15224205530626
113 604.8865805117873 116.15177778777773
114 164.91042675580346 371.80972879149726
115 289.8602482179365 349.3881003428533
116 408.41995359628777 504.0417633410673
117 463.14617169373554 222.89095127610207
118 582.5185614849188 684.9187935034803
119 603.0407655699717 134.68065992511578
120 240.80934765974874 175.3667809733938
121 32.7911832946636 226.40371229698377
123 160.32996854281484 635.4064734302003
131 350.48542882755265 385.0158882200557
132 272.482542079383 574.6231000539175
134 536.7180974477958 501.66125290023206
136 374.0886284510789 582.6682134570766
139 283.4405161112326 143.07869814064247
141 608.4519622096668 104.68551134812684
143 522.3361350132042 259.14839689995796
144 616.890815841542 15.965057397381532
145 415.94473307179834 212.52958355712946
146 571.7587006960557 390.70069605568443
147 326.9640371229699 520.8352668213457
152 99.77494199535968 212.4640371229698
153 699.778635123925 202.20417633410673
154 486.32134570765663 190.44547563805105
155 185.56960556844552 275.6426914153132
156 547.2134570765661 408.0556844547564
157 340.9241132058821 428.16372528732416
158 517.8596287703017 464.20417633410676
159 451.36156189135954 528.31237628462
160 604.2603647564574 479.4757014460971
161 399.2281565909852 519.9440795545269
162 82.9686774941996 214.1902552204176
163 201.99071925754066 386.40835266821347
164 347.3828306264502 537.8561484918793
165 98.38364212416273 231.74438014294245
166 119.00534676269359 37.02309062475569
167 69.89894833144626 303.1268367785223
168 200.06712831082436 591.9063825578042
169 545.386885705658 670.8871567797313
170 129.95225050618436 692.2298077866533
173 693.8289574280125 630.3112334389189
201 552.7449116467526 506.3976561641436
202 128.65781723076833 34.11724390409099
233 570.5749191965425 424.9888543904332
237 615.5575564559978 512.4671191531658
243 399.48491879350354 425.70765661252904
244 626.2849307428227 389.8065246523958
245 21.617169373549928 258.8538283062645
246 324.8480278422274 96.22273781902553
