# pedestrianID x y
1 528.524361948956 324.2505800464037
2 526.2262180974478 318.26450116009283
3 363.4639046381811 166.45183854086855
4 358.2146171693736 121.7401392111369
5 356.939675174014 103.16009280742459
6 456.68445475638055 65.80510440835268
7 405.3283062645012 15.522041763341068
8 394.97471099005753 29.92287526246047
30 157.26914153132253 403.68909512761024
31 606.0197215777263 139.58700696055683
32 461.38863109048725 88.05104408352668
33 454.1299303944316 78.72853828306265
34 333.59048723897916 1.0023201856148491
69 396.08951467517966 666.374271915113
78 92.76218097447799 478.11136890951275
79 101.20649651972161 466.5104408352668
80 170.2080770111347 301.81803507447177
83 552.9350348027842 58.27378190255221
84 578.4176334106729 209.02552204176334
86 338.0308115953722 137.50353933958996
88 361.95707656612535 22.023201856148493
97 370.32598607888633 605.6380510440835
108 230.1982254718403 590.6309553351638
111 505.2034837705145 56.79008997679842
112 322.9527686954192 62.11969554906233
114 257.6693934744803 51.30305737172787
115 389.7625207359434 91.68175304487629
118 524.5904872389792 516.0139211136891
120 202.07424593967522 485.1276102088167
121 399.54491406885273 215.92111368909514
122 122.6482972270156 473.56945829972415
123 371.77958236658935 399.34106728538285
124 401.11544077293433 415.0202955507841
125 357.66733333825226 36.682134570765655
126 441.51606262849924 141.46330733070192
127 343.0394431554525 150.3062645011601
131 525.2909563808431 359.1765125365497
132 412.77063919778203 459.2710967386951
136 205.41078266232003 663.01189591632
147 408.098714823108 390.99116143706544
156 560.7900232018562 183.82830626450115
157 506.17317955285137 175.64531370816928
159 445.78127859921204 392.96641121869993
161 446.3612225966164 310.34802784222734
163 373.7633104315724 428.5118232469633
164 540.0092768303252 377.87935034802786
165 151.83042657418815 480.0361720054558
166 155.31438515081211 330.27842227378187
167 146.06205655519247 394.72376941674713
168 364.4281370776605 413.1717768912467
169 244.97563805104411 322.25058004640374
170 268.04128662013585 394.828251214176
171 499.67548965189496 582.4179732426481
172 530.7464297740826 660.1149853221644
173 532.8967235912739 547.4703519690472
174 551.6333798011764 674.4875929178288
233 594.0003470657964 404.70635648410433
243 511.1055684454757 203.90255220417635
245 133.08512550888645 437.75700816780306
246 401.76286595377286 242.44083526682135
247 333.72157772621813 78.72853828306265
248 318.87006960556846 55.800464037122964
249 406.3433874709977 6.08352668213457
250 477.04251972071717 641.2335240097152
251 19.18578637192747 287.6240539132488
