# pedestrianID x y
1 682.8652614647986 607.9671212868751
2 675.9678543090932 599.2277772055909
3 461.14617169373554 308.3805104408353
4 464.45243619489565 312.3201856148492
5 568.2830626450117 377.87935034802786
7 454.7533182887935 342.4593967517402
9 642.7517304948625 216.3893855368419
10 701.9431554524363 193.78190255220417
11 288.46519721577727 164.42227378190256
12 287.24129930394434 147.22041763341068
14 329.1670533642692 8.148491879350349
15 312.6779884395135 11.135993279808389
30 265.71229698375873 68.35266821345708
34 591.4164733178654 164.42227378190256
35 592.2877030162413 153.4106728538283
36 638.9222737819026 242.44083526682135
37 618.3016241299304 308.3805104408353
38 412.73665893271465 35.52668213457076
79 152.14617169373554 682.2088167053364
80 43.69975806546566 296.38177100450565
83 608.3457076566126 288.96055684454757
86 456.5684454756381 288.96055684454757
89 685.5127610208817 188.78422273781902
90 511.1670533642692 499.2853828306265
91 296.45243619489565 94.8491879350348
97 538.3713747843146 434.64501160092806
118 396.46219442624715 122.68245801877296
120 317.2823681392299 523.2529002320186
121 528.4139821381801 405.005494248656
122 352.3903418940705 196.7732228598273
123 373.8706076811887 101.54662880570022
125 505.10179147270685 130.41105283200605
126 503.74245939675177 403.68909512761024
127 511.18900355108485 173.4244363237207
128 299.59512761020886 85.36426914153132
131 609.251424344389 601.1384778310243
132 365.75058004640374 133.56380510440835
147 459.990981365812 148.64802979538044
157 301.1068169661296 11.045137197167593
159 318.1885628554331 126.13921113689095
163 457.15641718066894 182.43287467488372
166 116.42775096248378 536.0294489416136
167 265.61041094266085 95.70406813020406
168 370.4144701332086 118.0572088527863
170 267.02784222737824 84.0278422273782
171 311.9728940999669 475.0859102326849
172 420.52474468571484 552.7861974374192
173 369.0835266821346 452.74245939675177
174 342.6809744779583 473.45707656612524
175 274.3611057372833 7.918422296779415
176 587.4470399755181 449.92116961713
177 551.9261067700418 592.4541520474233
178 250.90591841072933 76.68837357686076
233 613.7628234929842 387.14813793821804
245 301.1710686410032 427.93503480278423
246 406.1515275567517 311.19682130566605
247 349.9458469732448 141.73930458789732
248 358.34356079161734 209.61921576606645
249 493.90291807447437 280.576722682547
250 194.52552204176337 459.6055684454757
251 194.41044244670073 281.9060988408779
253 297.39443155452443 147.22041763341068
254 428.4867868219365 71.12410611833248
