# pedestrianID x y
1 704.7513825727002 624.29464791038
2 695.8630637643038 614.2429314226067
3 454.9675174013921 324.2505800464037
4 458.2877030162413 328.26450116009283
5 570.8617142069781 384.466681823252
7 431.97447795823666 369.42459396751735
9 676.5105672817133 230.91323272666114
10 725.0069605568447 209.02552204176334
11 271.4686774941996 195.4570765661253
12 268.9721577726218 178.9141531322506
14 349.2958236658933 28.691415313225058
15 341.9110771699959 17.185297659368928
30 285.89443155452443 42.52900232018561
34 611.3654292343388 170.81670533642693
35 612.0371229698376 159.6751740139211
36 624.5510440835267 264.40835266821347
37 624.3399071925754 330.27842227378187
38 436.48491879350354 50.909512761020885
79 149.52320185614855 690.352668213457
80 35.86957769629825 292.3370487170556
83 616.1508120649653 312.3201856148492
86 450.611588707897 307.3599698096326
87 285.16314619242377 8.167677591235824
89 703.7494199535963 198.82134570765663
90 509.4501160092808 480.44547563805105
91 317.20881670533646 105.9675174013921
97 554.0680909151374 421.2668213457076
118 392.7064965197216 98.98375870069606
120 347.9532761934695 513.9259355955542
121 544.4176334106729 386.40835266821347
122 383.8047869928013 193.48048918941782
123 366.30291669142133 83.49977531748827
125 505.32792805100763 130.05634092814486
126 516.7081371250713 422.24404174015064
127 507.83137934888714 175.48225882095423
128 321.15197215777266 98.98375870069606
131 605.2716769019675 611.5164751704903
132 359.7177714359552 120.2830626450116
147 471.06304664205265 126.13921113689095
159 301.6393010458608 115.99708644829842
163 466.13325507854614 179.36051577570618
166 117.44642883507431 551.0339487525155
167 282.5572378366056 75.30269582571772
168 360.50321441948546 99.48677541012711
170 282.51975786817457 61.986123939669795
171 305.4204025473533 454.78202069254047
172 426.93597046844434 555.0241990036884
173 347.83178654292345 436.8909512761021
174 323.955650900767 458.6728318765017
175 265.0808265562072 25.48684258151887
176 577.0283157384771 433.7264576482104
177 546.8763137959002 569.352905885268
178 245.7633890970181 93.9853213726734
233 615.2862475711925 385.8827329981162
245 281.84700929153473 441.3967517401392
246 405.27547933295966 312.28398249394024
247 350.22295562151504 147.43952418865902
248 355.8201856148492 210.74245939675174
249 491.2153230666896 282.53935022679144
250 202.76218097447799 459.6055684454757
251 208.91063328938836 277.1917271229931
253 279.4965197215778 178.9141531322506
254 425.1119264346793 77.81211604383141
