# pedestrianID x y
47 578.7469113353288 565.7176045574913
49 569.2442207562732 527.2961767437822
57 505.59976798143856 375.75870069605566
58 108.36890951276104 572.5800464037123
59 565.4632560926367 161.52738578500856
60 303.91531322505807 124.66821345707656
61 557.2285382830627 130.58004640371232
62 190.2313143181643 577.6148491879351
63 577.5916473317866 182.18561484918794
64 514.7598607888632 85.36426914153132
65 510.0777262180975 610.7935034802784
66 516.1345707656612 81.36890951276102
68 367.669373549884 1.0023201856148491
96 247.23317865429237 264.40835266821347
100 420.88973545469355 361.04408352668213
101 698.0816102812103 459.6764181036578
102 656.8033340833571 632.7087524466338
103 511.4825986078887 628.9837587006961
104 546.8364269141532 104.5614849187935
105 75.09976798143856 361.04408352668213
106 140.34465480095596 598.4790077457043
107 235.41594758083676 608.1862571306383
108 136.8221416098976 14.283348360098545
133 140.5652317863651 608.3961224370508
134 423.8622534964269 428.4157351130953
135 470.4593967517402 448.19025522041767
136 500.58897657003314 386.51719507571414
137 338.67496651778947 488.1285523582475
138 178.63341067285387 336.3480278422274
139 222.68097447795827 419.0533642691415
140 418.20881670533646 340.41763341067286
141 335.889458338484 448.19025522041767
142 364.723897911833 557.5870069605569
143 346.64920715312303 514.536551665461
144 330.07656612529007 542.7610208816706
145 221.43387966150257 631.0939863402474
146 518.2285575008682 668.8548610109247
150 639.4837364939468 458.7979453338708
151 10.007284724822837 129.1702479863076
153 137.44066386157303 310.1823144706747
155 632.2385587677691 452.0685717059337
156 161.7017900181792 672.6974519956208
157 167.32327070247598 651.4201821318819
195 643.3700696055685 314.2969837587007
198 478.70738295400713 416.5157470214215
199 728.9936688050661 427.6365114219251
201 475.6160092807425 371.53132250580046
202 346.3097447795824 419.0533642691415
204 188.4343612178194 607.6618273148318
206 162.43962610671514 673.898376882392
208 179.38749004595604 367.71012308443125
209 425.44199535962883 235.26682134570765
215 663.0642581857192 302.9648477255487
218 733.1551262672847 260.7006960556845
219 460.0543610504373 399.34106728538285
222 732.6311983589543 333.628667406141
225 501.71361551393073 639.4430220081433
226 590.7085514458796 282.5792370633968
228 387.62879313850783 529.9425195054833
229 693.9415818456059 297.68036257442736
231 514.6635730858469 416.8445475638051
233 377.40495077894815 540.3062645011601
234 647.1359947155299 230.4764021344585
235 534.1519721577727 367.32250580046406
236 443.80557325803386 205.60556844547563
237 428.9874837746947 194.36803346326144
238 209.74129930394434 224.6450116009281
239 241.56647948835587 582.6607650331748
240 326.5013462802118 532.6889663101064
241 209.48010258200378 589.5852624899882
242 249.03301613154443 353.47457179978454
243 281.46321807780924 527.636266063128
244 244.82191301530088 635.8253481463692
