# pedestrianID x y
47 564.030162412993 532.969837587007
49 554.1983758700696 492.1856148491879
57 492.0452436194896 334.32018561484915
58 113.5349818425117 603.424318397204
59 503.19837587006964 127.61484918793502
60 337.8143851508121 100.37122969837587
61 525.9570765661254 113.06728538283062
62 163.0870069605569 605.6380510440835
63 528.3364269141532 159.6751740139211
64 473.21809744779586 63.27610208816705
65 539.300464037123 636.8491879350348
66 472.6345707656613 54.5707656612529
96 236.1867749419954 260.7006960556845
100 380.41266094435395 398.72503492236484
101 674.1322529036032 447.0436047502301
102 658.2477085591504 593.9931139274661
103 539.3515081206497 658.0278422273782
104 513.9048723897912 86.70533642691416
105 73.30858468677496 312.3201856148492
106 134.0632566059094 636.1223584609387
107 217.56502890388734 622.6641311409915
133 145.35962877030167 587.7401392111368
134 486.8580866140911 442.6300177690134
135 433.95667925169704 471.732264433984
136 490.56728040612455 363.15056888228065
137 308.92056350141263 509.5330311127433
138 170.2331786542924 290.88167053364265
139 245.6350347483406 445.92111368909514
140 383.9472501470215 372.9161784435971
141 317.2005594253783 481.671774056138
142 318.9918793503481 580.1392111368909
143 333.562645011601 540.3062645011601
144 282.5394431554525 565.0626450116009
145 196.06600010104205 646.9916092051678
146 547.2984787658429 682.5672670845263
150 603.7296013947242 453.98791862656276
151 27.60440835266826 142.62645011600927
153 108.24959637138433 302.2923502491046
155 657.5451803102318 457.2781823617175
156 145.42249741667453 685.0192754354098
157 153.65441574976833 667.2497562317528
195 696.3367698105425 315.0923025032213
198 440.23098386853616 445.92111368909514
199 726.1102938148035 416.68505666479683
201 441.3905888504794 383.9280751026133
202 362.25027537903713 416.8445475638051
204 202.46093849250394 586.6606837460247
206 188.52681313821049 654.649571523636
208 173.2457889094912 361.54713080412654
209 451.3229028408592 280.87384638657
215 648.7658297425647 310.2115953082037
218 704.5193581831454 281.322505800464
219 423.6097077243548 419.0430699316021
221 187.45475365530203 691.8233527551175
222 710.7656456045144 337.276189498398
225 477.49229064886725 617.5601281929123
226 588.6484353538816 319.4760132393877
228 360.762369000627 551.0110714129022
229 697.8248259860788 306.41763341067286
231 506.8841862649188 401.9979600676283
232 27.06612529002325 167.61020881670532
233 335.0220417633411 565.0626450116009
234 642.4594208264818 224.18610441546159
235 549.0054894255779 370.735812158207
236 441.0348027842228 205.60556844547563
237 390.3995513388142 197.13689095127611
238 199.81670533642696 266.26914153132253
239 207.78128357672333 617.2637493300763
240 290.9648017789003 559.8497764671167
241 182.5825578714993 628.1387587963868
242 218.00688603319503 342.177815812682
243 270.65186338601336 539.2727822351012
244 222.36347209398002 648.0044293898737
