# pedestrianID x y
26 503.6531322505801 88.05104408352668
39 142.7575406032483 595.3828306264501
47 621.0069605568447 666.046403712297
49 495.09528914811614 553.9251980606921
57 557.2227378190255 518.4222737819025
58 88.82437582427535 419.9817515577312
60 187.67053364269145 233.48491879350348
61 694.0800464037123 190.44547563805105
62 291.85173429523917 518.4222737819025
64 666.4802784222738 175.661252900232
65 388.1682134570766 506.42691415313226
66 669.1020881670534 175.661252900232
67 492.33874709976806 587.7401392111368
68 508.68445475638055 100.37122969837587
69 190.71809744779586 90.75638051044085
70 53.30974477958239 268.13457076566124
71 42.09976798143856 288.96055684454757
96 292.75289441316784 365.22505800464035
100 441.70339578522237 356.8804655681623
103 376.26870105904516 525.7756491058475
104 679.7470997679815 172.42691415313226
105 80.27373142268111 537.453071334626
106 283.84686774941997 489.8283062645012
107 307.934400150029 535.4106728538284
108 199.00464037122973 70.91879350348029
109 591.901392111369 621.1600928074246
110 222.6599431809449 592.1894871403306
111 179.9674917227803 650.0136790848645
115 140.81279490673924 685.0916401369531
117 180.51058610695844 658.7107788148613
134 511.1144451344193 361.04408352668213
135 538.5497268466492 436.83632622659565
136 431.9421739323064 448.3711493489378
137 448.453927001483 392.8538283062645
138 180.2875391817525 389.53538294443666
139 187.02868261268696 306.0767322855834
140 468.3814581427876 144.15993423335533
141 425.24593967517404 390.70069605568443
142 532.2285382830627 459.6055684454757
143 379.2595780378422 430.5968020659906
144 489.51392111368915 441.3967517401392
145 338.5649651972158 560.0742459396752
146 426.6147706069576 613.89768838048
152 128.7742136557415 593.2093742043545
153 246.26202140129854 339.73397029162794
154 498.29126086519113 639.4312372060914
155 543.7623657485677 430.7685281418112
156 223.7826514455496 625.3347405531125
157 212.55331873405697 592.6727423215567
158 142.9805314178974 684.0088461327682
159 196.23346736224983 656.2588134165093
160 143.80968696773132 691.8361832971437
163 30.116050532700417 270.01867280066614
195 507.25638051044086 214.1902552204176
198 506.6426828206403 443.93670427369403
201 530.9676794068523 336.3480278422274
202 283.0511908649048 419.18553821144644
204 130.4750710123289 690.4771313895453
208 192.92661797161722 277.03244280681366
209 299.5202446684243 48.26744822184246
219 618.0312187601091 344.5058004640371
226 706.062645011601 233.48491879350348
228 491.49707514820255 453.4734474408923
231 562.4466357308586 565.0626450116009
233 539.5064006193172 456.9915237292762
234 666.8545964731976 257.13594842502187
235 523.8476505514966 257.7791574854363
236 550.7990286915345 176.11683004940113
237 507.64733178654296 288.96055684454757
238 339.00928074245945 100.37122969837587
239 366.3353265349036 462.9181031507606
240 452.2772621809745 419.0533642691415
241 321.4176334106729 457.3132250580046
242 382.54756380510446 382.13457076566124
243 320.89443155452443 482.78422273781905
244 338.8938819699393 585.9221507423069
