# pedestrianID x y
47 568.9299947910889 544.2180683943992
49 558.9559164733179 504.0417633410673
57 495.25638051044086 350.67285382830624
58 111.40487238979122 590.2830626450117
59 504.9274817303178 131.08083977349918
60 324.25638051044086 110.21345707656613
61 538.9802784222738 121.7401392111369
62 172.97099767981442 595.3828306264501
63 546.7877030162413 167.61020881670532
64 488.39907192575413 70.91879350348029
65 529.5568445475639 628.9837587006961
66 487.90719257540604 63.27610208816705
96 242.06960556844552 258.8538283062645
100 394.5539450671219 381.2357091078279
101 682.2348834736766 452.53708485365416
102 656.2699092334784 607.7338051873029
103 529.300464037123 647.401392111369
104 526.1264501160093 93.48027842227378
105 73.87587006960564 330.27842227378187
106 136.00686944673848 621.7459446353521
107 222.66792670595768 617.3478627570853
108 121.20985288076767 9.090048179916257
133 143.7848369510092 595.0042453740688
134 466.3207513985777 438.0287134836397
135 446.82482598607896 464.20417633410676
136 494.81956722157963 378.2273877205211
137 317.98979665169617 498.0880856426814
138 172.32598607888636 306.41763341067286
139 242.2633410672854 436.8909512761021
140 398.94884281469757 359.8665233614159
141 323.0320852781406 457.66730717689893
142 336.69837587006964 572.5800464037123
143 345.6972157772622 530.5336426914153
144 300.2529002320186 557.5870069605569
145 205.91175300742674 641.4043604206031
146 537.8497208365823 678.3998409486752
150 615.8237460093278 455.7294150857045
151 18.113689095127654 138.0742459396752
153 119.52971353457897 305.70588366643125
155 648.0514166373594 455.5399070391573
156 150.76297850877947 681.025541087544
157 157.75817376081298 662.5350365647187
195 678.7184137306298 308.3805104408353
198 454.80421402033306 430.1670533642691
199 727.1006985713791 420.3695370832334
201 455.68136156941637 373.6845449793364
202 357.5452436194896 416.8445475638051
204 197.25114273354382 593.850538826846
206 179.828755527921 661.3661712817652
208 175.6610756741104 363.6580153408954
209 444.23150533058686 264.42490655776135
215 656.8050669838377 301.8689885498255
218 716.0775444966213 272.7123213558436
219 435.80360162469145 411.70377970508264
222 724.2354988399072 342.4593967517402
225 486.0029706156411 622.740524401541
226 589.7645011600929 306.41763341067286
228 370.6218179418338 544.5693354959709
229 682.4373549883991 298.6125290023202
231 509.5468390025585 405.9401473303852
232 18.573085846867798 166.0139211136891
233 352.14203723047444 555.1044083526682
234 644.1104001438325 226.79481785926797
235 543.7375735781883 369.3490015267201
236 438.1102722958855 206.6555574089461
237 408.15154395244423 200.9886400427533
238 200.67169373549888 249.6890951276102
239 219.6261940899838 604.2700822327723
240 303.2498260493052 549.8184446536981
241 192.2059156348045 615.5417045451298
242 228.45434502318497 346.2175244954782
243 273.95159897002566 534.7552083172859
244 229.36427593779385 643.626332643977
