# pedestrianID x y
0 502.7692136697839 20.027158534281305
30 127.78031848960558 684.3889989830466
39 123.47215777262184 77.41531322505801
49 161.02197542105878 685.8257827286112
60 238.1867749419954 575.0951276102088
67 591.6670533642692 57.03480278422274
69 416.97099767981445 346.5568445475638
70 575.230418270832 172.42691415313226
72 457.8016241299304 238.8445475638051
73 415.5974477958237 516.0139211136891
75 631.8455239534949 453.5370717289348
77 637.2865429234339 371.53132250580046
78 133.32134570765666 540.3062645011601
79 246.43039443155456 148.76102088167053
80 248.41415313225062 133.56380510440835
81 399.0788863109049 86.70533642691416
82 376.5916473317866 20.928074245939676
83 373.0058004640372 9.187935034802784
96 709.6077453237839 279.05772217713763
97 170.39058821288552 688.7070932348802
100 638.9220076564083 27.067108143894853
103 212.79220802819196 56.34213966770519
106 592.9801586962186 44.7382404468608
107 144.9814583509036 314.2969837587007
108 457.1629062902503 275.3157339445799
109 673.3901585218078 297.51701369561073
110 664.2320185614849 443.6566125290023
111 496.139211136891 390.70069605568443
112 479.5136675553017 346.5568445475638
113 535.1283420628466 135.02072234368885
114 170.38491482160555 441.7806204200006
115 258.9013637835167 378.3876939832865
116 350.8016241299304 550.15313225058
117 459.1728538283063 302.5058004640371
119 668.9092026145423 263.13329377467136
120 257.6960556844548 150.3062645011601
123 132.46369695800453 685.9324147218308
131 353.40819376948764 374.8406940832072
132 249.10455843378162 595.952861128185
134 457.20707598208253 540.3062645011601
136 455.1186866812621 544.9740736169051
138 129.8278130385932 692.8607338303518
139 297.3240129121656 151.74023592873868
141 624.8863916016112 177.45671370281144
143 507.2884284244813 326.5668679956354
144 590.6856148491879 54.5707656612529
145 406.7748456376839 275.3062345071416
146 557.6343461570613 451.3368242389757
147 271.7826017408414 563.5539135311648
152 85.69495798653958 172.02776982266067
153 702.3376961360217 273.98836759210576
154 474.48143851508127 264.40835266821347
155 164.41531322505804 340.41763341067286
156 491.3134226683638 426.65743899998444
157 319.2627016739325 440.4173076068135
158 440.5637928359847 503.4237791086903
159 449.3457076566126 542.7610208816706
160 542.9628770301624 452.74245939675177
161 445.401392111369 532.969837587007
162 87.10672853828311 296.67285382830624
163 210.9327146171694 292.80742459396754
164 290.87607840827155 575.5234940198864
165 39.50947807892868 257.27544454957854
167 28.697304395165744 285.4753983692699
168 173.36303851805258 629.8761497036651
173 723.4009433655767 646.3354998370028
201 522.9678993641646 450.19340858181425
202 162.36685694599691 63.15952137720848
233 565.8142411394923 428.9863800673888
237 578.4677379297891 550.4831710516287
243 422.56032482598613 367.32250580046406
244 609.7159835694863 347.8711061404537
246 322.083407942885 67.70545750332523
