# pedestrianID x y
0 689.6566125290024 138.0742459396752
1 301.9141531322506 46.09280742459397
2 304.00348027842233 35.52668213457076
30 153.30590917131147 555.7248214758997
60 230.9350348027843 698.538283062645
69 357.6635730858469 494.54756380510446
70 596.7581808083228 141.0212616357674
72 537.6229698375871 187.12761020881672
73 566.3924840318439 440.7463076841164
75 713.3757519021023 360.77495961542934
78 199.30742459396757 427.93503480278423
79 218.8700696055685 262.5522041763341
80 219.2343387470998 247.87006960556843
81 531.385150812065 182.18561484918794
82 536.0870069605569 130.58004640371232
83 532.2679814385151 124.66821345707656
97 248.89109686517935 669.1411072501609
98 692.6577726218097 631.6009280742459
108 384.8433874709977 419.0533642691415
109 654.6761372395072 121.55877665907684
111 547.8605599290156 267.7479431876249
112 521.2546127843281 253.01884119430346
113 704.8106150055212 161.97255378924007
114 167.61662831988073 279.0345914114968
115 277.3776449234085 309.9471683638801
116 482.96429063231676 459.6055684454757
117 458.59512761020886 127.61484918793502
118 570.8503480278423 626.3712296983758
119 575.3410672853829 43.712296983758705
120 325.58519873067553 172.51017306413613
121 92.05220417633416 210.74245939675174
122 77.9055806343641 692.2589589774045
123 194.90576131335814 579.5425701148848
131 371.38979118329473 365.22505800464035
132 298.4790104774166 550.8713909423349
134 622.0907926861496 438.6389276928405
136 285.8427682606596 610.7935034802784
139 266.7382027389199 133.2261015446698
141 596.3375541049757 46.75793532198085
143 542.6454007356162 185.4756380510441
145 434.3673119292101 145.8582029311893
146 629.5255220417635 326.25522041763344
147 402.3538283062645 468.8213457076566
152 95.7057930509805 123.34762898123091
153 715.2700245104211 148.97544354337654
154 438.57106629331105 158.68549077256532
155 225.44731265037336 198.04406835447486
156 569.8455493799307 377.5217421739026
157 427.31350124491735 350.67285382830624
158 614.6438907448351 424.5335064013014
159 455.8419488880388 511.2260006932351
160 626.8909512761022 416.8445475638051
161 416.52755801641655 485.1276102088167
162 78.36658932714624 120.2830626450116
163 224.54988399071928 475.7819025522042
164 342.29814385150814 525.675174013921
165 105.55800464037128 271.8793503480278
166 143.50812064965203 94.8491879350348
167 123.92666790326884 324.974864597253
168 233.09509924349499 540.0889531802643
169 470.2974020901525 592.7208947037786
170 161.73696285977272 625.5903570722014
173 656.5510216151714 609.4228161933611
201 583.4529371454325 580.1392111368909
233 575.6932252509274 420.592202512887
237 660.7046759562187 498.8455915685015
243 416.13225058004645 439.1415313225058
244 705.0432440900348 340.41763341067286
245 82.11832946635735 244.24593967517401
246 334.3909512761021 139.58700696055683
