# pedestrianID x y
1 430.5174013921114 175.661252900232
2 429.98375870069606 169.21113689095125
3 307.54292343387476 32.08816705336427
4 230.3515081206497 1.0023201856148491
30 176.69101143056633 442.16623791122805
31 473.6252900232019 28.691415313225058
69 364.9918793503481 610.7935034802784
70 692.1247345237904 207.31322505800466
72 694.4570765661254 273.7587006960557
73 723.7888631090487 369.42459396751735
78 182.06960556844552 369.42459396751735
79 187.73317865429237 361.04408352668213
80 229.78422273781905 229.9350348027842
81 687.0823665893272 268.13457076566124
82 724.6867749419954 219.39675174013922
83 555.2354988399072 127.61484918793502
84 707.808584686775 310.34802784222734
85 31.553364269141582 148.76102088167053
86 197.47563805104411 6.08352668213457
97 322.25547778542864 652.4005622242177
108 280.5163972509243 529.7142405884229
111 545.7820813968503 130.3493527885211
112 404.21994955862186 86.93678258721266
114 233.01954313216834 144.2324248514675
115 293.6839229876202 205.88848547560454
116 649.0997679814386 399.34106728538285
117 342.0176089830954 57.86955623588267
118 565.4030524675159 624.3778255717096
120 216.69130281960918 395.76408847643626
121 196.36194974700894 250.43472800069048
122 74.49071925754066 600.5011600928074
123 273.89443155452443 487.4756380510441
124 254.54872389791188 565.0626450116009
125 305.4361948955917 20.928074245939676
126 323.1432582750566 40.499967471808276
127 265.47707214742485 54.78811970555774
131 357.1690747409802 419.0533642691415
132 370.60865496860794 496.6420205680879
134 737.6406450795839 336.3480278422274
136 241.88631090487243 634.2227378190255
139 339.46838056327863 28.347362099226093
143 697.5269774845734 273.7587006960557
145 483.81889367535945 8.452162673733879
147 368.1318149157206 449.78740111384155
154 488.90777130829724 18.96894295506432
155 339.26370441454355 47.72776807311633
156 596.9322833514459 280.517100623011
157 489.8801365039785 285.9714069015768
159 464.4248189522875 482.99317730154047
161 354.3421912379035 431.1007995332901
163 279.84752066381384 523.2529002320186
164 420.99674852134086 445.5949868551654
165 206.40426621105652 391.5551450741383
166 140.17981438515085 221.14153132250578
167 210.66009280742463 363.1322505800464
168 288.04164753122234 461.26276646181714
169 337.67159035983946 458.3695444408106
170 216.99311273253812 501.2714954142885
171 556.3009588489708 667.3124390094284
173 592.119384939339 575.2672724896443
233 585.3946961952123 411.86219986374283
243 492.4953596287703 310.34802784222734
245 107.79010467735057 344.8698214698216
246 349.5849672047573 184.11807240766004
247 270.05059893493944 36.66259026958967
250 551.5809837591739 683.5535788364967
