# pedestrianID x y
20 201.32250580046409 198.82134570765663
21 421.2099767981439 85.36426914153132
22 334.58004640371234 53.34570765661253
23 334.82598607888633 18.751740139211137
40 611.0661252900233 193.78190255220417
41 519.9199535962878 130.58004640371232
42 526.1879350348029 108.79350348027842
43 506.2946635730859 100.37122969837587
44 490.47099767981445 86.70533642691416
45 421.78422273781905 68.35266821345708
46 336.2668213457077 70.91879350348029
47 341.4257540603249 98.98375870069606
48 419.4443155452437 57.03480278422274
49 351.0881670533643 78.72853828306265
50 334.23781902552207 33.22969837587007
52 334.06959531581344 9.554938331910375
53 296.6857748705825 17.340961918866178
99 457.96058172238656 12.420000036059205
133 214.772509444668 283.5377754333614
134 265.4441902933858 601.0091985706978
137 527.0334547049933 658.4333768724465
139 505.6643546074531 661.0148446828714
143 146.75687043446052 679.4542025539401
150 232.15322311445118 623.7633410672854
151 135.80162412993045 506.42691415313226
187 678.100928074246 464.20417633410676
188 14.552021655391531 255.1740139211137
189 677.9292343387472 455.02552204176334
190 503.2018561484919 639.4802784222737
192 671.0336426914154 436.8909512761021
195 293.69907274715865 554.6231979182209
197 658.3944315545243 644.7563805104407
198 306.4340294878058 504.0417633410673
199 666.1612529002321 436.8909512761021
201 497.9767981438515 281.322505800464
202 175.66331556444698 626.026856825154
203 33.40371229698377 233.48491879350348
204 161.70708809256527 214.44744691900482
205 87.16589327146175 525.675174013921
206 201.00928074245945 352.737819025522
207 554.0949080096394 490.5641675815987
208 403.84286248573017 205.60556844547563
209 337.46842749563297 499.3971421075798
210 626.4106728538284 226.40371229698377
211 688.2134570765661 344.5058004640371
213 660.0290023201857 668.7285382830627
214 187.2296983758701 466.5104408352668
215 328.4196098944528 515.6122549566416
216 415.7776555771571 233.10262223736288
217 332.901392111369 459.6055684454757
218 242.00348027842233 570.0696055684455
219 234.8677494199536 494.54756380510446
220 158.0069605568446 461.9025522041763
221 222.68097447795827 419.0533642691415
222 423.9201720692042 494.54756380510446
223 161.05684454756383 436.8909512761021
224 476.3814690333049 205.60556844547563
225 222.5414614093323 335.93822617931824
226 335.0127610208817 423.4849187935035
227 175.96171693735502 511.2111368909513
228 385.9593967517402 478.11136890951275
229 379.371975484308 524.7965030270179
230 334.98057267705923 525.5851446686729
231 440.32102747672417 90.1410574946995
232 260.37803257879915 195.49239482972632
233 259.6456760752115 512.3190216925401
234 276.89318354794557 17.055767637522678
235 618.8419804716793 464.45576540385264
236 66.51489460057003 253.56035044955868
237 269.4353960081519 28.655444733136363
243 162.31488938632538 663.8679062522203
