# pedestrianID x y
0 599.8283062645012 81.36890951276102
30 140.4088471513206 621.5590691957977
60 236.29814385150814 636.8491879350348
67 633.8934245401043 13.390180280262726
69 391.3291467850398 421.9795997461685
70 595.3386019470212 132.19274020175504
72 479.85150812064967 162.83526682134573
73 490.50813767099464 479.79783700511854
75 641.7361520348895 410.24593967517404
77 668.1362130158525 319.31886083308024
78 165.45823665893275 468.8213457076566
79 224.60788863109053 205.60556844547563
80 223.95939675174017 190.44547563805105
81 467.254060324826 145.6844547563805
82 445.7668213457077 85.36426914153132
83 440.70301624129934 73.50348027842227
97 210.44542348027915 678.6275701930169
98 708.9280742459397 562.5661252900231
103 307.1248832408812 12.74425198416332
107 51.4160382090298 307.78171156674074
108 437.9651972157773 340.41763341067286
109 667.2871138144628 210.9591911461425
110 738.0276000461644 489.8283062645012
111 532.8897911832947 334.32018561484915
112 510.4513434743437 298.89029854908966
113 609.9866038120163 114.46788594091154
114 165.65170667729774 362.125185688123
115 289.2160933230937 347.5038873013295
116 413.0947377550554 501.66125290023206
117 462.2354988399072 214.1902552204176
118 582.2343387470999 682.2088167053364
119 594.9227823431113 123.12152128286728
120 239.18319302624028 171.8642533694319
121 36.08932714617174 224.6450116009281
123 162.59497057894933 632.3803518602534
131 350.22827645094804 385.89305620097707
132 274.21881970025805 572.6211152403711
134 540.0583562571221 492.91524756312504
136 371.0547654788766 585.2018561484919
139 282.31022311382867 142.42557129729929
141 606.7850051924469 102.15122927466292
143 523.9930394431556 251.5127610208817
144 621.7562774996236 13.064361464735306
145 416.68291567688425 205.1986439662927
146 570.9041558745573 383.6265823115527
147 332.11832946635735 518.4222737819025
152 100.56636622285419 212.68053776935247
153 698.1589076787878 195.05712426379085
154 488.51856148491885 187.12761020881672
155 187.85453950107467 268.9813794663482
156 551.3481826737709 408.0556844547564
157 350.21313654407487 423.4849187935035
158 523.9918793503481 459.6055684454757
159 451.7886605844024 527.2189510215527
160 608.2690010523519 483.6726626163862
161 396.55217135580875 520.110368359664
162 81.64269141531327 209.02552204176334
163 201.76450116009283 388.55220417633416
164 352.56148491879355 532.969837587007
165 103.73549883990725 229.9350348027842
166 121.62882208774408 39.91319405571651
167 73.46010883286631 304.79533469949007
168 203.3777158527746 588.0523297702366
169 538.848699714952 663.8494425348957
170 131.153070744427 685.9498538385063
173 690.7626894710497 628.249422842866
201 552.982475507305 512.6369863699554
202 125.0124496883182 32.14691616236531
233 570.8997170837988 424.6244908408813
237 619.6152689710485 511.35184295728465
243 396.43735498839914 432.40371229698377
244 631.5931137045504 385.19640224470754
245 25.00116009280748 257.01160092807424
246 323.53712296983764 98.98375870069606
