# x y dy
0 252.8851756497367 142.92759303587684
1 25.587337345130162 24.087381607828803
2 26.177369988101134 24.209072573180134
3 26.662920028511433 24.227354913533624
4 27.41230209553383 24.20309622115883
5 27.65355015427353 23.968096112600083
6 27.569140599686477 23.701743423574797
7 28.224173908445955 23.7430702314045
8 28.867369619310022 23.773494350977895
9 29.54578977985907 23.523826650293383
10 30.336991365628204 23.50618294655777
11 30.95426815050494 23.424403349324983
12 31.795809206515354 23.40907348555033
13 32.33132414062279 23.35956682573355
14 33.06038057625404 23.378751180517046
15 33.946022183376165 23.517387596640287
16 34.59749128767511 23.523112535441356
17 35.63653800504859 23.922986036165902
18 35.591130319127714 24.049952095974167
19 35.54351408149448 24.37833835668211
20 36.252290369336585 24.564524906704296
21 37.07497041029681 24.707733324014807
22 37.85340809207231 25.292361472958973
23 38.57562157130731 25.404803550710476
24 39.46713126486373 25.689002114152817
25 40.2803173090858 25.862897787581442
26 41.05743977292738 25.991995054661718
27 42.423372375205716 26.16295045469916
28 43.042195219859956 26.558923027020526
29 43.43194250558943 26.70512998927661
30 44.22380982698783 27.044378171671774
31 45.02068075398691 27.394962633746793
32 45.90915019303535 27.70964313675948
33 46.63885404903834 28.053535334097006
34 47.37656055296757 28.536528949689064
35 48.01469222067095 28.68422233648279
36 48.90483430689503 29.216590654943715
37 51.09998037348567 29.930261219737904
38 51.83428431625993 30.342461469286818
39 52.84165752626872 30.791082991525858
40 53.63699708168713 31.132169466512767
41 54.851325440623086 31.398587719338693
42 55.642083836664376 31.869671620413342
43 56.544392094139305 32.574607814278046
44 57.367248115967556 33.205875741428144
45 59.08301096062083 33.93005513114076
46 59.87506090460431 34.318674734867685
47 60.917833535447 34.30684502214008
48 61.84198956573324 34.87260620731871
49 62.675779655643886 35.15505866427965
50 63.39686710974874 35.56364164406207
51 64.54099204241712 36.00336805803005
52 66.47263387097027 36.158137838707525
53 67.67947835987577 36.25362960769048
54 68.65434478234185 36.46637078282203
55 68.79284014155513 36.826083850580154
56 69.32580985187452 37.69029921685567
57 70.15093744277253 38.071635494118354
58 70.98192992679739 38.44798620970824
59 71.86417581461919 39.027284627227395
60 72.81015927600296 39.45498617283671
61 73.46747243936416 39.805702647220855
62 75.51070412221092 40.414920573313594
63 76.37899482314322 40.88101660532519
64 77.2574464060925 41.2476953414208
65 78.33372401916397 41.82343511738536
66 79.1206298216888 42.35697255817916
67 80.08776527147432 42.798068336966274
68 81.09959609460805 43.24594247639765
69 82.0923365093788 43.88383019666949
70 83.12946896580549 44.58984875401151
71 83.95454203291504 45.248324956501214
72 85.13531494003158 45.61231127139123
73 85.89411170094594 46.010872900431295
74 86.7060597503603 46.488088658479434
75 87.55585857638205 46.993155112729106
76 88.58376912703292 47.640537853487345
77 89.37389940939826 48.33370503468847
78 90.30134857335246 48.90836781088578
79 89.44547759474865 49.94291635689082
80 90.30400886225101 50.62307484983398
81 91.29047608960535 51.31887342094973
82 92.02097359211395 51.78374417598382
83 92.99908202406577 52.491619406107404
84 93.90868167310447 52.92469260736843
85 94.84346781360293 53.529273592062886
86 95.87959835833618 54.1660813831394
87 96.68424702837072 54.77817384586314
88 97.74988169360635 55.39700294725948
89 98.72492972837273 56.05961908028496
90 99.63837325570813 56.60259565336733
91 100.56594417491534 57.2060838607581
92 101.60710941823714 57.676413678724586
93 102.18511596958007 58.25611311978928
94 103.20491320288107 58.94065647416817
95 103.98085497471291 59.689837246174875
96 104.99133937103039 60.21989627378034
97 104.57679493446496 61.275878896714936
98 105.53416140495071 62.015145623011406
99 106.52311397905328 62.749818110955886
100 107.33577862762662 63.305101880235995
101 108.67303553722425 63.75058575323618
102 109.62869906483297 64.38382412933666
103 110.48232845389107 65.01628597309136
104 111.10798225411298 65.62036382517067
105 105.43569001972094 55.55215121335296
106 109.94981297960223 60.10679472287566
107 108.40820598490201 61.10346436656941
108 108.76857052433 61.849310071301254
109 109.36004936474355 62.318017780237
110 109.97669790787975 63.05415723985978
111 111.8620396264277 63.14892874316718
112 113.57337382225359 63.69692794197982
113 115.40072060279408 64.19516734377312
114 116.84856532195386 65.2828920195688
115 127.22377750286506 85.37071203352018
116 128.06875536024444 86.0654609577904
117 129.30389911048104 87.13232408205332
118 130.51933586482087 88.11427837494406
119 129.89334950209155 88.5525919530716
120 131.0005470635595 89.73232422437474
121 132.20485214237246 91.1415565870634
122 133.51527722960628 92.57231012710116
123 134.54320805044637 93.69324948668755
124 135.70178559700392 94.77411168500991
125 136.98969762365627 95.88847534176874
126 138.62265948899608 96.14661704997587
127 139.48816027195548 97.74250162015831
128 140.9757350393615 98.76640023284675
129 142.45226932218978 99.58042031270526
130 143.57399166848114 100.34474189387177
131 145.14095554696445 101.16745161070317
132 144.45368978289773 102.84791204358142
133 146.13331532086607 103.87705994226457
134 147.1923750890419 105.03268073034455
135 148.6873776818608 106.29462652512068
136 149.80169112087393 107.56273490358367
137 151.0614097258491 108.65858589371392
138 152.0381294013697 110.05238227279919
139 153.01012154431075 111.5857802941972
140 153.91643336533207 113.40987964169288
141 155.91782995516743 114.02779475795732
142 157.94761023833453 114.25031714394977
143 158.93670908633263 116.34637746712417
144 160.79223033751487 117.25751778703948
145 163.02590590438248 118.42665704023487
146 164.99458273456818 119.9091810491444
147 167.13214420607943 121.64697880367301
148 168.98578241415046 123.31497299297497
149 170.9713133096065 124.76994454524758
150 172.36284938652653 126.87745849513846
151 174.1385604448973 128.4872718583919
152 175.94844608062076 130.18369495047187
153 178.04672053373977 132.12486515498787
154 178.2238754731514 132.58290843668158
155 179.65570450659644 134.3362745433994
156 181.66651553967588 136.09432294913586
157 183.21669530716412 137.5693246264454
158 184.95894843007966 139.483073774257
159 186.79371341954572 141.2300684370862
160 190.32513260092296 142.08747714199043
161 192.85784261032384 145.70982419270288
162 194.7774856228784 147.82586532774798
163 199.30129549006088 150.8884383134342
164 203.2749065765281 154.49556752461768
165 205.44273767652726 156.97241752909977
166 207.32208605439567 158.9816192575188
167 209.1058233262315 161.0286537005144
168 211.1170842645729 163.63114616042165
169 212.96533180008112 165.76189917767948
170 214.79889464926484 168.02359102644326
171 216.4170570706191 170.49077903920218
172 205.56146794540388 159.48907276650453
173 204.92378461818925 162.67832815437146
174 206.31521631517992 164.6833466594175
175 207.4961759061608 166.04387193125163
176 208.807911542838 167.67984771709533
177 210.82786564484698 168.97336085908051
178 212.21883292500547 171.14403726271988
179 213.23057596264957 172.4472348063489
180 210.7923413390741 173.02264349966705
181 210.9813708900658 174.85227958056018
182 212.34385391169167 176.60760618945346
183 213.37706823289636 178.1400192134762
184 214.4073252543105 179.8954445568585
185 215.72661092994858 181.5095726153452
186 216.6774735355985 183.19969197642348
187 218.073816514185 184.80666890320592
188 218.04017969111558 189.46615701415482
189 219.09247853134934 191.01387317273077
190 220.05872849586544 192.57999260062834
191 221.47167696631135 194.0839299077147
192 222.50760598846196 195.9808770927756
193 223.79615800206693 197.41346309213168
194 223.87891675598576 196.14179013290772
195 225.07772091003494 197.97051608622488
196 226.24604794411798 199.644857556853
197 227.32257357997966 200.9439274976389
198 229.81071645327853 205.7158055463391
199 230.83086635347004 207.4133071401831
200 217.00071462165897 192.48570110720715
201 218.30966867216523 193.69180527917172
202 219.35495468769508 194.87558473226977
203 221.99419696715913 193.57021005323637
204 222.82226338467888 194.46326889894186
205 223.72474550630838 195.80712503216617
206 224.8036356762303 196.9768351343731
207 222.76187939022068 196.24578758783426
208 212.72043931614883 187.89523359620196
209 216.3992331130525 190.89064009777522
210 217.5622329308216 191.92319751868465
211 200.13717105898044 169.08713788202508
212 200.84423145205508 170.17476065007057
213 201.69300060317917 171.21107262388543
214 202.69211229143082 172.0663701480561
215 203.4069189056065 173.29995250587646
216 204.22290680536577 174.3230083013807
217 204.91305153286032 175.22450754162725
218 205.79714672783444 176.17426150877344
219 207.05764480900996 179.73363652053573
220 208.05866632860915 180.67237103957552
221 208.72820312463267 182.12564384394412
222 209.3706315147441 183.56330594905995
223 210.40699354196744 184.61770080594928
224 211.17022838885234 185.4598311102865
225 211.86618007320942 186.47379361034749
226 212.66412989502476 187.38381905784968
227 211.6845224147338 185.9313958313575
228 212.62501543154715 186.88957145633583
229 213.58634177187835 187.67973103944897
230 214.3258168991814 188.572502660401
231 215.75237241217206 189.59298545961346
232 215.7830392698206 193.0869144281901
233 216.7462230023957 194.38611288901575
234 218.76802089237697 192.70371396093716
235 195.64603077113068 94.3313164562039
236 196.88831606218022 93.71051926248414
237 197.26024978121418 94.18431463213722
238 198.0350057041747 94.56834979699205
239 191.4654305877297 93.64468564738297
240 192.09852206343422 94.18894697558792
241 192.37103831942474 94.49433091657775
242 192.91332417094608 95.03504729097455
243 192.82104859618707 94.4259726356705
244 193.33341934784636 95.13592136103283
245 195.6642335388289 95.48839524697352
246 196.2275155393691 96.01728914890377
247 196.46051235999425 96.74713767884454
248 196.8876234243632 97.37199652339557
249 197.33082584864468 97.89219322330517
250 201.4482656798837 96.87527716450569
251 197.95331013628982 95.53196958940411
252 198.35093980960673 96.32894842427831
253 202.44553079639084 98.68340658925405
254 202.57795478098714 99.58058325627697
255 202.74107471230653 100.82956482592311
256 203.02530315165353 101.74964331378084
257 203.3712878459697 102.6423867796912
258 203.17609918171547 104.52754938305578
259 203.54299302291034 104.23895250271059
260 203.72788068104614 104.8249114016983
261 204.11648147366037 105.69987011392837
262 205.05996430666505 106.36173049514997
263 203.89044416175682 108.3816898731011
264 204.27948288987932 109.18606869869967
265 204.75503904872514 110.21846468628318
266 205.291333102491 111.1248315870552
267 205.73261583702785 111.88158766425913
268 205.514518769877 113.35241844185931
269 205.90046223966968 114.1355531206885
270 206.2327209411587 115.06877425007501
271 206.5614864572568 115.76541780011065
272 206.9306968009724 116.6043435380567
273 207.7601749460529 117.20746736074247
274 208.219803046036 118.27706677367631
275 208.5508520495286 119.09872828199441
276 209.34421970322677 120.35945171688667
277 209.8061701118424 121.34272312604979
278 216.57362444918616 124.11126466671068
279 216.6790544439258 124.91433333920534
280 219.1593066356556 124.7665442990862
281 219.48653811363752 125.55751184479995
282 219.87055952693163 126.04390951012068
283 220.09299114242467 124.97584126073232
284 220.57515423856142 125.71873178760137
285 220.86936070837217 126.30301153507521
286 221.1816782208062 127.07800278638678
287 221.55644239359535 127.53836284156878
288 219.72118279453272 129.05671740248314
289 220.1348893150102 129.54314361207136
290 220.47802032300376 130.16374003988523
291 221.10689438976195 130.6401011990926
292 221.46421697637183 131.08075596406303
293 227.51269145711058 131.34088757237782
294 227.83708527095612 132.11103039756554
295 228.47093139368377 132.4894733021671
296 229.0796319666025 133.07499788884547
297 231.21477304346686 132.72164969401285
298 231.64914845371493 133.18890664397887
299 232.14185167590696 133.57731604982678
300 232.7500141204173 133.9882511101436
301 235.08936032076755 135.90174763854137
302 235.7348512476096 136.2163233147092
303 241.7823329142293 134.4522492907462
304 242.4879572816496 134.6830536126056
305 242.76298783897153 134.99998005071384
306 243.31272366915977 135.02820279118706
307 243.5945059063666 135.74765043988077
308 244.16301863104195 136.10846096967853
309 244.80108343457255 136.42484496239433
310 245.5711014191674 136.99013359382056
311 246.40069870691684 137.3760386778001
312 246.73717941392508 137.6147364725917
313 243.51397079180404 137.96926735146977
314 243.9540336303545 138.34602556175466
315 246.39443416081184 139.1651846439962
316 247.0271786450493 139.92722077047367
317 247.65450303034012 140.23417171887516
318 248.65565435245048 140.67224382113747
319 249.5130822403315 141.04315744244013
320 250.05941671049172 141.4377284495152
321 251.0483681173266 142.08065299361954
322 251.78970685884678 142.62426713160224
323 257.53563213971415 144.10707586090246
324 258.2206707541193 144.4232414586719
325 258.81074338581567 144.64504930958046
326 259.6521051292941 144.8395544990027
327 257.2880530511227 143.6226792736395
328 258.371096277942 143.7140476662622
329 259.5234234209569 143.94918363183498
330 260.34535015546635 144.39534165293767
331 258.7797443255425 146.54701613849892
332 259.59476480533 147.04569821438304
333 260.5131192166655 147.46552974848987
334 261.02962304098554 147.92668193319923
335 258.8311003067387 149.3404352736303
336 264.6309834538225 148.4846535093147
337 265.85341374822417 149.27382195523657
338 266.51247501436995 149.9150383577388
339 266.76032855289054 150.86900785083267
340 267.30890705321445 151.6214954616937
341 267.89514957170763 151.87995680864645
342 269.0176445445342 151.91343841499483
343 270.7607189241726 151.4372369914622
344 272.6840833020311 150.69335263155673
345 274.2291867986993 150.34397803286976
346 276.06524117166504 149.97443233945086
347 277.8610069831046 150.3839685689622
348 259.83607637519435 102.7467547822988
349 254.2037053042684 96.20918531729794
350 259.0224163430585 97.51744176520464
351 260.0973906294509 98.71570501920849
352 261.6039721939697 100.14108888362858
353 262.6824668009076 102.26595692486106
354 263.9640294256765 103.79785555707325
355 257.369402882007 107.72220352593037
356 258.79950821384233 109.80673639431548
357 260.00731554816286 111.94493637159955
358 261.174617027611 114.07921175300027
359 262.05264941411934 116.3090627528032
360 262.89356523369275 117.7885850444837
361 264.0407743499989 120.4138073200673
362 266.4847049877628 123.51980060929982
363 273.631556807273 129.71994111806936
364 275.06858483077457 132.4170128584321
365 260.7564386259835 107.8909645380096
366 261.24120453651307 108.18583939457275
367 261.73143209755006 108.39891991161865
368 262.07861390869164 109.60720473325536
369 262.5917813962451 109.95748262497567
370 262.795135877438 110.36823767110458
371 263.18257802947636 111.04743382713407
372 263.9441921937664 111.25559738235975
373 264.10237650568985 111.62438452129282
374 264.20342991845473 111.91145960745865
375 264.4339057749472 112.23481823147979
376 265.00883734584596 112.43301952068498
377 265.599059157224 112.82119308419938
378 265.9214969966348 113.0243683306643
379 266.1509192128351 113.64193609564059
380 266.63259302595816 113.98367631758869
381 267.0295564360539 114.56419177714163
382 267.4085416617448 115.18703714593872
383 267.649477080173 115.41408347780487
384 268.1814620372031 115.64621895575038
385 268.70849348544704 116.01518915706875
386 269.0247515657702 116.55468423848642
387 269.55023952319203 117.10445922591313
388 270.12464982147276 117.27192605811142
389 270.6669548681161 117.58192739541484
390 271.0902813958674 118.03683202257636
391 271.3764641102756 118.50002426169952
392 271.8809165583967 119.15612143134281
393 274.30796265785176 120.95121800891984
394 274.91453285631235 121.47114527679638
395 275.58473718298677 122.09686039821898
396 276.01866162679136 122.78268278819114
397 276.4957047570019 123.11352063329213
398 276.76580473889857 123.75629062172595
399 277.2354213979481 124.36262139047878
400 275.7704956670314 123.61747554011228
401 275.97396569058765 124.04321177724958
402 273.27529466978524 123.86064225243256
403 273.33724813211023 124.17910711003401
404 273.6582903498781 124.75402880447028
405 277.1144424929517 124.82056709969561
406 276.8947739539642 125.10418668787902
407 277.3018142772297 126.40564106864991
408 277.580180271399 127.01174514215953
409 278.2469824071787 127.24494477749883
410 278.8560411078387 127.96429793236724
411 279.3959020076305 128.37900121503407
412 273.1925599388339 133.43960580273537
413 273.8472787938167 133.81632670859076
414 271.99548363666634 135.357246705303
415 272.24896652592946 136.04113656495568
416 274.8952966548874 135.33076722228628
417 275.28948836499205 135.9585127414864
418 275.83216256595335 136.58163636700968
419 276.16723746034916 137.2190814014366
420 276.5661662424603 137.94507600358708
421 277.3059260091611 140.4008691094324
422 283.3775361545844 141.65907652833073
423 283.9139208115601 142.14685685385967
424 284.37735885361604 142.7772653228939
425 279.25013609757866 145.62857250843118
426 280.67298288046396 144.31607329001156
427 281.4081568186918 142.24337412510502
428 281.84303409644576 142.8562505385341
429 282.1778540733113 143.27939913115554
430 282.47103279693545 143.85551278436276
431 282.85280318596836 144.27462386982901
432 283.1901803274492 144.92608318772687
433 287.9017146180692 146.31425615528022
434 288.1824591368137 146.91979774149593
435 288.255306027978 147.88533995875807
436 288.55568133407115 148.49553247159275
437 287.44286001667354 150.34111368635942
438 287.94521088151987 150.85871142870386
439 288.3121051670779 151.39188666612523
440 290.24447011423626 152.0351676565786
441 290.84770251342127 152.64030048326686
442 291.48588266533216 153.07695031130518
443 292.2848128903126 153.07368086481753
444 292.70273533535794 153.6131186595353
445 292.9918975596993 154.1371513793887
446 293.48703242785587 154.5017269920379
447 294.5608932922914 155.0943793658901
448 294.83102954385714 155.5514400634518
449 295.4026054198076 156.20945765325087
450 296.03341122587716 156.715492467689
451 296.6157994664015 157.2863322686913
452 294.80838134139634 157.58105140269546
453 295.77718337622986 157.42529772465156
454 296.20912321965227 157.71263347523936
455 296.8033804913008 157.91503512458868
456 297.24142604377784 158.05071840774252
457 297.7963389221504 158.15247575313376
458 298.397548603459 158.2251869170151
459 299.11323206253223 158.21395977878035
460 299.7019563839386 157.93283079402335
461 297.40662580036843 159.14114233124565
462 301.2569675529003 160.08088217790322
463 302.1710574921559 160.61304427000823
464 310.80078123485043 165.71732137181087
465 311.5389453565206 165.6837076056512
466 312.5875416259005 165.4841634265863
467 312.9784590482343 166.50145911800067
468 319.09446539011077 165.22149956049097
469 320.53178588196414 164.40504137150845
470 317.1520788580662 149.59299131148217
471 317.9506702319255 149.50778803381303
472 320.69227654086916 149.37237178627117
473 321.326692921245 149.3895730128775
474 321.8714128948715 149.31135112167496
475 322.09417703056107 149.74355116764093
476 322.6341936224904 149.89935503260193
477 323.159626621235 149.87814824402182
478 323.67877950431216 150.1231703517403
479 323.77427660375116 150.0738577185373
480 324.3897372819148 150.19953282305013
481 324.81981043734123 150.32469871031878
482 325.0321570759929 150.62491818945318
483 325.42995411557206 150.88538236798203
484 325.77551051831756 151.12386174614952
485 326.13683422463146 151.45955175384975
486 326.49204839701787 151.56849099222893
487 326.78363527202845 149.82886504491614
488 328.1970948544055 151.83593221257303
489 315.6061470107261 135.90922419568537
490 315.84751713847146 135.95834117952148
491 316.4332179569095 135.88762606571024
492 316.8692711447977 136.0190702252646
493 317.19070402013165 135.80252422427353
494 317.6376570724157 135.84698508013383
495 317.93318824693534 135.85829093519826
496 318.18070891974645 135.77969302577984
497 318.4642918020966 135.726757159937
498 318.8844883903274 135.68270365527133
499 319.28010990627274 135.79154624908873
500 319.3832453567226 135.74414628198872
501 315.4322599796656 134.74717988881395
502 315.5977655450233 134.6110735500408
503 316.1163622900918 134.68738621383488
504 316.3625224941092 134.644164148657
505 317.51579262309815 136.00985253790537
506 318.02481113865997 136.35860240426362
507 315.4891569938665 137.1283291376226
508 315.897404412996 137.08821540903924
509 316.47466614511404 137.11659102677643
510 316.9130769691965 137.10447452509084
511 317.2267717513014 136.99283540284293
512 317.79757274795384 136.91567519613088
513 318.1589201327335 136.8836848789645
514 318.5633990663328 136.90624047020418
515 319.21018375551074 136.79672250154923
516 319.5345632858172 136.84025630824792
517 320.15624279822987 136.86062890910014
518 321.1816397090008 138.57354340428864
519 321.58365269003144 138.50471401219926
520 322.00949180409225 138.6068725117963
521 317.08041088051516 140.21645149561792
522 316.9920860412129 139.87047753182853
523 317.4929846832702 139.7906606046964
524 317.69875655993576 139.60861751137173
525 318.337398300771 139.71136077217267
526 318.7331880459053 139.67586996126127
527 310.2187552818139 131.1122344888547
528 313.7509300910992 130.55778718354964
529 314.21800625089276 130.6353724819058
530 314.8012661827434 130.59255331906
531 315.26341400762715 130.67005662953284
532 315.70837689028036 130.64442737990487
533 308.9409289497219 125.09933738930715
534 309.929866456169 125.67770386799737
535 310.4700138661433 126.02311305339083
536 311.57122872006244 125.08057513790668
537 312.1007689922572 125.36220719186737
538 312.3497676853807 125.41271446136483
539 312.9726928882032 125.69139943947765
540 313.59366036849894 125.92770230237274
541 313.9723200980982 126.08338383716507
542 314.6609035898511 126.44363084549445
543 315.5985991535713 126.0932840395628
544 315.6482233093793 126.81788062859673
545 316.5404897759446 126.8865042721627
546 316.91382073398563 126.9326742083909
547 318.05000806501334 128.72390376430093
548 318.15714906544383 129.1140288682217
549 318.7394549732267 129.23898070257664
550 320.2661408725505 129.09243017299286
551 321.0827886241483 129.23537812210952
552 321.4776926839408 129.57830822106976
553 326.443976180937 128.67619980627836
554 322.5467966234445 129.76640342711715
555 322.960980278466 131.75636974182123
556 315.8704442576921 126.19194064099064
557 316.36141341326464 126.45124851059063
558 324.49693284268676 132.36433868385691
559 324.6958275087953 132.90829633088532
560 325.7022134031986 133.73253082248837
561 326.3503150149236 133.90289939480925
562 323.7753455272755 133.4472218145986
563 326.75483419273485 134.47058245406203
564 326.8470103041555 134.42856536594982
565 327.0934112218836 134.6066200363187
566 327.77713711027127 134.840448273107
567 329.83100615309354 133.07427823847146
568 330.45876609302934 133.57247591456428
569 330.88390976138794 133.66248096663912
570 331.3675505885618 133.82607343557618
571 328.5435885425458 134.48742040996123
572 329.2047605289677 134.6860380647832
573 329.66892704083875 134.68457854518607
574 326.82907358953537 132.400769200166
575 327.24073067135976 132.6767233726645
576 325.36497654969503 131.71500871565527
577 325.9302551611295 131.91440583354157
578 326.24387659679775 132.1323987515328
579 323.79218329275216 133.08188673033663
580 323.8882526995522 133.27033862465152
581 324.20089666475735 133.58892993250512
582 324.8096920036874 133.72226599267637
583 326.6731426563516 131.96592907220153
584 327.16185554525254 132.19749158996893
585 327.8103606570475 132.4648890746832
586 328.23134398908275 132.74006058597135
587 328.9818950715272 133.13070410431368
588 329.4263505314414 133.51174793423016
589 329.60287411652945 134.22850884231428
590 330.06985779870024 134.54202134271748
591 330.4809548772769 134.76729206757147
592 331.0223388829161 135.05391789898457
593 331.5039874219474 135.26323746203022
594 331.37764942949764 132.33849366285042
595 330.00280966682834 134.14528098212463
596 330.57478244597576 134.2145114118868
597 331.0055723106792 134.44335779328216
598 332.5888298145356 136.45070129553656
599 335.0897398319364 132.87592383547275
600 335.2397006766419 133.20683334045262
601 329.1275059085502 129.5181479416424
602 329.63516520767627 129.888457544577
603 330.1875817709092 130.34503724484154
604 330.5802858953786 130.56280768966334
605 323.30117644185975 125.94611115559304
606 323.6652850551578 126.4262582429077
607 324.0963320353867 126.78699793850252
608 324.7923025555721 127.04381200457821
609 325.26199164422326 127.41078118609616
610 325.63114498969907 127.92681562256149
611 325.8652342186322 128.12063276846266
612 325.96142185482387 127.68635086495254
613 326.182488427526 128.1400487062848
614 326.835666649409 128.6812364768972
615 325.54057957133784 129.0699726902096
616 325.88162392727054 129.75337102893852
617 308.0331100704355 122.29353784371276
618 308.48586397324783 122.30976725125997
619 308.50648625339 122.50847299665013
620 308.8777662759002 122.38126955612523
621 308.9575467134107 122.63445723418167
622 309.2788849119513 122.74214638700477
623 309.5753676009763 123.11796701503279
624 297.7948916091881 116.65712673421682
625 297.6780247935916 116.79962759675387
626 301.4940211042013 116.57770946078973
627 301.57926869004535 116.81053170284476
628 301.2585028207707 115.63634057519957
629 301.66856544509017 115.69526367076865
630 301.92552507824365 115.5737893891081
631 296.7972579143814 117.83238152472556
632 297.07502590909854 117.91947758115647
633 297.42020251318553 118.06769422679733
634 297.39532855258227 117.84458564839821
635 297.64893598648194 117.8527156307311
636 299.72635455985863 118.39609481126318
637 299.96518693444244 118.56059600695853
638 300.4535266681849 118.61640612547839
639 300.77105704399344 118.51378474716572
640 301.16168985620084 118.6594044332837
641 301.59840870552625 118.69711243152364
642 301.9156192681978 118.87968865170974
643 301.6404008811086 119.02686551304338
644 302.03148108051244 119.13264140960129
645 302.6368202371621 119.2214290168616
646 302.95751716698203 119.40497829609326
647 303.31716955731156 119.4946208606392
648 303.7688534054263 119.61022353344158
649 304.2876738692882 119.54116640014942
650 304.7217260702739 119.58417538964
651 307.9548680473063 119.10017627396103
652 307.68602122080273 118.82042353867132
653 308.0222615513931 118.88555933893818
654 308.164804049334 119.0191860354089
655 308.54708894451994 118.83966380756232
656 309.0271385130092 118.89677538015965
657 309.58334173751126 118.81008153295157
658 309.95779553750026 118.94959288320617
659 311.2135676395768 118.09765902144258
660 311.4250675453898 118.16469777228684
661 311.68488421620776 118.4036796252133
662 312.02992990435223 118.45003581822405
663 312.22321943890574 118.58019100006987
664 312.67938370816677 118.5248458155972
665 308.5598135605962 117.69511054946217
666 308.91647543010583 117.82193076537484
667 313.71144325085015 118.82599236755172
668 314.11985255754524 119.04016771207479
669 314.83460268629943 117.36728575241632
670 314.93369317293696 116.74858039314525
671 316.5405248265155 115.40929553895351
672 316.77396062670056 115.60147970746864
673 313.57819755464374 115.55072101456712
674 312.7868488693795 116.38364250862836
675 313.00853731569015 116.45421247838989
676 313.29414405362763 116.7122867008515
677 313.7733452388822 116.78440140466041
678 314.3998904056024 117.21145011013017
679 314.68948438712493 117.3073353281469
680 304.7783644412063 112.88718352614069
681 305.1921010957766 113.02655279415974
682 305.5329607332975 113.2515079093491
683 306.0320780325313 112.09474488459676
684 306.58128023036426 112.11300349306106
685 299.1816660808258 104.79733965574485
686 299.65112262237255 104.8243307814833
687 302.70239525242994 105.91778135751285
688 295.80925052527766 112.19214197660203
689 294.31017622774567 109.90830524997303
690 294.585703208944 110.3754539934312
691 295.1993548278257 110.85149991512064
692 295.4988902699108 111.08000147800503
693 295.6906500489997 111.33761268599638
694 299.5353941318715 111.69512829814897
695 299.751743409182 112.16721117182823
696 300.04721569757544 112.6927712272034
697 305.72412708928425 114.35866462671827
698 306.17260715084524 114.70067928073614
699 306.5355321169353 115.41018625379506
700 307.0839715677121 115.77482296879789
701 307.4428630169274 116.2042589876033
702 307.77477168117514 117.05659903292288
703 308.4137270462205 119.94977169269289
704 308.57387012043546 120.56899617492398
705 308.9420482280588 120.88739809447186
706 309.35001706325534 121.56031753680256
707 309.6647372773502 122.18248615620014
708 313.93176999158953 122.94624672036389
709 314.1658951902288 123.73173562053498
710 314.51198099961124 124.22352934659021
711 314.7480430224119 125.23240471975674
712 314.9845960504742 126.17141169059408
713 316.20354861309113 126.61757684400541
714 316.60450342593964 127.20800519119325
715 316.9770648891668 127.98930251753248
716 317.3222193346568 128.64121236885626
717 317.5951362381899 129.44889775010475
718 314.78258523259683 131.6013085708252
719 314.89943884140257 131.8792372215684
720 313.7489308098479 133.99231473287327
721 313.40667643133304 134.81360711269835
722 313.5168289750555 135.45766615775278
723 313.788078054271 136.4404081542792
724 314.1075726686999 137.15517340252566
725 314.28057008484103 137.87292579731107
726 314.612272277579 138.71655810215222
727 319.7626746128062 139.6840563995058
728 316.9571056061865 141.96454617520666
729 319.1299668588525 140.59600395115254
730 319.51081108455907 141.44372180983927
731 321.0203184749056 141.39662390042582
732 326.05651679167835 141.2707654254843
733 326.3688158747438 141.83931176170628
734 327.97653728622106 140.20585485287825
735 328.62423573029645 140.8879968560736
736 329.19354290547193 141.51288808581944
737 329.5404525995076 142.18483112650242
738 332.9493987993398 141.85855203490345
739 333.4105024987649 142.5329492201214
740 333.80602418749794 142.8751980789483
741 334.037380965978 143.74898223583008
742 334.38837627432997 144.36249167038926
743 334.926999458642 147.36218151562028
744 334.60726742717657 148.50980482689073
745 334.5630288445448 152.4045269757858
746 334.9336045686726 153.01518847705273
747 335.3482578019401 153.89420401643378
748 335.7379313864002 154.55420092891018
749 336.1871528549414 155.47866057449502
750 336.7271796141899 156.11032518256476
751 336.9244432394049 156.8911595061218
752 336.7946510018552 156.76701949558586
753 316.903195259671 120.09657883290531
754 316.96987524567214 120.22581655684462
755 317.1629141683735 120.52411660746841
756 317.3741825548668 120.69839230665289
757 317.6986492496365 120.75237270226191
758 317.9761068872924 121.08772815964572
759 320.2926026940753 123.25163825305273
760 320.45983667408194 123.6145033300719
761 320.6586556537561 123.60372208277866
762 321.2041024799357 123.86838924877905
763 317.9894462906015 126.07091365868176
764 318.23586069679646 126.42982346024785
765 327.50764239651716 127.17502673707806
766 338.37424956534016 119.68916604277278
767 338.44595566404865 119.67739752765458
768 328.09091515700464 127.65421929491374
769 320.6856167384046 124.43973972304306
770 321.53320066598263 125.27983241552867
771 321.6183509145218 125.35891108684675
772 321.9262101937258 125.43487654503761
773 322.000889405081 125.59758877354591
774 322.4028060372566 125.88087032615748
775 322.5423540949473 125.86513904359505
776 321.5246574614858 127.41407383222311
777 321.72704653002205 127.49832684476215
778 314.80328943571635 126.15731045737571
779 315.2187042515389 126.21948330296652
780 315.3766047249819 126.23359593804336
781 315.5227470604786 126.42637422025575
782 315.8379425077085 126.41210564964474
783 325.9064764517117 119.62997330032346
784 325.8449114109685 119.76734233159871
785 319.73286319775286 119.52843943384234
786 320.00031512230345 119.66240323834936
787 333.4109783472768 121.81866810033128
788 333.8858819747833 122.13328991545325
789 334.40607091426733 122.04445946876695
790 334.5910119437142 122.17672546078536
791 333.64456136197265 125.03384729714125
792 333.9705626642898 125.04988247808008
793 335.2711188700383 122.38334907352248
794 342.74829390160573 125.04968725935284
795 342.8870231295209 125.13258837175886
796 334.88091233241227 121.6991064750892
797 335.6584009107644 121.6413385868954
798 335.8682986187052 121.80696395072006
799 335.937890773999 121.8006159398971
800 335.50174842696873 122.60109502840655
801 335.71275923786385 122.48933306624708
802 335.885236404668 125.45936507371043
803 335.9543930708303 125.24869766516451
804 336.28700148403686 125.3622632417195
805 336.45190878909233 125.66319913124374
806 336.57387607970975 125.73464280484846
807 336.8562522934534 125.69856326176964
808 337.30744500951596 125.79169184385829
809 337.25553429510336 125.76161770378918
810 337.3443169840228 125.94668305334145
811 339.6548557325515 123.3592627257434
812 337.09323198241077 125.56238778580511
813 336.06985353654665 127.05415612407307
814 329.0827475496056 128.249030476242
815 329.46768698652085 127.82794641960382
816 329.642357637142 127.91192414467278
817 329.86378297531803 128.0154526261774
818 329.83249194680604 127.87182366294488
819 329.9315773978443 127.71622197703718
820 330.0238637831652 127.56512082006357
821 330.12863726830864 127.4899668571
822 330.8495665745741 128.13662482674462
823 330.80890196486956 127.95268267274157
824 330.9353130539918 127.86019004479704
825 338.8101986843909 127.55920935357298
826 338.9621542705118 127.27328703196619
827 339.12998730532337 127.00986259677295
828 339.44740348518815 127.01067444935411
829 339.4774561288222 127.0533208419239
830 333.8100765489834 126.49760390074636
831 334.0832185294913 126.80014569080416
832 333.0146053125448 125.64050475235697
833 333.2360977922742 125.97690126508614
834 333.1928023347261 125.91491399613794
835 333.2934719407009 126.015408967612
836 333.32295987560394 126.07502457411594
837 333.47241535296916 126.22601454106447
838 334.28282078630997 125.32656705476957
839 334.4572361568544 125.39819962998328
840 334.55314657643476 125.40809113796588
841 334.51869270856525 125.27216890920991
842 334.69494808165746 125.44625243417335
843 334.6583292423656 125.43826996433909
844 335.0436132527986 125.21895724497061
845 335.0535067083529 125.45129468263293
846 335.31970063801174 125.29692648158334
847 338.93649660074107 123.9954277971185
848 338.91840695040105 123.96196450325293
849 338.8606617422806 124.01091152778267
850 339.019124382511 123.98110453410783
851 338.65339912350794 123.63628915919779
852 334.79625017452855 121.00794745138747
853 335.2316441946937 120.96729788877715
854 335.1187548248436 120.98675426439092
855 335.29338440206953 120.9108236080261
856 335.56649101161025 120.74480371598378
857 335.763437073755 120.75525716030903
858 330.9926131475221 121.14834653896675
859 331.06325512132435 121.12580882852365
860 336.0459357598737 120.26877364835246
861 336.08067932232893 120.3530734323965
862 336.202368546972 120.04777906050192
863 336.2332296739554 120.11358768647214
864 336.4403110749018 119.99384024945616
865 336.4689146966946 119.91108556868981
866 333.82175113482333 117.52169117442637
867 334.18490020478697 117.19413976383815
868 334.4028961103177 117.11441836601453
869 335.29337824557274 116.95392394345639
870 335.54383760741587 116.66895452305134
871 335.49567169866253 116.43005092040146
872 336.7402935208765 114.18207299062217
873 336.99742683754795 114.00883558060646
874 340.4054384102885 115.35849437555751
875 340.4125027361061 115.51927698742226
876 335.23729610300586 118.34187022612396
877 335.40530225562816 118.56351105572142
878 335.57013244987263 118.37674844595759
879 335.58679150436785 118.47628631135719
880 335.8102997445439 118.10804421610928
881 336.596295191753 115.68498466482568
882 336.7173271764528 115.56470739068409
883 336.7726204594872 115.59525364442254
884 329.0855627545714 111.47429849199207
885 329.1235011228883 111.6159579795694
886 337.05210074777733 115.16204427157778
887 337.48185190283726 115.51311441297747
888 337.12748352196746 116.17878918141044
889 337.4422913316504 116.07069081308923
890 337.4769581921424 115.93713663105322
891 339.0848652951196 118.27347721221507
892 339.4362010767606 117.96866384050746
893 339.47106585343084 118.10278853860599
894 340.25747933714734 118.45122284011416
895 340.3873259500518 118.39590969967671
896 340.40971664416884 118.29579691119237
897 340.2095873847969 117.74008232418153
898 340.4025831366508 117.74077927659266
899 340.48667873709326 117.62809301017658
900 342.9816710589626 119.7241061320651
901 342.9324593802296 119.5533061542465
902 342.968054599377 119.4372166993996
903 343.17299038181403 119.72023681389645
904 343.1965802280358 119.83587417404787
905 343.4218235549676 119.71921544227584
906 343.5886269528914 119.35403239290174
907 343.6130173462137 119.45117000605066
908 343.95800104947193 119.36287292031191
909 345.0729827398127 118.39500851554098
910 345.2837730252048 118.09809143369931
911 345.548304428183 118.19757990096527
912 348.9621030977225 120.01829523103157
913 348.9661152522432 120.00687446349994
914 350.1748059377833 118.59896623381529
915 350.4648862675327 118.41218965644343
916 350.6097763979545 118.10342541860186
917 350.79797679064256 118.06971798447987
918 350.70789800441275 118.02865847783298
919 351.0756243191757 118.08220175144467
920 351.0021245431721 117.8902343469601
921 350.91244676271276 117.98540447090168
922 346.0493997261286 118.01421087853225
923 346.00731644527514 118.1392909566534
924 345.93400336405614 118.14767583077715
925 339.5482105278781 118.02185905634825
926 339.68750258860223 117.81033054999995
927 339.8334800765968 117.86625539817268
928 339.7860658798624 117.88130442226426
929 339.95859392839674 118.09099847910845
930 339.0076722330291 118.87499980156629
931 339.3214989889628 118.64141486201974
932 338.71008747866335 118.128399098142
933 338.94256820033195 118.24682704430623
934 337.5151368452527 120.43352959195725
935 344.50241116715625 120.38931283612158
936 344.6831503199368 120.235969360367
937 344.72456381586755 120.17281578141036
938 344.94997886959436 120.02211435044812
939 344.88006103448294 120.09765721123787
940 345.05331597172335 119.95576785355071
941 345.1595141495648 119.87642001365533
942 345.02412590085015 119.96483487063684
943 345.24676031803665 119.90365460123715
944 345.33115263219867 119.63738152443462
945 345.28909193130727 119.63156902191879
946 351.6969641331093 120.31687076689718
947 343.24742524742396 119.16901463858177
948 343.3680788389913 119.06955149640957
949 343.6164921738739 119.09029124307777
950 343.6730953446429 119.08331410928109
951 343.460909275657 118.8954434247807
952 342.9879482106199 119.05186702909259
953 343.1546282393985 119.02295324195258
954 343.3827996496928 119.08897952943069
955 343.4768565587825 119.03460978113375
956 343.77548888848776 118.77679182025919
957 343.7974809955723 118.73028011222738
958 343.85215359069883 118.7107350933221
959 344.3676118854432 118.50330553400096
960 344.4817807598007 118.4727522844836
961 344.593408836227 118.66951804364481
962 344.83810119533985 118.13593666623173
963 339.8217162637378 116.20983627589115
964 340.0047481550293 116.39005660982885
965 340.12521221214706 116.03077480488419
966 339.5927041226489 115.90867686329572
967 339.7585650267226 115.85605079913381
968 335.98189419754476 118.52341631758159
969 352.349358229193 129.8233673317604
970 355.12337389441745 126.37137106464955
971 353.0151329912994 129.5850717054612
972 353.14041642946074 129.37208230933132
973 353.43013644441896 129.23380072195448
974 352.68328222092293 128.80913715120312
975 352.7976278101486 128.69233832496138
976 352.91775105204965 128.53526872645395
977 352.98886099745073 128.5075542403075
978 347.7333054110448 130.82004970537932
979 347.90821144779795 130.67674896564174
980 348.0362922092079 130.4101610110392
981 348.3847251675717 130.59880524467997
982 348.8020931529596 130.25061373462765
983 348.8798229785729 130.17317760763137
984 348.96325127598004 130.03038267301739
985 349.1458035665298 129.87401163458648
986 349.33985375954467 129.8677776140205
987 348.4084053701988 128.4365616723702
988 348.5644428306838 128.27154637688727
989 349.2873201788188 128.10166901759467
990 349.498299454869 127.98242149125807
991 349.4922610318128 128.10899760516006
992 349.7763606274458 127.75679968287466
993 349.7884253021783 127.9206777283167
994 349.94294320903157 127.78944369567797
995 350.0826119586745 127.65489165821621
996 350.647862613636 127.1313554722169
997 357.52840221522 129.07556570931746
998 360.06487566412517 125.12818201295141
999 360.2952641126252 125.00969384878229
1000 360.2554769368501 125.08702013930298
1001 360.52954110018345 125.0442665858656
1002 360.43812293864045 125.11982215145878
1003 360.6445804448642 125.011536427589
1004 360.7058186117925 124.81664168954036
1005 360.6863322105473 124.95523357933331
1006 360.8541372634634 124.8840920441737
1007 361.00632167655846 124.7398464239905
1008 361.11862240280635 124.53771740388079
1009 361.14343499549346 124.63602592939583
1010 361.5342388625657 124.14053955685281
1011 360.7815174373984 124.47874130083116
1012 360.96938853533015 124.42602348451346
1013 361.1886014035127 124.1726963761548
1014 360.6222707459214 124.81220234744805
1015 361.0057166122238 124.58694251986142
1016 360.93086728267207 124.56291254958111
1017 361.229085037924 124.1221438982265
1018 361.1408712323911 124.26282940782096
1019 361.28896170026877 123.97137017579595
1020 361.7910393320613 123.67667439701322
1021 361.8787415102622 123.61605116376728
1022 362.0294559231336 123.35151834682075
1023 361.95295821577946 123.43929516915843
1024 362.2986114548764 123.2279805085944
1025 362.5256047617403 123.04026237460063
1026 362.5589242732943 123.14946917952122
1027 360.78520344322686 119.26250223262777
1028 360.96182966947686 119.18483776101449
1029 360.9849592581431 118.96811740604358
1030 360.9929850379631 118.92637111651943
1031 361.34622655633655 118.4646510367094
1032 361.1634070954035 118.45758922112365
1033 361.2873488497828 118.23484109761618
1034 361.25825234934416 118.3301431822915
1035 361.3224863821022 118.21706895697962
1036 361.503006464423 118.12405388283437
1037 364.0858616876981 121.4036457174876
1038 364.09281103523324 121.25467128730938
1039 364.13800803531467 121.17113342761708
1040 364.33868477407 120.92683148166039
1041 364.3000431237707 121.00769505575086
1042 364.65483630904856 120.47067464964235
1043 368.66665920231975 123.61802062014824
1044 368.53281882503956 123.70667434996142
1045 364.95466711755296 119.9675914750547
1046 365.10087723882407 119.8341217510459
1047 365.1618842355105 119.76499843451867
1048 365.1292734252076 119.67443904935139
1049 365.21493857453515 119.5405655749927
1050 365.45244480850255 119.35839080543059
1051 365.5529245899287 119.29996260659854
1052 365.56795733060864 119.1192240599631
1053 365.8646425651388 118.88554749609523
1054 365.75267687527804 118.87956106633467
1055 366.09647758220115 118.59448233213364
1056 366.22402390759737 118.32540996092727
1057 366.27600845773236 118.21096655524978
1058 366.49824245798703 117.98600725465468
1059 366.6199251754204 117.77619460958215
1060 366.6335272800785 117.66759815169102
1061 366.70477726033556 117.607846878578
1062 366.9124028988775 117.3845406868783
1063 365.87198937064613 113.65213526226697
1064 365.7477161471201 113.70355920993808
1065 366.01895585457146 113.48440814292974
1066 366.13192843529635 113.203945243791
1067 366.2238010372347 113.08578580853236
1068 366.5374358399632 112.6384541548934
1069 362.5496052439316 109.524792327954
1070 362.75904438143186 109.43542372274386
1071 362.7535101848786 109.30629960857394
1072 363.11561565832847 108.84698344261572
1073 363.07429023953716 108.84270133107844
1074 357.0122898646138 109.6101468033429
1075 357.1846640742378 109.36976462651927
1076 366.83143502186397 106.72825830379563
1077 366.87647606524035 106.59105305576058
1078 367.08214259193437 106.43017447889272
1079 367.0034067740332 106.50374959238471
1080 367.11179681852593 106.32502935950804
1081 366.48097543930305 106.22667256412097
1082 366.44844171289293 106.16694336034121
1083 366.650476423774 106.07865421278362
1084 366.75100881929785 105.88448736957798
1085 366.75430783233685 105.70560421295515
1086 366.7306722977851 105.53072809798931
1087 366.37222471224777 105.35077761403147
1088 365.7700310509981 106.90507395931037
1089 363.7083566995933 108.13444313575489
1090 363.72481029628216 107.89779357493218
1091 363.715712661402 107.91527545459397
1092 363.92843917318834 107.66508228507628
1093 364.2216095920402 107.40759438371488
1094 364.0730226166624 107.48533751145526
1095 364.23708590011785 107.2629857296443
1096 364.1953481040476 107.15622883545291
1097 363.2435672642327 105.91029710103666
1098 377.5171479731754 113.47173757622663
1099 377.70353077439 113.16440576713397
1100 377.6352232188047 113.0283311073419
1101 381.7485051767207 110.3498522690239
1102 381.82900976109954 110.09656068904448
1103 381.8409283098453 110.15830453129149
1104 382.02723024580524 109.83795129120463
1105 382.0865835164378 109.94375028155225
1106 382.07896494586237 109.84404373477223
1107 382.22639135359555 109.60765835942809
1108 382.48634474710843 109.45879807782677
1109 382.560537805174 109.36575838082256
1110 382.4702385149464 109.44239915419797
1111 382.56856230147747 109.1669811395848
1112 382.5843343731138 109.0801165004784
1113 382.50794549565154 109.05830434122048
1114 382.5603775635437 109.06789825666424
1115 382.5305022440804 109.03148330651344
1116 382.81823354760365 108.7980170310901
1117 382.78807191570104 108.75715483597284
1118 382.97274286931025 108.53053667779555
1119 383.1837171240801 108.39562212013546
1120 383.19599053921394 108.37918802010086
1121 383.25882151895394 108.180530745592
1122 383.3314767987775 108.10814902077702
1123 383.30368053634004 108.15267653015275
1124 383.57858783383006 107.90254733363776
1125 383.62539778958075 107.8235301233307
1126 383.68542438552123 107.76051475786934
1127 383.99015831878546 107.4317171772581
1128 384.2118852409377 107.22347253382833
1129 384.10990546228453 107.26334941932852
1130 384.56757686645005 106.82854277990276
1131 384.46660026880954 106.92435819774617
1132 387.9992940961065 108.67582068317171
1133 388.04564447956517 108.57558279805647
1134 387.36834991310565 108.32720683505254
1135 387.37315647030897 108.20499170118015
1136 387.2785509792925 108.19710950629818
1137 390.1291318438019 111.09356179513453
1138 390.06015407481846 110.9952624760829
1139 390.2321618583245 110.70878510815679
1140 390.3032788291653 110.68470272371043
1141 390.2881101757791 110.5978160042649
1142 390.4157326657148 110.55709820686458
1143 390.41841291363585 110.39956983666522
1144 390.51468879391865 110.29265611586494
1145 390.45686805046637 110.2124429187401
1146 390.64862697798236 110.12547383650876
1147 390.822071456004 109.933424219264
1148 390.6919435190918 110.06397193480373
1149 390.8213999122891 109.93460372279142
1150 391.008574782872 109.65556492727802
1151 390.9268907475028 109.73404720486745
1152 391.0945150146916 109.43659031612975
1153 391.1728021672174 109.43827656487535
1154 391.28860599190523 109.33107288972015
1155 391.5510849757673 109.16609992337015
1156 391.60761650992197 109.07660147757316
1157 391.68441385441025 109.09312867379316
1158 391.78651160405275 108.9701418627055
1159 391.8332836139612 109.03745742392549
1160 391.81436145396805 108.93930514083787
1161 391.644774518092 109.1535840587094
1162 391.66482962045467 109.08060646919442
1163 391.972150683979 108.85758562049602
1164 391.99853264603536 108.7581188867116
1165 391.64745408398926 109.17854532104768
1166 391.7077628985672 109.35496909615675
1167 391.42865201512325 109.73332421368383
1168 372.14186999454955 129.82230572179907
1169 373.8698471650552 131.19151541239734
1170 373.8190927125512 131.24823437650295
1171 373.92382319335326 131.23837636711184
1172 373.9148116776942 131.3364293929093
1173 374.00252311905365 131.51303041568312
1174 374.1308806117676 131.4571124611773
1175 374.3829653891459 131.33660913723043
1176 374.0257783156942 131.16138260676084
1177 374.0452134107708 131.20772606995956
1178 384.7707913021276 133.47355481328555
1179 384.84231418042054 133.50056636801207
1180 392.13559365241804 129.2255188623987
1181 392.3814640176682 129.08964770811878
1182 392.6587971810133 128.9167161659894
1183 392.4875514739789 129.10584434781805
1184 392.62728865976 129.00991015020662
1185 392.57269062652165 128.9767652566629
1186 392.66163318922906 128.98035494112986
1187 392.15974988873717 128.72970055691982
1188 403.00491908594046 125.77935800022644
1189 418.60607145238225 124.44602184520222
1190 418.6560086262727 124.46556696125413
1191 418.89471433276026 124.30971583432071
1192 418.7111152341384 124.37544495450862
1193 405.60182418651243 130.78520626980807
1194 405.5416486946274 130.833106628722
1195 405.5850369645638 130.87979301906512
1196 405.6500311192724 130.92824319926908
1197 399.31246535109983 133.07319546227492
1198 395.68481515455227 132.0098524244948
1199 395.67647919430965 132.1429166863583
1200 395.6025048740576 132.15956515027074
1201 395.451490313475 131.91021780220746
1202 395.40504938488306 131.99064126728857
1203 395.4252984106464 132.04064986466386
1204 395.4058243140258 132.0088935514121
1205 395.542810751317 132.04801881298573
1206 395.5641417089768 132.0733246269814
1207 395.4486151443574 132.17861198058617
1208 395.35771377313154 132.25958048441163
1209 395.52099319695236 132.21241881509332
1210 395.65683247897226 132.2477841713936
1211 393.91455857214817 132.94412903461443
1212 393.92629744930053 132.95822872020963
1213 387.28540848274855 131.26086057503187
1214 388.3633863663774 130.85099623444984
1215 388.2934129334188 130.87682656212613
1216 388.2418029550696 130.96768750370836
1217 388.00759749397366 131.09707637744293
1218 387.87017474403723 131.2355433517914
1219 388.017930604681 131.28425072424204
1220 387.8515210818661 131.35909099375493
1221 388.02643838051404 131.38528907109747
1222 388.1094874805412 131.41215974704136
1223 388.1905482181021 131.45576672038635
1224 388.2878521352509 131.43404211880653
1225 388.2914611965792 131.46450284632098
1226 388.4466497052707 131.45961579085542
1227 387.37600987502253 132.22201697662598
1228 387.3833097000642 132.28368040904965
1229 387.2824219204003 132.38843443443986
1230 387.15535461726404 132.438029454526
1231 386.9956321889225 132.5848363919107
1232 380.69903329360386 134.59529436355137
1233 380.6724180035251 134.67626470360872
1234 380.7286737748654 139.51757280547974
1235 380.7345428564225 139.57042972162773
1236 380.6490137288693 139.6966260379255
1237 380.56963265585165 139.81650471397043
1238 380.4949508407222 139.88433541812125
1239 380.2925435527233 139.95636237704375
1240 380.0345320449382 140.05556401239926
1241 379.9976475723102 140.18006529777188
1242 380.00248983172315 140.21326324340112
1243 379.9053936545862 140.29211218812657
1244 379.4349042942342 140.52667647588527
1245 379.35964344551087 140.55973114903824
1246 379.3710503545396 140.58995951652565
1247 379.32039107841257 140.6178133001557
1248 379.199080602173 140.66173601047836
1249 379.03489654801376 140.75363990113385
1250 378.77843019229886 140.89527741502212
1251 378.5466404196447 140.99772462540918
1252 378.47928282595154 141.0554307139446
1253 378.24750835613605 141.22181054269814
1254 378.17077830745706 141.28897392775207
1255 378.2413422166577 141.32361123824796
1256 378.22499621739377 141.38909721174207
1257 378.3175194161981 141.39286226107637
1258 378.1030262603693 141.50593305605653
1259 378.0184501689253 141.55145694732437
1260 380.42531116082347 137.1333680718219
1261 380.44979205672456 137.126948101964
1262 380.4550900900409 137.2554162060981
1263 380.3874180704518 137.33869647554368
1264 380.0078397892979 137.50187002143
1265 380.01003120556146 137.60072452515666
1266 379.8139014256275 137.7523113331602
1267 379.79979489077397 137.8277134917364
1268 380.456489642325 136.32450473404114
1269 387.8122861361868 135.90326291073615
1270 390.5316633780027 134.18822678118215
1271 390.33938861099705 134.37311694504825
1272 390.4233035150642 134.44736248498734
1273 390.2834073302259 134.61900211409713
1274 390.2893625890526 134.67925569654923
1275 390.1553739341151 134.8203411015655
1276 389.9928914739232 134.95786194067122
1277 390.21648338516974 134.86543467795826
1278 389.85864199882246 134.6913112853845
1279 389.98593015153745 134.63105431348225
1280 389.9333724567838 134.75909784159458
1281 390.6985825902366 134.6748922012778
1282 390.51408342532346 134.8785728874774
1283 390.4939166984902 134.8965288868847
1284 390.4240494439422 134.93825117837676
1285 390.3510154712333 135.01608224085396
1286 390.03675773020495 135.23196677753694
1287 386.5344787277291 139.81972084452912
1288 386.6489010944199 139.83398188552908
1289 386.9406251941356 139.84516456779113
1290 386.9662347460247 139.91090151535752
1291 386.94367750492495 139.99006503470483
1292 386.928827635182 140.0785214974262
1293 387.0295073877244 140.13521002944094
1294 387.06671775107384 140.12700136372337
1295 386.97964442334893 140.22352462576927
1296 372.4187379210029 145.05767266612008
1297 361.61224566829753 145.02644700345766
1298 366.92972027903687 141.81007103707398
1299 366.9874572581135 141.8651726192312
1300 367.0773975821615 141.94101295493292
1301 365.555411337792 140.72523309441354
1302 365.54218060764197 140.7847127120121
1303 365.7157226602053 140.75236914201534
1304 365.7721520377386 140.78042000247325
1305 365.8848508970103 140.7794886255793
1306 366.032011306727 140.84144332711253
1307 365.98355763954345 140.9596795107977
1308 366.1151641606581 140.9967147769077
1309 366.0326817221843 141.04308405771596
1310 366.0070153665474 141.14773221821952
1311 370.0030511919443 145.7102061913097
1312 375.24334322702566 150.55291855005711
1313 373.8041427679834 151.3895099290677
1314 373.83616191811103 151.39502840208453
1315 373.89588619383215 151.44969689942317
1316 373.990126914624 151.51070367753292
1317 373.83185979253454 151.5766680665096
1318 373.9395893960902 151.61869537523776
1319 399.2014506627856 131.94406364022475
1320 399.3480946251395 132.0136822462945
1321 399.309236926238 132.0914017395629
1322 399.3964495980415 132.08776408392427
1323 399.277937139459 132.181776933532
1324 399.40882811911956 132.16898689710328
1325 399.3369932703341 132.1911681341023
1326 399.4195655618272 132.26654475680377
1327 399.48751131393334 132.33520688279725
1328 399.6456127960324 132.3437038546338
1329 399.55575909026624 132.41936594863628
1330 399.7018552366475 132.52568300094092
1331 399.8301863332475 132.60072188794942
1332 399.7937922979643 132.6359090177503
1333 399.81649174651426 132.72275067778978
1334 399.9235238331519 132.75252626594605
1335 399.71336370887894 132.88319140467482
1336 399.8022641723503 132.9113534349993
1337 399.8287327143334 133.01788581515763
1338 399.8539674337495 133.1154475812096
1339 399.92070974349974 133.19915244831242
1340 400.04454922162455 133.24384670818372
1341 400.02914610259216 133.30818221359533
1342 400.0489904296013 133.32432088319527
1343 400.1783600881843 133.34442500084953
1344 400.3589343684373 133.4092096795209
1345 400.1772021869685 133.5214806501287
1346 400.1913469630251 133.52665381733738
1347 400.1052889448512 133.6057659542578
1348 400.0881485465661 133.6544707422478
1349 400.11552291437874 133.71781612905139
1350 400.1204301559228 133.839243607844
1351 400.25921066242626 133.91717609010448
1352 400.3292056015336 133.92507524954038
1353 415.99888140949406 138.43036974881136
1354 415.9738458817194 138.58308498963464
1355 416.2415310835534 138.56152723104842
1356 416.14518878720537 138.7275413982722
1357 416.273727106711 138.6925291974246
1358 416.43098392706844 138.73334314951072
1359 416.41944591759716 138.81902777054134
1360 416.5771017452219 138.87699714737758
1361 416.625458931218 138.90794088458102
1362 416.4685376813565 139.05104958114507
1363 416.5526550586685 139.07372246783476
1364 416.541314572313 139.18471578913923
1365 416.68420657687966 139.2065046581889
1366 416.61478058357767 139.38836838550105
1367 416.6585196137524 139.3937518953829
1368 416.63603053124285 139.49259327472618
1369 419.2892113269136 143.26149927444314
1370 419.3024077739862 143.2764425507901
1371 423.1345885046549 139.80353222823672
1372 423.31586855386394 139.75812309810846
1373 423.34253289018193 139.78874504911403
1374 423.61491696561484 139.7009580445851
1375 423.5516859114016 139.82538594477487
1376 423.62574458113903 139.80537373005168
1377 423.8855923099266 139.6900649904962
1378 423.92211708735493 139.80124531425585
1379 424.0401687540434 139.77073558940876
1380 424.0413504631588 139.81026200580195
1381 428.8158659747836 145.0583051209099
1382 429.0491063927093 144.97986157236875
1383 428.88039586873043 145.02097091383595
1384 429.1237314677657 144.91696739034532
1385 429.22084304673007 144.98148293506273
1386 429.2996424841709 145.06218237715197
1387 429.3794637323894 145.112015623486
1388 429.57003789800075 145.13920238988132
1389 428.2078559836624 144.11364198070544
1390 428.2110868447043 144.1346531451328
1391 428.3605075740736 144.15940472364852
1392 428.4674168054386 144.05811500878667
1393 427.46162848848394 145.8356240438273
1394 427.5949891948241 145.88468621344893
1395 427.8519320149863 145.74482492803196
1396 428.6176840613623 144.29454373336966
1397 453.1230450900363 128.1633168150395
1398 447.10693584768524 131.0884062506789
1399 447.33973681996196 130.9615885124085
1400 447.3134767478834 131.11832973346097
1401 447.41009537114667 130.88254191723806
1402 447.40870252375987 130.899986730117
1403 447.5131476096059 130.90489625125022
1404 447.6256973866295 130.87786891738435
1405 447.75915442161386 130.72640232460762
1406 447.87615413294463 130.81401794832288
1407 448.04766494118593 130.66433807042253
1408 447.9649907488555 130.7916965552351
1409 448.04231887033 130.74839168973648
1410 448.14011975352 130.73885876709446
1411 448.20777563815017 130.65523902108146
1412 448.08521342728716 130.86182330856718
1413 445.680963184646 133.05239877897463
1414 445.74986894546254 132.91301110668394
1415 445.7452400477945 132.94300615540652
1416 445.6608098462505 133.05750646591298
1417 445.8019225154968 133.0076932044696
1418 445.7260042234849 133.06130430437054
1419 445.6043652758259 133.0346399454851
1420 445.7933113628116 132.8432975625314
1421 445.8388286226121 132.94058276535796
1422 445.74540292040166 133.01393482887354
1423 445.7823835767754 133.09051417588748
1424 445.91779159911164 132.97403777438
1425 446.0017586345795 132.9376276223671
1426 445.90011928695566 133.08962781808575
1427 446.0461095783967 132.96270666561358
1428 446.03134895805954 132.9707768993117
1429 446.2334366082474 132.7875213328749
1430 446.6613142363138 132.45481592264818
1431 446.79392436680325 132.41655514247273
1432 446.75738337936883 132.45377881680105
1433 446.8311934918752 132.34915476488223
1434 447.0553163050573 132.19329774283912
1435 446.9578162847477 132.2913107447798
1436 446.9023615054407 132.41348271970423
1437 446.9278339529099 132.39705995577
1438 447.00618027989094 132.39522875416966
1439 445.0153056245007 139.27804954116553
1440 445.05290337812494 139.3005227241555
1441 445.41252093653316 139.054939138929
1442 445.62505355600786 139.00029577047277
1443 445.5334077953773 139.101589825494
1444 445.7588175415719 138.9593758122905
1445 445.7323474827512 138.99677188453228
1446 445.69576212512095 138.92760001891207
1447 445.57397615053696 139.04697822652034
1448 445.417638923252 139.2174858841001
1449 445.4104387741157 139.27373058542986
1450 445.6505465902128 139.10920563751517
1451 445.2971767897473 139.3785129087031
1452 445.4648404024553 139.31712332294958
1453 444.20525102379827 138.3192005540452
1454 444.41154419285436 138.23257815178854
1455 444.3294334571544 138.3254992062368
1456 444.25387722035543 138.38674209350967
1457 443.9642157349432 138.6322442715431
1458 443.88427572411706 138.56815285618097
1459 443.8475572384337 138.5997126534247
1460 440.65515635341643 139.4805064267427
1461 440.73178072335526 139.38604198654903
1462 440.62472718916285 139.5986483762658
1463 440.61885837243796 139.7157533930735
1464 440.6698689188662 139.774274669986
1465 440.4033531097456 140.0448030837832
1466 440.58612583126404 139.9549634672261
1467 440.69965713784796 139.83260592942344
1468 441.03292623148303 139.63580801470226
1469 414.47241533128283 124.48295520979276
1470 414.66223566799925 124.45647118566067
1471 427.29476377137786 128.14075082097182
1472 427.2786830067475 128.13856902416703
1473 427.1278397253839 128.16410811793634
1474 427.3452618737845 127.97752971587947
1475 427.3412419279678 127.98430085172394
1476 427.6215077793136 127.80784831014347
1477 427.9107544132421 127.67615970650617
1478 425.86470582541233 125.87139082017904
1479 425.88349958002226 125.84985658426034
1480 426.2055147500028 125.59948373399092
1481 426.254740002269 125.65058873445612
1482 426.1771014864108 125.63911470180041
1483 426.58032578444784 125.50341002658105
1484 426.49025151909336 125.5793766473233
1485 426.8331861799239 125.42173630108444
1486 426.7950299136049 125.40870363199275
1487 427.0239150719434 125.26199306935469
1488 427.00758334889014 125.30822962110798
1489 427.2823468771931 125.20122625798275
1490 427.2815296024383 125.15999422875684
1491 427.2216125395112 125.18501893706876
1492 427.22412092697806 125.14575676118186
1493 427.6029650710379 124.96845875352854
1494 427.64398656352824 124.94426092432323
1495 427.6123878193296 125.00601873438119
1496 426.25790706220425 127.92251489194356
1497 426.2788805666592 127.90397720279539
1498 425.4615369949403 127.70382990229429
1499 425.73631846963457 127.62891495219351
1500 425.6908506712845 127.65864333739167
1501 425.91059363143864 127.58182579514504
1502 425.8567933835203 127.62473823938153
1503 425.7595146625673 127.68545262313455
1504 426.1416866495228 127.62240773198384
1505 426.1569586596568 127.70231210963746
1506 426.1923163887723 127.71141903434861
1507 426.18380440166794 127.75656327000266
1508 426.48038680266245 127.61717234960497
1509 426.39479885757993 127.63948081054932
1510 426.6868576707023 127.56868006747922
1511 426.62086894663764 127.56667192738868
1512 426.82010118695587 127.44468084684449
1513 425.76839558677204 127.85689194570617
1514 426.04852129073015 127.78994544509878
1515 426.0268741706124 127.72812953428748
1516 425.9859064577516 127.59709957830125
1517 425.80690287161934 127.51735630687253
1518 425.735585317443 127.50605867870443
1519 425.6908553219728 127.52954523071558
1520 425.9466791203623 127.48584638078984
1521 425.8742363346074 127.531734319703
1522 426.18976961530734 127.40059030078619
1523 426.13102171439505 127.49247251219758
1524 426.413410138873 127.36391677774947
1525 426.3360573763144 127.40540448076418
1526 426.2466209416407 127.40290085122952
1527 426.11284489241115 127.39032410931613
1528 426.07829677770104 127.39913988683794
1529 426.29030755094107 127.26425598828175
1530 426.400803633324 127.131580853104
1531 426.22483664354684 127.0894172312775
1532 426.50880359379465 126.95896840950032
1533 426.44234167022995 126.98606905836789
1534 426.4461123765285 126.9762454967939
1535 426.71027677475956 126.87821054756468
1536 426.53022254157577 126.86196119792793
1537 426.4981303531037 126.88036628271729
1538 426.78348662392534 126.81519140722486
1539 426.7261615897446 126.81456039622292
1540 426.5873780110986 126.78188719876849
1541 426.5484286877357 126.8263376357767
1542 426.77493196839157 126.66790617988796
1543 427.03366435086656 126.57614977452789
1544 427.06938686284235 126.64130159257206
1545 427.2110016204453 126.57079593158538
1546 427.16622291272444 126.57125740707284
1547 427.0963163147465 126.54913429017446
1548 427.41906483464305 126.43725946798337
1549 427.3641096607953 126.3876337082363
1550 427.40092540862645 126.35590457580436
1551 427.2794732392047 126.36631706079221
1552 427.5446633423739 126.27724169722013
1553 425.6243128409268 124.1048840760369
1554 425.96768317787 123.94069434842424
1555 426.28489445657067 123.85096754065857
1556 426.22432232234553 123.90582067677697
1557 426.19297329062107 124.01981898885624
1558 426.09021584532445 124.02722370739144
1559 426.35406749750916 123.98897357392394
1560 425.15426842497294 124.38752947718613
1561 425.1179346518076 124.47439746400752
1562 425.05387000116065 124.57424185798571
1563 425.30073488376627 124.4909099181796
1564 425.29321314220334 124.4288569891534
1565 425.48512293997067 124.31055191542903
1566 425.5087538334797 124.36585685242835
1567 425.8400583754995 124.36896645960395
1568 425.82563334207873 124.37651323341925
1569 425.78337435968723 124.3590238838141
1570 425.7326965977322 124.40215100311099
1571 425.7334160355837 124.34709723155335
1572 425.99481302943724 124.29289110297235
1573 425.96845604051197 124.34865726207249
1574 425.91040389451683 124.28680653726137
1575 426.184322182165 124.18635031346423
1576 426.19758882411463 124.13771043315832
1577 426.4080164053294 124.12048139032926
1578 425.6075807164162 123.34986518595416
1579 425.5836054690094 123.41301548685996
1580 425.85514560153996 123.46282170493699
1581 425.8998895128642 123.52555120478144
1582 425.77439985014126 123.57284188753908
1583 425.6379875056977 123.54106803567885
1584 425.96765505693486 123.53717987400091
1585 425.98542514155054 123.55886254265769
1586 426.19326129030395 123.51063824428158
1587 426.1767408114632 123.5468408999153
1588 426.46636108607015 123.61280052140162
1589 424.9799452305068 123.06299101486866
1590 425.2671710411784 123.04123588475966
1591 425.21741202738406 123.13029192112398
1592 425.07771114989856 123.16731140416881
1593 424.994989854254 123.130637748394
1594 424.89952158166244 123.18724444966276
1595 425.1729632144183 123.25092532711226
1596 426.596913707052 120.07791978794282
1597 426.4463995043913 120.11585847279312
1598 425.40296832100455 120.04614616944053
1599 425.2132356506593 120.08866411821693
1600 425.2505107126136 120.10758635806182
1601 425.45333813899873 120.16488730283724
1602 425.35282131982336 120.24964683642449
1603 425.26739615694265 120.20891423156418
1604 425.18852058239764 120.1929607569174
1605 425.4850021879226 120.20721676418054
1606 425.3880068009267 120.2068041732951
1607 425.69646790556266 120.19452029090978
1608 425.5667658390062 120.25740574714791
1609 425.33905498081725 120.25985602875383
1610 425.316768101275 120.2030043663563
1611 425.5956963204352 120.24248497876081
1612 425.5218208319499 120.27489843491728
1613 426.42767861368156 120.45743094941439
1614 426.36205790118686 120.419943451759
1615 426.3482583360249 120.4704485537192
1616 426.26710217572537 120.44624544707197
1617 426.59218891031736 120.52518541502086
1618 426.491987221104 120.5213799694049
1619 426.79827942016226 120.63096507043421
1620 427.0857164127184 120.67994436825434
1621 427.37718497421235 120.77223061619736
1622 427.73965295333153 120.92005168762346
1623 427.68187727896776 120.91464979181141
1624 427.46529587204543 120.89210696655682
1625 427.3375779026781 120.88930041093282
1626 427.2166693879294 120.96270591719697
1627 427.1852801255367 121.0124208145803
1628 427.122466979533 121.01832616046339
1629 427.04303417361234 121.00440524967235
1630 427.3528425668407 121.05344796210183
1631 427.2338632091286 121.0442767014098
1632 427.12445506723265 121.08948464053394
1633 427.11776017494765 121.126716702803
1634 427.00259963105105 121.1161948548113
1635 426.9321525693629 121.15489767062573
1636 426.8515500861664 121.18877511359197
1637 427.2113585736285 121.2548219404866
1638 427.1944226055411 121.24803739283321
1639 427.07682671149695 121.2953796132683
1640 427.3828413279399 121.43849719668981
1641 427.3010980661992 121.528458914658
1642 427.6115228662873 121.6658986474232
1643 427.87428737764145 121.76204052630709
1644 428.21949819793286 121.93050790028143
1645 428.20127305655024 121.88008569313293
1646 428.1175317728079 121.89693100834508
1647 428.39330604570387 122.0453540223279
1648 428.29455402948713 122.02016566609004
1649 428.1905021082095 122.08456850498571
1650 428.4762894670738 122.2447053748162
1651 428.36637882280183 122.27899648779655
1652 428.2837819012855 122.28150007795794
1653 428.4989094469468 122.718919580524
1654 428.4491579964353 122.63358167181582
1655 409.743985057089 123.02216081854516
1656 409.74621058614366 123.03848831746114
1657 409.6550840370571 123.05232882073321
1658 409.51667886817967 123.08023480406179
1659 409.37491171062237 123.04256313730019
1660 409.1408887392954 123.57414488873115
1661 409.062888492515 123.55291370232575
1662 409.41762461391977 123.90679469853471
1663 409.7566556401861 124.17050866621531
1664 409.6859572526625 124.24719052948791
1665 410.0466661184018 124.60798285724636
1666 410.0125605605501 124.55792740733511
1667 410.2427581597597 124.86496755816849
1668 410.13697188610087 124.87850548139545
1669 410.06357435225914 124.91099939338619
1670 409.9092930783118 125.02726494610049
1671 410.1983055831349 125.34193266621507
1672 410.1621743440343 125.44744582842164
1673 410.0383619123177 125.53392820431584
1674 409.9375086574052 125.57230729622273
1675 409.8791733477133 125.6209785362043
1676 409.81791980250796 125.75283578656689
1677 410.1389499342804 126.12474845601719
1678 409.56214869169895 125.81025781914472
1679 409.83980333726146 126.13692485581628
1680 409.72045773581414 126.25811791574925
1681 409.6439034906361 126.27047820673161
1682 410.0548520350655 126.62488024774828
1683 391.51024188650433 131.18118814289545
1684 391.3685444742435 131.2334543104765
1685 391.270533207222 131.2002897420726
1686 391.1767278895899 131.21506452516783
1687 390.98822655746363 131.17203487770914
1688 390.8489830432351 131.1929872306386
1689 379.1972965754447 144.4854502222518
1690 379.20142914537723 144.5042204370446
1691 379.18837671082525 144.56744144614396
1692 379.1621118851259 144.4964557053398
1693 379.0974740492717 144.54380716147108
1694 379.0552930278143 144.5412871405416
1695 378.9101550993669 144.59964215313366
1696 376.74160973635014 147.6487114658837
1697 376.6739375091697 147.71596501726452
1698 377.72020818278736 148.11919303818487
1699 377.60050374668896 148.12013123156026
1700 377.46031450801536 148.03247085669432
1701 377.30759945836485 148.04491820596894
1702 377.19167063227405 148.03647272750698
1703 377.1820484594748 148.14901747449102
1704 377.0802495933712 148.1904802843975
1705 376.87582140523614 148.18516908895305
1706 376.8377016553251 148.28015387613965
1707 376.59479704287276 148.19840328081483
1708 376.58959264722193 148.27048337177888
1709 376.507615884146 148.24633608692326
1710 376.44513315965645 148.43993423448416
1711 376.3969024503713 148.50307366909027
1712 376.29775219471856 148.46148441059506
1713 376.25983611850296 148.44388275779744
1714 376.1132150000509 148.48276431086663
1715 375.97131983396787 148.65896844141616
1716 375.90302652457166 148.70619361086946
1717 310.08598358691637 110.66127982160788
1718 310.0771016958067 110.64033369049659
1719 309.97958071804516 110.65910278061664
1720 310.0101179849982 110.62894068724874
1721 309.8094028918612 110.67864093665095
1722 309.7410958944026 110.54510519815899
1723 309.6195985943114 110.5533362573038
1724 309.6365027041997 110.55470969557834
1725 309.42192573451035 110.40564161103697
1726 309.2867834590539 110.43451143336583
1727 309.1437898098665 110.40026335791198
1728 308.9418777913436 110.46800721413886
1729 308.80359499308656 110.52260219385288
1730 308.6951879588642 110.64250489188494
1731 308.5344372182594 110.6967906517927
1732 308.4382174397131 110.59324273375834
1733 308.2268102629088 110.54220477062381
1734 308.1138740830876 110.58906836411137
1735 308.02625199442855 110.51264144794294
1736 307.8572287067202 110.49275361335583
1737 307.82251312174196 110.567593518202
1738 307.6847560365284 110.4433794236364
1739 307.47153113880273 110.42635864309513
1740 307.3104628594637 110.33346656810818
1741 307.0964993220793 110.380562311314
1742 307.0014866504393 110.4768468957729
1743 306.8410156282948 110.46743633565706
1744 306.7845546335515 110.46173528597963
1745 306.584058899127 110.44129208867595
1746 306.54145791678053 110.40970965994917
1747 306.45737063793035 110.42991964153494
1748 306.3850414879983 110.40170984927242
1749 306.26564011809813 110.35902274471961
1750 306.0202565630841 110.29210226451119
1751 305.9329154164778 110.2941577144453
1752 305.8529279304386 110.25931595646563
1753 305.79133307183884 110.24612861945778
1754 305.7299533126988 110.28446918634897
1755 305.87908233081606 110.32855417245837
1756 305.77298001459894 110.25879188700686
1757 305.5902424562251 110.18288051641963
1758 305.4494645411874 110.17269392910083
1759 305.3084307998163 110.19787059599697
1760 298.6106359854966 134.47633983942694
1761 298.60719403034057 134.41088630107723
1762 298.72242469035643 134.3896779835418
1763 298.62894201320444 134.39102476548578
1764 298.66905416174717 134.4386042868113
1765 298.8313982245727 134.4836864258205
1766 298.7694398495853 134.47355338268326
1767 298.6476034091315 134.52351022536266
1768 298.6059038973694 134.4669138651118
1769 298.57179354971015 134.41831913413117
1770 298.5098797146906 134.35698913385977
1771 298.6022893056939 134.26501524136705
1772 298.47271413322335 134.18902762590582
1773 298.58547628588053 134.23645641271955
1774 298.627054007212 134.33403858259547
1775 298.6150162078909 134.48296715460052
1776 298.7359598804443 134.48952573792496
1777 298.70804788327206 134.55140900368792
1778 298.8314824498936 134.56811725303265
1779 298.8695231089529 134.5637410485507
1780 298.953852109731 134.70589812159
1781 298.88356974787456 134.73061450669363
1782 299.043818749672 134.82589052528044
1783 299.0644419945622 134.82387349677717
1784 299.22004251828423 134.78045921776663
1785 299.1885887759768 134.5263574126372
1786 299.18977214958403 134.72799981062224
1787 299.2055497704297 134.77779448890684
1788 299.28181966045025 134.71268477592685
1789 299.2808540157367 134.69008917793207
1790 299.2261643066741 134.57856468212893
1791 299.23964481731383 134.62667168820514
1792 299.380861292753 134.7219246119649
1793 299.2774770001995 134.68930260136446
1794 299.21721403935317 134.73403041534385
1795 299.2737741792998 134.81976966755414
1796 434.37682614795165 0.0
1797 434.2469851161746 0.0
