# x y dy
1500 486.4885550128301 172.63830270671676
1501 488.77309447035384 172.87622720581587
1502 490.98368532223134 171.30578787834747
1503 491.23108295615964 171.4578642435986
1504 492.1029296060667 172.44508821579961
1505 492.2871041160211 172.62252701358338
1506 492.7436162462543 172.85875701519024
1507 493.10390474488895 173.15836886821074
1508 493.49313962644965 173.37978569120574
1509 493.81129774049884 173.59036545132335
1510 494.1867744382536 173.92738102033925
1511 494.3776668468059 174.0356635115503
1512 492.7283099428372 174.44798648288545
1513 493.6674493307824 173.60937334752214
1514 494.0718253424408 173.78234522171707
1515 494.4249010763352 174.06094898778554
1516 494.768516663182 174.2373575194323
1517 495.00101804029623 174.3664651706879
1518 495.38446296320797 174.61495544015463
1519 495.6548344190733 174.8049076577835
1520 495.9663247064302 175.09296599687576
1521 496.2026929063549 175.37562852130222
1522 496.5680188122986 175.63305719403385
1523 496.6751744233321 175.7560905915328
1524 501.2397229296007 179.5391637223196
1525 501.39720269862374 179.68065117855943
1526 501.74175873078156 180.00501713763728
1527 502.05012264451364 180.17002398618783
1528 502.312299419478 180.37055460686184
1529 502.6560828015264 180.57560978695125
1530 503.0677915499357 181.0290742590228
1531 503.29905829631394 181.22160616762048
1532 501.3802123925948 181.59185250609033
1533 501.5503296917253 181.79837930424858
1534 502.95234004180946 182.64407500697357
1535 503.1614395106862 182.7948555094015
1536 503.45108144441696 183.10520201221414
1537 503.8398033568565 183.43045690169902
1538 504.1158183909416 183.76682052330372
1539 504.4065399455887 183.9017431642549
1540 504.6950496657004 184.2152287936652
1541 504.8744769517643 184.43599935630894
1542 505.1723647690124 184.74197217259902
1543 505.4708877418254 185.07693964155126
1544 505.6619661307578 185.28753710991842
1545 505.9391606649259 185.58790395835746
1546 506.1416851466899 185.7401174425896
1547 506.3965367715651 186.07556479129423
1548 506.6741515659277 186.42118302838688
1549 506.90598159258843 186.7435253052259
1550 507.10314343593325 187.06446554680358
1551 507.4663763655938 187.38096467189092
1552 507.59528280379055 187.72266199878896
1553 507.8929577802703 188.07251999676444
1554 508.27987235766057 188.5088226737027
1555 508.4550689874561 188.738762722044
1556 508.764248285156 189.09999484775483
1557 509.3797974034101 188.5942400602746
1558 509.5760998221904 188.959811930246
1559 509.7653682666625 189.2229923070569
1560 509.94601103240285 189.50355490580657
1561 510.31771946634115 189.96162364002367
1562 510.7326332584422 190.44079877437645
1563 508.34819776063284 191.66029134401276
1564 508.73268255204346 192.12149153698752
1565 509.1465607107112 192.54554944514862
1566 509.4315436335521 194.08059213807914
1567 509.7826482612793 194.4855218506005
1568 508.15442611748716 192.5693741279919
1569 508.376513219471 193.06687829017326
1570 508.06459673821024 193.10939142416925
1571 508.15886904804114 193.48328410130827
1572 508.43682475784846 193.88136217397485
1573 508.7240241145455 194.3968207516623
1574 511.72508836176337 194.6363783947669
1575 511.9885167003584 195.05765513617573
1576 512.2996275266688 195.5299053270394
1577 512.4668926770793 195.9892115050707
1578 512.6912282424577 196.36765875006174
1579 514.6391811622769 197.17210630832065
1580 515.0066537238868 197.68332286884288
1581 515.3654923657092 198.1812183131835
1582 515.637297358937 198.550815579426
1583 515.8387698846559 198.94461089814453
1584 516.1202204798694 199.42961822324574
1585 516.4037815439657 199.94669170647376
1586 516.8123118885763 200.29176221004667
1587 516.9992486620927 200.6715880840814
1588 517.233160992489 201.12081190921046
1589 517.5328470791318 201.5902113920506
1590 517.8162877971474 202.1182749838594
1591 518.141783015745 202.73240882644245
1592 518.4093657709226 203.2485893739359
1593 518.6978222284425 203.8125021340498
1594 519.001689180202 204.26476641633275
1595 519.2914485098197 204.93185525595922
1596 509.7344769714119 181.79005159960326
1597 508.3752786440497 182.61597657413787
1598 508.5778729573003 183.21079781186617
1599 510.46827257559113 183.09001449623915
1600 510.61068118523775 183.5774515801733
1601 510.92209517619153 184.06946844082387
1602 511.0577432369117 184.43607314925296
1603 511.31226246074624 184.92006552938372
1604 511.639405859217 185.5893538654042
1605 515.9196795721614 186.3520381888657
1606 516.0844741699459 186.74830762553864
1607 518.8077362563553 187.5684946585601
1608 520.043257741442 188.89157835217833
1609 520.2553041546482 189.33046550419243
1610 520.612280727705 189.99228860737082
1611 521.2393282412555 191.54716962465534
1612 521.4296239342717 192.0813240038684
1613 521.7179775677063 192.62224598469473
1614 521.9855789745774 193.11134481443227
1615 522.2814885447298 193.6374040398643
1616 522.4812377239211 194.1996829846157
1617 522.7869105951299 194.78912006888024
1618 523.0384007102965 195.20058069542398
1619 523.2870176464517 195.69214243400168
1620 523.532745674821 196.1777248086926
1621 515.9620451509865 186.06334049258808
1622 515.4837279672322 187.499964284065
1623 515.5579001068602 187.7941563151037
1624 513.5639328296016 187.40626241949693
1625 513.692196921658 187.62652192617688
1626 508.1639529507922 170.0508847256243
1627 508.2046636064289 170.18647184531739
1628 504.62592729300167 168.11687781552638
1629 505.13174147955453 168.87987469755663
1630 505.31287064302956 169.22445311817748
1631 505.44933094323994 169.67200116261554
1632 505.75423221111566 170.18423762544117
1633 506.11103913912444 171.0244403768671
1634 505.3309404148037 172.62290182858675
1635 506.05625875574304 174.3010956712369
1636 506.6453167412585 175.6513114994654
1637 507.13478150024645 176.81724687846372
1638 505.8579205688861 175.4183139946014
1639 506.1871721578604 176.0560491859838
1640 506.3696992348361 176.8895610524308
1641 506.61604194587636 177.56619427336963
1642 506.961617722788 178.1633007311286
1643 508.2277931760876 179.48543308595268
1644 508.5268467947164 180.25901142140881
1645 508.76212494822147 180.93613107704206
1646 507.2478530256142 181.2230234722649
1647 507.5082443680454 181.8216322527887
1648 507.7774520789721 182.45980233281185
1649 507.93686029135745 182.90484628040778
1650 508.2529934349732 183.62303900495428
1651 511.13683920795904 183.96310972666143
1652 511.2280995698626 184.55723546710402
1653 511.1455693227389 186.44603903044958
1654 511.41566864982997 186.84204516934275
1655 512.887424125744 188.2556162534717
1656 513.1474993500148 188.81667687811935
1657 513.4151327704144 189.62351718988438
1658 514.815591683818 189.32403178128084
1659 511.8927861549541 188.96586249336642
1660 512.3067050158219 189.66899938078154
1661 512.4992921549298 189.98776405441762
1662 509.53868758206426 189.67211493084903
1663 509.8929498200974 190.1196908244508
1664 508.22303342715105 189.99872848494218
1665 508.6069813483665 190.6948901989336
1666 508.80595566626596 191.18801817912143
1667 509.07745092503626 191.8821572197725
1668 508.88561277214376 192.58883305444726
1669 509.19312574327716 193.08692833187197
1670 509.42821906882295 193.71356473641026
1671 509.748093702747 194.35742695043155
1672 509.99529268304934 194.91103558236446
1673 510.23455008172914 195.45357329641732
1674 510.3961600459194 195.78273789546012
1675 510.78231454442187 196.4166949536835
1676 510.95047059894773 196.70602580991803
1677 516.1977682514953 200.77212908148425
1678 516.551066860018 201.22006050475167
1679 516.6993934144007 201.53344897392273
1680 516.9967656854259 201.86503050266344
1681 517.2852583972725 202.4158838136909
1682 517.6644113219606 202.85786935837058
1683 518.064206514548 203.43716015429337
1684 519.9241036005812 200.9815296463665
1685 523.5938396376972 200.6453648922952
1686 523.9705816075272 201.2056267363977
1687 524.2594928358737 201.59462066423563
1688 524.6116593433326 201.9384723956959
1689 525.0658101070671 202.55339184247066
1690 525.3068459181693 203.18630564115838
1691 525.7089033583421 203.55323739864542
1692 521.9044602087221 208.4140937728886
1693 522.2455350007513 208.77196460451887
1694 522.5571115334953 209.22160850829306
1695 522.9598840262516 209.6652798060154
1696 523.1230237644963 210.06827649088765
1697 519.4168887778109 212.50638333704683
1698 519.6704858668558 212.9980161997426
1699 517.4663408584476 215.51478385118077
1700 517.6537577393514 215.99266137295015
1701 517.8881207752772 216.33491778986908
1702 517.5300218986342 218.2687563808958
1703 517.8288166222791 218.7589100021726
1704 521.3854812554999 218.3304203521873
1705 523.9128972010745 218.41534041709286
1706 524.2692312762949 218.9646084337005
1707 521.4336399315896 219.92990079931943
1708 520.1739423958495 220.0406584433746
1709 520.5318426897409 220.48407351014865
1710 518.5128675892349 221.44246501497474
1711 516.0771288051264 221.97187958421412
1712 518.5907235960302 222.05230110607897
1713 521.5835794958288 222.38152755479308
1714 521.7901026522999 222.91320100234856
1715 520.9197534780544 224.5532943056623
1716 521.3998464093978 225.1864222741637
1717 521.7121925068161 225.7197182884328
1718 522.0789270255307 226.53275529875083
1719 522.4347269849161 227.18377533968138
1720 522.8809470293319 227.99461539842477
1721 523.2793950100389 228.63711439963228
1722 528.6598645728369 232.2761371538821
1723 529.091871362951 232.9453638441115
1724 529.4000015602008 233.64932330299126
1725 529.7068709294384 234.23433917387376
1726 530.1254772960974 234.68726184199915
1727 530.4020850512052 235.17681539816286
1728 530.6249053997224 235.57090795672943
1729 531.5001643966381 236.5384120842108
1730 531.8469827725173 237.21375971511836
1731 532.2439650170365 237.75803619409197
1732 532.6871785493771 238.4356368288034
1733 533.0511716185127 239.10733048348774
1734 533.4181735396648 239.5498520224831
1735 533.7172031883001 240.15077993700442
1736 534.3238953495597 242.21883440133246
1737 534.7934733229653 242.87879357869235
1738 534.790279053212 241.9316128607827
1739 535.1825386516641 242.5371083249209
1740 535.6113175067887 243.2178909506609
1741 535.9654974614456 243.72113899469622
1742 537.7789489500801 245.5649783757861
1743 538.0411022814275 246.17653842691422
1744 538.3637323044328 246.67504702178715
1745 538.7431705216139 247.57014970887718
1746 539.2312925963283 248.44022968868967
1747 544.4677351660629 246.79781070062026
1748 541.0546467955195 241.47298836234484
1749 541.4336946839022 242.12804712169572
1750 536.0726355118516 246.19247851071856
1751 531.6503679713518 244.41220906368702
1752 532.0431001421072 245.01065525601777
1753 532.4683902355094 245.4828389780892
1754 532.9602091690928 246.0647703139219
1755 533.3441541761804 246.6903386721048
1756 533.5892736978165 247.19083407871676
1757 535.3518741490631 248.76323793457095
1758 535.8505352322621 249.29063193304265
1759 517.892229984193 182.15616276774398
1760 518.0594968475289 182.17414433738793
1761 518.4366328443036 182.37427602993188
1762 518.7226480911319 182.50696402673972
1763 520.2833856982104 183.1866590242389
1764 520.6652106566318 183.24684242647191
1765 520.9072027432363 183.51280756298462
1766 521.0952853737347 183.59107586334747
1767 521.0792564522441 183.9279387585035
1768 521.3606788073741 184.0903371927361
1769 521.6721648894173 184.33850412136192
1770 522.0006029486931 184.441845560191
1771 522.152477696453 184.4505061555695
1772 522.4496936176992 184.61992346877184
1773 522.6986797211185 184.7309743574196
1774 520.6683206635267 185.10117248467864
1775 521.0370573700654 185.0938591233626
1776 521.4499677341911 185.36561352912037
1777 521.6505997061392 185.42314928140462
1778 521.2609475408426 184.94193379031643
1779 521.6722128816808 185.39346381214008
1780 521.971637105185 185.45586063799965
1781 519.1995760441893 186.25424172483045
1782 519.5036839338471 186.36920002094692
1783 519.9921978973043 186.5308757776947
1784 519.9975506689937 186.86281109471156
1785 520.4030608610786 186.905356935311
1786 520.6057993218427 186.94208819918444
1787 521.0167968119509 187.13591772667445
1788 521.2319500297205 187.20839592329776
1789 521.6357235793223 187.51748939096908
1790 522.4816631138585 188.32932681673566
1791 519.5561594286658 189.56774323990012
1792 521.3285371578523 190.73850933721468
1793 521.1052847799712 190.4588179939826
1794 521.3388005555435 190.6053335599872
1795 521.6767034481544 190.7465213450746
1796 521.9670418131337 190.87182112706301
1797 522.3633588681262 191.12752315692143
1798 522.6578918241598 191.24640424218808
1799 523.0633836245727 191.3634045114908
1800 523.2091226126573 191.4825099548903
1801 514.4397205277332 177.38837740024752
1802 516.910471647001 177.3488268461001
1803 517.1323552269009 177.29718204924595
1804 517.4032042874879 177.31273242830815
1805 517.6319880605357 177.3621066920987
1806 517.915060446772 177.37187320873085
1807 517.9811539472787 177.36342397514113
1808 517.7300765727172 178.39847733190356
1809 517.8426520795513 178.48170996078028
1810 518.1385207051546 178.50310590040334
1811 518.2403728989068 178.53154695272664
1812 518.499336802919 178.54010815067434
1813 518.7669489671482 178.61530577573583
1814 517.907468428922 178.7738864413384
1815 518.0719887580586 178.8320415078181
1816 518.3277369725785 178.62609550418117
1817 518.6850711528999 178.62388572966492
1818 518.8904295944693 178.73053891461578
1819 519.1625990944477 178.92873893986558
1820 519.2784205628677 179.0443711586973
1821 519.3283404475517 179.08186744084998
1822 519.6489437853493 179.28578189449098
1823 519.9106573562309 179.45091136629557
1824 520.075222397016 179.521896886562
1825 520.4129323894105 179.54315225729647
1826 520.4712021084687 179.6602933697078
1827 519.6106466960243 180.66559062411966
1828 519.9091083479859 180.77535104221857
1829 520.1253148372161 180.73972515369428
1830 520.5079922031595 180.6645418213734
1831 522.6333873595077 181.2077145165471
1832 522.8206752956953 181.22130450273315
1833 523.0365360043807 181.44648261204367
1834 523.221853801538 181.5903661876838
1835 523.3773427002998 181.67180875424734
1836 526.1302662875031 181.89883814511117
1837 528.7700554688723 182.39323557224913
1838 529.7159172810658 183.65530519531757
1839 526.9420803405412 184.24052594109338
1840 526.7581360008296 184.6372100132455
1841 526.6912245415942 185.29503643297315
1842 526.5923132102587 185.66739862914372
1843 526.6589724601389 185.95647276953707
1844 526.6385195927654 186.05459834972257
1845 526.7312263553936 186.1371007614979
1846 526.9372910652118 185.93512286301726
1847 527.0160115237159 185.9382237808842
1848 527.2172542150591 185.8262599388229
1849 527.5502515451067 185.53607345027612
1850 527.8847878703831 185.37056039978083
1851 528.0322709846158 185.0443553884743
1852 528.4224097126914 184.5215923752929
1853 528.6081277593634 184.20507366266597
1854 527.1141445013307 184.1623606763302
1855 523.4972910116518 181.57870415272362
1856 525.9724588124997 180.9131324077708
1857 526.0882550083594 180.00880209947118
1858 526.448478298171 179.32557342240358
1859 527.1517183295421 178.77230781903296
1860 527.8724965202804 178.08839130156107
1861 528.8782734688091 178.43391111253058
1862 529.6323948722268 178.06358039423588
1863 530.3676267583478 177.85324763201203
1864 526.5504996467266 174.95300171765203
1865 527.2000804783046 174.522728233476
1866 527.6465367419635 174.3649436123909
1867 528.5646607709124 174.27065211268777
1868 531.71549574343 174.30778272171355
1869 533.6088760280833 173.385130601398
1870 528.8362200106394 178.61700496155052
1871 528.3870042616827 179.46329502980703
1872 525.1977448964052 178.13982163380703
1873 524.9598100186244 179.39411418852808
1874 522.3004864285425 178.87199315326637
1875 522.866669661953 179.1704406702399
1876 526.2455316034005 180.2170610679855
1877 520.6362158275446 176.62024942989459
1878 520.769776978479 176.4210539203169
1879 521.0430471493175 176.48076274234052
1880 521.2047646187668 176.43720628088903
1881 521.4082502132361 176.23236420965648
1882 521.6353078717956 176.11305650329047
1883 521.925373000245 175.9761385185237
1884 522.053304699306 175.84180964722245
1885 522.3761180514804 175.68402226147688
1886 522.5594717996669 175.6180727508047
1887 522.7470036714495 175.48933543819405
1888 523.0036311899045 175.3421722029168
1889 523.208998694558 175.12566233652953
1890 523.5159236186894 174.98374572867087
1891 522.3757500404414 174.64892538056054
1892 522.576914405112 174.54297138176895
1893 522.7162782020712 174.45634974650412
1894 523.100352869061 174.35851502276915
1895 528.1703378071627 178.13308711934948
1896 528.4221394814926 177.9528597186998
1897 528.5695194100005 177.7282285786017
1898 528.6086785278983 177.34724359761628
1899 526.3593499362479 175.1380669991594
1900 526.2718163948305 174.9877346217563
1901 526.573552573859 174.83460187765965
1902 526.6796874075931 174.61004546480845
1903 532.6524584404003 179.33459266112985
1904 533.2466786342247 179.29375984916865
1905 529.093146682297 182.43517065383264
1906 529.1844371558791 182.1297431319376
1907 529.2092218968319 181.97323956978946
1908 529.5593454832627 182.04610386556163
1909 524.0664129033602 176.4457583120957
1910 524.1874559128587 176.3465546342651
1911 529.815143910475 181.54156275927707
1912 530.4594828634093 181.44718719046116
1913 530.4710064514179 181.25248620123287
1914 530.5758561099499 180.99828768247104
1915 530.5648477956189 180.8701402124426
1916 530.666758662523 180.71260513086781
1917 530.8782599254964 180.61269985232414
1918 530.8955708203015 180.4939972855561
1919 530.934952746997 180.3807193493293
1920 531.109719491599 180.44921025456787
1921 531.0487329282031 180.24167144530787
1922 531.1102112311161 180.20680740545487
1923 531.188323570873 180.08577056257624
1924 531.374623963819 180.0756902549897
1925 531.365815751705 180.03419920666377
1926 531.5272918303589 179.85168373709584
1927 531.6064702560583 179.8083203510625
1928 531.761406460713 179.70227658268186
1929 532.0012153153959 179.8783252332793
1930 532.2845310539684 180.2398611352426
1931 532.6328379588127 180.4640198380144
1932 532.8598968075315 180.78694161784665
1933 531.0923601699978 181.39619666061424
1934 536.6132732480966 176.74621130685725
1935 536.812951668259 176.8986154183747
1936 536.9996880171344 177.16533509938202
1937 537.2722581130927 177.2251883033174
1938 542.5860612298659 169.33191845597264
1939 542.7792953625312 169.51133929675416
1940 537.4067433213067 163.90273376711698
1941 537.5922088246662 163.99555259595638
1942 537.8543732073399 164.12994485447163
1943 537.9985992361527 164.28781337915225
1944 534.870311050243 165.8089568528455
1945 534.9624280896596 166.09222144389426
1946 535.0906250628625 166.23527737610937
1947 536.6435155087245 166.3771596972655
1948 540.1899065788059 168.20719491465576
1949 540.298827096618 168.34310639469223
1950 537.4151686431974 167.4317735504658
1951 537.5107729947864 167.4937121941431
1952 540.885873311744 168.64708108831942
1953 541.1031432844811 168.7388556368585
1954 541.2627784629271 168.837008835774
1955 537.8437788080064 170.6122602601798
1956 538.1382972571168 170.7896649397733
1957 538.4124010249218 170.75731191032864
1958 538.5984309510296 171.01287131878482
1959 538.8306403267877 171.0009575322655
1960 539.12950363772 171.0275527165854
1961 536.2597037573921 163.37126624281467
1962 535.1554667230072 164.09206539114845
1963 528.5916075277489 167.04599506981455
1964 525.7668593092452 162.85301570459245
1965 525.8495953779429 162.88323889648208
1966 522.8027382568109 161.37563540955534
1967 522.9567346741002 161.3550373070774
1968 522.9153504876648 161.3097573361437
1969 523.083589372745 161.21329461938765
1970 525.0148806005978 161.40338274753378
1971 516.4071856029494 167.69176506733115
1972 516.4411087151424 167.27498236796097
1973 517.6258584190458 168.1592903597626
1974 517.8403862811754 168.07393487877073
1975 517.9592691352734 167.99939218536002
1976 518.0776454277013 167.91182553104667
1977 516.0378714019447 166.8951161517981
1978 512.9043129029171 167.7658182103249
1979 516.2602268780976 168.81000558965772
1980 516.5234411813739 168.40697627773315
1981 512.6193473625844 167.6108009285774
1982 513.3908084543192 168.35883519029048
1983 506.92874589334355 168.92050752072362
1984 507.0403081783413 168.67241214522494
1985 505.78960890765495 166.26972780167443
1986 505.89323614522436 166.28986459043833
1987 510.2147576152141 169.16258900924282
1988 510.25415145621656 169.03463643875918
1989 510.29240070696574 168.85677604998048
1990 510.3537063919132 168.78956178427742
1991 510.5047095350919 168.52792851420156
1992 511.5131312851856 169.18702167671043
1993 512.3621022832641 169.0934101847341
1994 511.03285873232625 168.42673445715127
1995 511.5537077766043 168.52762681732253
1996 511.70836720480736 168.17884620708963
1997 511.8735248808849 168.1023699555744
1998 510.2533130524728 169.67745092723712
1999 507.0622188742069 167.88529437713032
2000 509.04982499638226 165.8328820331423
2001 509.2210509257055 165.59962525507729
2002 509.3419546907906 165.37381211901052
2003 509.339942240585 166.09134173179982
2004 508.0888735378376 167.17751168015207
2005 508.06733380994234 166.93603676535218
2006 508.1878013333359 166.75271569656576
2007 508.29321826286827 166.46121624794034
2008 508.4595988466641 166.36776877637135
2009 508.48585789162047 166.20282299486635
2010 508.6182052201448 166.13985849828006
2011 506.96075580818405 165.6872111527131
2012 507.0292885669099 165.4953277480763
2013 504.1896128434746 164.42982416988198
2014 504.2898640022779 164.215798911435
2015 504.3995210523186 164.0283902031557
2016 503.5183268410595 163.12354604225908
2017 503.6394062406018 162.87155392158576
2018 503.73581782657925 162.71843046199237
2019 503.7831719393413 162.53179715300112
2020 505.83981100232285 162.59353541949977
2021 505.865559650782 162.32012575880688
2022 505.89113120305126 162.20768377449872
2023 506.12344075913035 162.04780665767407
2024 506.22836174291865 161.74906263395442
2025 506.4027372331336 161.57227947025217
2026 505.23845937555456 162.18032088226948
2027 505.5267786589471 161.69148311359527
2028 505.6955292540878 161.54784150732382
2029 505.7889618708665 161.3143954977824
2030 505.9614415038037 161.14118249749458
2031 506.1618173531926 160.97949141434808
2032 507.3152901522626 161.5651554664275
2033 507.45489314890335 161.45254841530235
2034 507.59876166918 161.1960981132634
2035 511.2054951912984 159.3867151054595
2036 508.9172963530022 159.26221132351534
2037 505.7448628822438 160.6633980270475
2038 505.9636085571451 160.4477894115903
2039 506.1117739349502 160.19772863757098
2040 506.28779600299976 160.0735575587434
2041 506.5658663244114 159.96449917703944
2042 506.7203368815036 159.88437382611227
2043 506.95547783696475 159.67355950868316
2044 507.1249659437686 159.59309848068776
2045 507.4442180084238 159.60200373941387
2046 507.630143815812 159.63620406717814
2047 506.6986459957999 158.6234191638697
2048 506.8578042678296 158.64862091621345
2049 506.9058341747694 158.57618627204445
2050 506.9477550566408 158.41939941555205
2051 507.23666003034543 158.47038990298972
2052 507.2638518805737 158.3427680296408
2053 507.5847598774241 158.05788586782828
2054 508.0372356095161 157.40572071962623
2055 508.5006362103942 156.98320423327849
2056 505.9986207899379 155.426166863871
2057 506.54867105375706 155.0360512256724
2058 510.1219218147867 155.9342998444883
2059 510.66357829171756 155.69444714779644
2060 511.1478401450847 155.4705147633504
2061 514.9104577289153 153.41946675978656
2062 516.1958645813777 151.8009841975287
2063 516.7022716139006 151.57081240586527
2064 517.1895217931165 151.47494046847916
2065 517.7115566793228 151.27541174220187
2066 518.1522624524176 151.1762073316733
2067 518.7067359893169 151.13035184892922
2068 519.2691491793422 151.14501490117294
2069 515.2824096463615 147.2198125539432
2070 515.9530251550111 147.27922037828898
2071 516.827931183026 147.05681457907582
2072 517.543185387668 147.23519069805084
2073 518.1220086284225 147.28161627487768
2074 519.8149638527073 146.39569996960432
2075 520.4463216772838 146.48710552346506
2076 520.9952268642684 146.72773239572453
2077 521.6504527915926 147.0841242326066
2078 519.3396381641427 148.72936404140862
2079 520.2303868411728 149.08408280932582
2080 520.8673665229845 149.49629180974307
2081 524.9941818443306 147.95381112066806
2082 524.3006592078837 147.89438098450515
2083 521.5372883686075 149.93360053808925
2084 522.2041994573018 150.2542012366955
2085 522.8232107017932 150.69575899324056
2086 523.3199002349033 150.8832079951
2087 524.0516824809267 151.2082951449094
2088 524.7255750690919 151.70369508226193
2089 524.1677190972357 151.5915425725662
2090 524.5749670364689 152.05252577042057
2091 528.655163681671 150.9654102530882
2092 529.1322535889635 151.525070753948
2093 529.6324343910524 152.0992153501301
2094 530.1494844661861 152.7225871096811
2095 536.7213782592912 160.65896506964808
2096 541.7901426573944 164.69152916818183
2097 542.2247557355549 165.20302005592347
2098 535.1854945813049 157.24135405781053
2099 535.6198023270857 157.40730164948235
2100 535.9137415998786 157.46845109488854
2101 536.1264744495529 157.63818562014
2102 531.704415378585 158.44922016322752
2103 532.9809437765721 158.03249397618868
2104 533.292261344222 158.00195913412176
2105 534.4481213595093 157.41640081730932
2106 534.9380704858615 157.42559876460746
2107 535.3579823471347 157.39542105406753
2108 535.7304440997863 157.382644042435
2109 536.1378312733686 157.5210098119387
2110 536.5455791064156 157.4672159309205
2111 536.91006347103 157.54398787159667
2112 537.4412154815906 157.59199530640808
2113 537.8955635395237 157.57107043030513
2114 538.309570696342 157.7655798848387
2115 538.7458125595866 157.7950292713624
2116 539.1875440658395 157.78589304097156
2117 539.4900206572171 157.83849620828266
2118 541.9314748321084 158.0323644638209
2119 542.0531667687119 157.90824988336104
2120 542.300710305974 157.9828983537968
2121 541.1915251586024 159.20873722730002
2122 541.6397385770751 159.52304123593038
2123 536.4899247074296 156.51494632216782
2124 536.8823593134742 156.511358611005
2125 537.1023440672766 156.53154881793915
2126 537.5252960150009 156.74258866882465
2127 537.722438357876 156.9661313582757
2128 534.7671130737792 158.59158556239504
2129 535.1372643432516 158.59704444415803
2130 535.4488232595803 158.74395443737862
2131 534.6137140799751 158.04554174121571
2132 535.0682833949568 158.42622355317167
2133 535.4919646796334 158.61594297168872
2134 535.674937632608 158.8764743452401
2135 536.1221884896363 159.07299588284693
2136 535.2635692643651 158.43320223795953
2137 535.5807430106269 158.40762535815006
2138 535.9440734844779 158.59223638660333
2139 536.3217730659347 158.8183304468239
2140 536.5911059518855 159.12183001951013
2141 536.9238544192308 159.3240349179923
2142 537.3017446373099 159.60547380754477
2143 537.6048357797347 159.64866614173872
2144 535.193182003515 160.99153475977616
2145 535.5893411586893 161.26743070160978
2146 535.8307104159811 161.5029884311393
2147 536.7371604318045 161.7005009119235
2148 537.0735535537111 161.8423540214173
2149 537.4889279489216 162.09736785163483
2150 527.7358053928497 140.30376718719447
2151 527.9761055574027 140.14406224929553
2152 528.3627246080939 139.93243060011156
2153 528.5751586830203 139.7534065391892
2154 528.7776195665884 139.65252721532445
2155 528.9509250908676 139.42113295851382
2156 529.0517433154457 139.26320362928743
2157 530.5046268456654 138.89559478186703
2158 526.862459697378 135.5892416599327
2159 526.93490064503 135.6182273850658
2160 526.9955893967917 135.69829235942447
2161 528.1084239450835 134.94301227120394
2162 528.461216771339 134.71874334104876
2163 528.7677756791769 134.651402934527
2164 528.9907927953236 134.3858857806803
2165 529.2545011865366 134.29791806872313
2166 529.4628040559564 134.20196958697207
2167 529.7373039529157 134.05626866312645
2168 530.0528364937688 134.08626273509148
2169 530.1435261520164 134.10383887972964
2170 530.3732515620758 134.01874090803233
2171 530.721777933815 134.05740658161824
2172 530.9436786213968 134.00848483266776
2173 531.1801024590583 133.9652834061714
2174 531.3906542100009 133.90666255113322
2175 531.7135777085334 133.97912423540137
2176 527.5916340981623 136.12351949483244
2177 527.9516970932882 135.99716616783513
2178 528.0808225785735 135.93050453531444
2179 528.4938996999623 135.87527838742474
2180 528.6207806657892 135.71769271619337
2181 528.8898217446167 135.67945357728047
2182 529.1679301287052 135.65818152146952
2183 529.2980063795276 135.65985025736254
2184 527.4783718106694 136.06863783735827
2185 527.8728401512083 136.09424532895682
2186 528.0360969953441 136.0992182083308
2187 528.2082466993853 136.1558559355331
2188 528.4595562369511 136.12212847932304
2189 528.6571954951323 136.16934653586938
2190 528.8427843665053 136.13672508620783
2191 528.7954307909765 135.41204871512727
2192 528.9085349434719 135.32965273551136
2193 529.3539797182842 135.30535834351755
2194 529.5199351602768 135.28646053470302
2195 529.5908702321767 135.39495549990934
2196 533.4794883494694 138.42307169951195
2197 538.8142125776251 145.3088586674734
2198 539.1058330242547 145.34738999766802
2199 539.3369191806798 145.280801863892
2200 539.5306666881728 145.32102100018568
2201 539.73297150463 145.30788328110827
2202 540.0198951542862 145.25475287311474
2203 539.9358182437383 145.18825655626523
2204 539.9440441302919 145.20842303139193
2205 539.9580103490385 145.4969990194872
2206 539.7309402453693 145.84745390257157
2207 541.6550830437102 144.68185016872945
2208 542.0959161156173 144.6225264713363
2209 542.3227596133434 144.68736124964144
2210 542.6210931733007 144.57842070397405
2211 542.9854710340234 144.59707394222826
2212 543.325275047448 144.57044160990094
2213 543.5751755319684 144.58055561058615
2214 541.3314596124087 143.96663838996042
2215 541.6417483566306 143.96331095819428
2216 543.4656657902046 144.12605615556942
2217 543.8594932565234 144.1077601192942
2218 544.1556996688016 144.1489666951517
2219 545.5422593182507 144.1322789495159
2220 545.7515780506001 144.2043221651073
2221 546.0397296170083 144.4608462535815
2222 546.5142144705712 144.61422562984507
2223 547.0804580858953 144.92888064444114
2224 547.7701495621615 145.2611504972386
2225 547.4634504256495 146.4297204227836
2226 548.224406148592 147.2190392698652
2227 549.6486253007907 147.0694395467031
2228 548.6708421023525 146.58019823779344
2229 549.0125558552534 147.0809155303168
2230 549.424048586062 147.87395527933663
2231 549.8229808310997 148.30310303694722
2232 550.1618791232901 148.63881472529727
2233 550.6764859290554 149.17347649500664
2234 551.0502043664662 149.8176125375777
2235 551.2753614590004 151.25650027589163
2236 551.7455429979832 151.7085062391485
2237 552.1014256873399 152.19868280511992
2238 556.6246875524387 156.12227261357845
2239 557.0840372992872 157.09380895542546
2240 557.7399826472371 158.1001167011724
2241 559.277242496398 162.0880531387699
2242 559.5392725374214 162.79703913555156
2243 559.9056970454731 163.25514399152388
2244 560.196388986569 163.9217683466688
2245 560.4707226439074 164.54551012970126
2246 560.6910659338265 165.12143739836793
2247 560.9427163139803 165.87623451171407
2248 561.2695606027255 166.6672404094565
2249 561.4877220261562 167.3979740697445
2250 561.8176714255063 168.11759440094565
2251 562.0124398342133 168.74460429193954
2252 560.7080797640365 170.00799874878388
2253 560.9563495586805 170.7353428476035
2254 562.8135709253977 170.9362790818455
2255 553.1820868342173 163.01954546508804
2256 553.3882318440706 163.34774830334558
2257 551.276248651762 163.71382080555725
2258 551.3878738876504 164.09580178214495
2259 551.6033522727748 164.51034755836554
2260 551.7184570794933 164.98300724006893
2261 551.7406519803254 165.46142610565678
2262 551.8609126772161 165.94875352855124
2263 551.9973988730674 166.32523959596023
2264 552.0041783683915 166.73280950833188
2265 552.1574704103592 167.09160158995195
2266 552.3834125676632 167.55827120367107
2267 552.5229239689495 167.9910421383549
2268 556.5968875248956 171.3721986332536
2269 556.7252019014484 171.64541249434336
2270 556.8584218190234 172.01538073178435
2271 556.9808839235033 172.3535661669234
2272 557.0403408965037 172.71009078360763
2273 557.1109079235788 172.87240118149884
2274 557.1808103535465 173.34052401352992
2275 557.3129180585385 173.73249767755803
2276 557.4679489063824 174.0699814038441
2277 557.4995347533965 174.45085025850878
2278 557.4914964042039 174.8617972204673
2279 557.6636130545601 175.33038592512355
2280 557.7871034154491 175.69512655189422
2281 557.8025598511458 176.06562331123098
2282 557.9508574262027 176.33083088643434
2283 557.9906879874901 176.71203084994744
2284 557.9788748507508 177.352201381041
2285 561.4207004984386 176.24563103309447
2286 561.4988441725909 176.69746455468092
2287 561.5860692296244 177.07141268694664
2288 561.766546546222 177.42365519741273
2289 566.2268769552974 172.5610294539252
2290 566.4651834417036 172.95624742042898
2291 566.6563375513853 173.2136562145944
2292 566.8070017569879 173.5502754568375
2293 567.0084450165184 173.93737718050082
2294 567.3199775404913 174.25361153854433
2295 565.4965124528743 174.27232113827952
2296 565.7011054060073 174.534419343925
2297 562.9640233096945 173.80690695067017
2298 563.0784808821918 174.05212536666093
2299 563.2334137024731 174.2822135875715
2300 563.3338623411527 174.68365667392573
2301 563.4672435459946 174.9920997216142
2302 563.6689421846143 175.25104421079112
2303 563.8205936375858 175.5300182791575
2304 563.9550073403092 175.95865957376208
2305 566.6172093949397 176.18064195350303
2306 566.7236746205648 176.54276403177514
2307 565.5589258442012 176.8832137446969
2308 563.6296617462806 177.04622383232487
2309 557.7929523549061 179.50658518905317
2310 557.9588989880954 179.8049057207719
2311 558.162370635912 180.04554911133653
2312 556.8599992936813 180.56952904113808
2313 554.7523424515648 181.0705695593745
2314 554.9147450609698 181.3054773589117
2315 555.2704051966355 181.79776036866943
2316 555.5300558890668 182.0609566125698
2317 555.8382332412411 182.4456825293426
2318 556.068358257018 182.77997186649932
2319 553.1445953468259 182.12611106971752
2320 553.4967002009854 182.44194818077713
2321 553.7710706494853 182.74788441182054
2322 553.361864387279 183.31951152347142
2323 553.5958362835711 183.57527640931715
2324 551.240623190046 184.33589647392756
2325 548.6868663243101 184.14934102079755
2326 548.9939456399595 184.40904207979995
2327 549.2270915941589 184.79220526192395
2328 549.8165291010022 185.2759900524488
2329 550.0717775665449 185.70364691292525
2330 550.3303218884012 185.96456288858948
2331 550.5657941269892 186.3228219377564
2332 550.9206380013777 186.80964799715917
2333 551.1239938722465 187.2180145193064
2334 551.5186489933166 187.70825405981816
2335 551.894710892597 188.11149449551644
2336 552.2151264007225 188.58602164051595
2337 552.5230286309295 189.11178053893028
2338 552.8698111667356 189.52216050286526
2339 553.2384723290345 190.01074583582297
2340 550.7095073706254 190.0053990777755
2341 550.9981707407022 190.56749424321305
2342 554.2635676064555 191.51985038680388
2343 554.629074426486 191.9376168017375
2344 554.9657496970684 192.36208410031202
2345 555.3859765719138 192.8076493623878
2346 553.0005018567434 192.94949347445024
2347 553.33959591852 193.48075141259994
2348 553.6959884324473 193.96871183485413
2349 554.2075879882092 194.4955243297667
2350 554.4179898553383 195.08335089383178
2351 554.765148813715 195.66329866527929
2352 555.160739814571 196.2857517813075
2353 555.7252564713605 196.87052819645828
2354 556.073214852716 197.5066063517523
2355 556.4731201570979 198.036485504606
2356 556.0612632864585 199.28657406705764
2357 556.3600236711912 200.0631790184899
2358 554.3912683052464 201.01371853361542
2359 554.6831988933571 201.67370870053094
2360 555.1128879950242 202.33644986702535
2361 555.3766459267987 203.0438268609899
2362 555.6892887793554 203.65841908208557
2363 556.07502678407 204.40461235316835
2364 556.2503272453126 205.06724016020704
2365 557.5531667434817 207.1046081715734
2366 557.8668727247575 207.80171562591718
2367 558.1398936892377 208.83487558945887
2368 552.7445285915724 206.9467098500531
2369 552.8190952866663 207.52276106186014
2370 552.9555151118487 207.97557857124679
2371 549.758364470417 209.47572943189473
2372 549.9694775236014 210.1154974596188
2373 550.278596963022 210.63556866186823
2374 549.9217731403137 212.56120004833062
2375 548.495992769124 213.99530849121325
2376 548.7770331569257 214.49405710925788
2377 549.1012915263742 215.22648722371898
2378 532.176938840866 205.62475984522197
2379 532.4255297682668 206.04782124265702
2380 535.7191516416461 209.9318789306251
2381 535.9566197205606 210.37306425676593
2382 539.1086483905314 210.6098383012359
2383 535.4933593426725 209.63970609211006
2384 536.1461266837924 210.1350189425243
2385 540.9490317456365 212.02043996798295
2386 538.1332266814627 211.87261584281117
2387 546.2424701511392 205.70358110141402
2388 547.730068350822 208.17772635278996
2389 541.3820435114766 205.76247755806193
2390 541.5236612370086 206.2584136788129
2391 541.6971326295418 206.63328437299145
2392 541.2996313715147 205.7242298658437
2393 541.5310848090314 206.14922376096044
2394 541.68891260655 206.55116240948962
2395 530.827748874229 167.99628352184942
2396 531.0014410559513 168.18002801537514
2397 531.1215647189176 168.37805481454978
2398 531.3136284580143 168.57701996483567
2399 531.4669021343334 168.73429599888243
2400 531.7063050222885 168.95519198794383
2401 531.9698647276622 169.1676947771866
2402 529.2973675789266 168.77465804207876
2403 529.4929332376829 168.93680485469224
2404 528.5596680405615 169.9961739731859
2405 528.7844689730342 170.07435962334793
2406 529.0277794375216 170.29860891941493
2407 528.0121577423042 171.41396380705808
2408 528.1736117994947 171.38695726801953
2409 528.8917541297317 171.86732340136257
2410 529.132541580647 172.10015528221112
2411 529.3312998587211 172.26178187628665
2412 529.483666246121 172.45924826231752
2413 528.1902423913793 173.30232402045255
2414 528.4890191493972 173.46954556472008
2415 530.2101895037233 172.83776514397996
2416 530.3895056363381 173.036265705203
2417 530.5413190280075 173.19443102004308
2418 528.1166748120914 173.6257706718339
2419 527.4918458351302 174.87213123945702
2420 526.4408803516505 175.1475869077509
2421 526.3841585036637 175.43514089261143
2422 526.4921304943841 175.55569814978398
2423 532.9820631712853 170.0392715939886
2424 533.0359814911814 170.08289359431345
2425 533.1741711734506 170.24477604527794
2426 533.3050357964208 170.44211666403044
2427 533.3114672725001 170.58473080456628
2428 533.4848812108754 170.7219618123535
2429 533.6108369831443 170.85292390985276
2430 533.6020120273284 171.02780740397145
2431 533.8337265554837 171.21608911910823
2432 533.976785219401 171.367997320004
2433 534.2701784222803 171.46039757075738
2434 534.4135544283703 171.55531509550235
2435 534.5155591610361 171.6954828847422
2436 541.0613796644127 178.50450050909032
2437 541.1418352767791 178.57871231090027
2438 541.260710397965 178.62938806732873
2439 541.374902391462 178.70553037623142
2440 541.5965756985285 178.79448556524034
2441 541.7493814856836 178.80375529026156
2442 543.127558691695 177.643865729033
2443 539.6193911277533 179.26015629095446
2444 539.8815814388794 179.28078753994114
2445 540.0549926839324 179.230374367103
2446 540.3261164102122 179.17888176649925
2447 540.7052702963169 179.06034242831927
2448 540.7482189761839 179.16613034415587
2449 540.2102961963004 180.2747829084258
2450 540.3788302836842 180.26976431786542
2451 541.3695452108242 179.13365420414826
2452 541.6014925824747 179.06517921765612
2453 541.7695131947323 179.10218953442478
2454 541.863322296565 179.09003114678916
2455 541.9614093014579 179.07253565227794
2456 542.2617068928952 179.06694328495485
2457 548.1445223738081 184.46717637870876
2458 545.905978419565 184.56837578138428
2459 546.1804684885385 184.53282898126744
2460 543.758538639568 184.79204644902762
2461 540.7723186521812 183.8880697494998
2462 539.9644585320126 183.7321407248529
2463 540.1624206037934 183.7275098333216
2464 540.3226734487129 183.68624728693848
2465 540.4572924295201 183.683240644647
2466 534.7303548156841 184.01433492609823
2467 534.8925349516921 184.05135385092015
2468 535.1054157562189 183.8176438809762
2469 538.2478602790309 183.1052329011798
2470 538.3637844739183 183.10505290572448
2471 535.5352512877663 183.72936568975246
2472 535.7438478616592 183.7383403496323
2473 535.8682449041988 183.5986044234866
2474 536.1456542450329 183.59909505368597
2475 536.2104190097142 183.53080989131544
2476 536.3833281342476 183.49007834920735
2477 536.5579449311318 183.40422248116263
2478 536.6545488856809 183.3724418169865
2479 536.918771861667 183.2713340001055
2480 537.1286523423208 183.18660560261756
2481 537.2000365925027 183.22523897303356
2482 537.276394496237 183.20179122275331
2483 537.5214931126661 183.2442019951536
2484 537.5185278002621 183.18961451941
2485 537.9123659955737 183.1577028432093
2486 538.0220381927682 183.15384554809341
2487 534.5972182628032 182.01711301284513
2488 534.2590229523709 182.28082204511546
2489 534.3371288855177 182.25363534876908
2490 534.5369615066793 182.25332586120882
2491 534.6412468114456 182.218060360836
2492 534.7213095533932 182.12236329618722
2493 534.8749588092022 182.0717102716229
2494 534.9658641529114 182.15429726861095
2495 535.0135845127779 182.02369843319877
2496 535.0734380132093 181.98069688818305
2497 535.2512278556536 182.07451433934597
2498 535.4147218583739 182.02452056297372
2499 535.4966556372424 182.0510943784354
2500 535.6677177683183 182.02006200124472
2501 535.7251779862845 181.96992056778922
2502 535.8344082168849 182.0119613757835
2503 536.0187145813906 182.00074781963514
2504 535.9882586577226 181.90943392534265
2505 536.0678456199743 181.925814226832
2506 536.246944996104 182.01051444082808
2507 536.3364395548539 182.0221851798856
2508 536.4488889093141 182.01681244402553
2509 534.0602036602081 182.75207229554624
2510 534.1318410683683 182.74501749782397
2511 534.1823059224068 182.88956199326358
2512 534.2160453253632 182.96185745479005
2513 534.3583196737802 183.00450867574386
2514 534.4537363959563 182.94799824166336
2515 534.4747960220931 183.00809794712058
2516 534.5186167378891 183.06296093001347
2517 534.6021361734752 183.1092731791377
2518 539.7275322820504 184.41678277473665
2519 539.8373240350434 184.42809217796724
2520 536.915425641095 185.1787804223033
2521 536.9014463317848 185.22669741004063
2522 536.923028451507 185.22989013641813
2523 536.9356944330206 185.26360704469494
2524 537.0264436420593 185.26553560861868
2525 537.1329877262982 185.406335040745
2526 537.3949320993605 185.43662998125887
2527 542.7399562711973 189.57899008903388
2528 542.8225213468934 189.70902964836284
2529 541.7599090092039 188.75460662106835
2530 541.9663843609057 188.85112051751884
2531 541.7722374444234 188.87763838978177
2532 542.017437708394 188.77272763170345
2533 538.312605208189 190.45570259538513
2534 538.2409713969771 190.37292828475702
2535 541.9262402078808 189.12093649079827
2536 541.9965053053091 189.20756882198785
2537 541.8823134551407 189.30739690919538
2538 541.5663232454501 189.94254379011107
2539 542.1175246765017 190.32991098808426
2540 542.201730758503 190.45841252639212
2541 542.4177687134492 190.56942031236986
2542 542.4625402943803 190.63454609491296
2543 542.3570142164845 190.69223243608113
2544 542.3402048948801 190.97162140703665
2545 542.3365530295208 190.97390508373167
2546 542.4169590142006 190.98433711757596
2547 542.597685724252 190.98021078521563
2548 542.5508392640337 191.06437915154075
2549 541.0224188356253 191.76772888371042
2550 541.0041911211129 191.8000164554461
2551 540.9805042009059 192.02154854224577
2552 541.1563396817695 192.15542179300573
2553 543.2841413407859 192.5933715803739
2554 543.248036341822 192.7367802145229
2555 543.3196263934486 192.78066553716215
2556 542.9317495755009 194.21191132962315
2557 542.9203733042624 194.25179364664456
2558 542.8587496051821 194.26992397653882
2559 542.8203302318203 194.3646311519037
2560 542.9423531029485 194.58495579547397
2561 543.1521217184998 194.66940517355752
2562 540.1758271090031 195.22131205141287
2563 540.2127414096872 195.2211899037173
2564 545.0181626827583 198.0974575488298
2565 545.119416670138 198.15073148583
2566 544.9897845137925 198.19305733187926
2567 545.2282964403123 198.2748317151452
2568 545.2271602508878 198.27278887620352
2569 545.1142295480032 198.24844373404844
2570 549.6214375953549 195.997221212112
2571 549.6742629574053 195.95772547579648
2572 549.6539384388527 195.98941205337107
2573 549.7852033730442 196.02684093549024
2574 549.8557714507754 196.0110170895178
2575 545.929991864969 195.0057684560797
2576 545.9360269058876 195.09964146358655
2577 549.5136337157688 196.15539123779192
2578 549.5069084917819 196.06929071208828
2579 549.5592965655861 196.14100470822868
2580 549.5836982190058 196.06122625661948
2581 549.6131789769064 196.13620303447476
2582 549.7229421339736 196.0957253639898
2583 549.5808989760194 196.0377666073318
2584 549.7990661442831 195.97121243074608
2585 544.3484172878145 196.2631045489775
2586 544.3586678454463 196.23212117955575
2587 544.3465709718699 196.26336800167155
2588 544.4462116921321 196.19634189077686
2589 542.0818997226366 195.90642678179378
2590 542.1600498986365 195.9256453150873
2591 542.3377657082078 196.01195583819427
2592 538.3350773940841 197.75100736472749
2593 538.4827017795155 197.72015811931314
2594 538.4850697594458 197.86868660828432
2595 538.617641715602 197.911350171834
2596 538.5331747344363 197.8019154198614
2597 538.6234548368528 197.8840849132128
2598 535.5307218551075 198.47612406508853
2599 535.614495278563 198.5765812911401
2600 535.7059726966991 198.70441898736817
2601 535.6494734469701 198.74767137908844
2602 535.775621604524 198.89912385651908
2603 535.9566258987023 199.08485362990027
2604 536.0462661686962 199.27760522506253
2605 536.0761717553402 199.43774995181508
2606 536.3022847457446 199.61364980819494
2607 536.4307759134539 199.71646379579948
2608 536.5218709941781 199.82897123609118
2609 534.6499816795098 199.3864024846617
2610 534.8066240871507 199.66730713202395
2611 534.8948153007325 199.73862069188667
2612 534.9701214788005 199.9152459706998
2613 535.0891749457685 200.13078540355778
2614 535.1391908759176 200.21709028241645
2615 535.3049931702277 200.52721334628833
2616 535.4312558444936 200.60561319876902
2617 535.7406228083324 200.8831152781113
2618 535.8337724802185 200.97814166179145
2619 536.0761677398688 201.20004235228328
2620 536.2697419581054 201.36775969323602
2621 536.454290653337 201.4802806416162
2622 536.5730396052959 201.66427136500144
2623 536.7344477854734 201.87084070155873
2624 536.8351755057663 202.1418379518037
2625 537.0839666792527 202.3698915501099
2626 537.34974172488 202.6716351592647
2627 537.3787952194605 202.94641806210421
2628 537.5920223339439 203.2142523672438
2629 537.8493676025843 203.44637017281528
2630 543.400649484894 199.76866142397202
2631 543.5833850573536 199.89216769554633
2632 542.086604218675 201.77845957523024
2633 542.2515627093769 202.00624236652592
2634 542.4739820757817 202.1850460805783
2635 542.5898820445759 202.4270494476987
2636 542.9481722089143 202.79818361401752
2637 543.1259053878578 203.02183127955936
2638 543.3553397369897 203.2662804414214
2639 540.703013574566 203.29214144094902
2640 541.0648337626201 203.77566905430203
2641 541.2724408516773 204.02640519908462
2642 541.6140585654055 204.4626740530595
2643 546.8957853852086 207.68464149350314
2644 547.1033773834995 207.8664698395397
2645 547.4481540350155 208.189038037931
2646 547.7813201343188 208.48500500441506
2647 548.1113943211986 208.78153609338568
2648 548.4187354994011 209.2237503929604
2649 548.686829347061 209.50528303713446
2650 548.9733332436283 210.13781298564012
2651 549.2338138582156 210.44698353641905
2652 549.6524356171877 210.96503473449337
2653 550.0613755899199 211.6047255044635
2654 550.4214490883417 212.01626626045564
2655 550.8072437582927 212.54846797232423
2656 554.365055085867 212.62870353244273
2657 555.8711131506061 212.59830022912072
2658 556.2449153191712 213.06262534153737
2659 553.9978441764232 213.81630819909466
2660 554.3639359825523 214.56587369352926
2661 548.187017276391 208.95072625839882
2662 548.3963567236985 209.22684926299635
2663 548.536908397588 209.47809339560206
2664 548.6759388127871 209.51870741224997
2665 548.767079101022 209.76816623114718
2666 549.964887355683 209.8482857552894
2667 549.6288068209288 210.26287596701528
2668 549.8994254372321 210.43709379507445
2669 550.4331305769202 210.78889573080616
2670 547.9490261439414 211.19111688623636
2671 548.1446442549643 211.36792980706193
2672 547.8813229270195 211.50257471826043
2673 547.9622490429774 211.84106904247272
2674 548.1904854195923 212.137529207545
2675 548.1933388358048 212.30906164200186
2676 548.3696000012654 212.63081152955021
2677 550.6958418754091 212.0371332183449
2678 551.0501457918091 212.23700965118982
2679 551.3088530242961 212.50101433775265
2680 551.4292759151416 212.7400418324314
2681 551.7703487924961 213.0552924477829
2682 551.9130064233783 213.2700996169539
2683 549.1030548554653 213.46574189983428
2684 547.4362432570075 212.94019395386516
2685 547.562868345105 213.1174309776087
2686 547.4642452290169 213.3799059680341
2687 547.5372760786034 213.73564590482394
2688 547.6458567334644 213.86113333630536
2689 547.8252326204661 214.11425530441193
2690 548.0598888460136 214.43624674802197
2691 545.2027131361502 214.57111746761052
2692 545.4049028744506 214.90893649768765
2693 545.6856713384446 215.23220801295372
2694 545.892202130025 215.57403875167475
2695 546.0382673315254 215.7758974293823
2696 546.164612785281 216.22823471768172
2697 546.3670276563761 216.4073644646716
2698 546.3972373792201 216.78593037201526
2699 546.4492042801983 217.08822357319005
2700 549.6112437189025 215.93389157072204
2701 549.902001181537 216.18285603178012
2702 550.0965760359082 216.42677133734384
2703 550.3400124733761 216.54294627761521
2704 550.7306120176615 216.8207386247586
2705 550.880964768928 217.0721669889675
2706 551.0372236191857 217.37079000742543
2707 551.2963435794295 217.6626743897746
2708 551.3976802829957 217.95192182379446
2709 551.5561675308683 218.24678651641742
2710 551.7092218865963 218.51156669754263
2711 551.9716377443096 218.76667710036523
2712 551.9930221779904 220.5389745898289
2713 552.2364817890234 220.6820955047809
2714 552.5034040648152 220.95739395650287
2715 552.7885270886967 221.2386103540092
2716 553.1749254744835 221.5081211287481
2717 553.4119468258741 221.97169871145692
2718 551.8499954356836 223.2308998155017
2719 552.1101292683372 223.45172877586077
2720 554.1394486591904 222.60286390019257
2721 554.3609462490339 222.8604972322076
2722 554.5623227256816 223.07299240707496
2723 554.6926446782667 223.40071883224485
2724 554.8339071870596 223.66300771562683
2725 555.1356253765875 223.9793195193844
2726 555.4341694177996 224.1247473069787
2727 555.7670050536293 224.3771393432563
2728 556.0659804935744 224.5821625136323
2729 556.482662973496 224.8861272970707
2730 556.7813399477067 225.14021937631307
2731 556.9872230052853 225.3751994838952
2732 557.270238778982 225.51858623419776
2733 557.6136845252271 225.80934790773728
2734 558.0137460670422 226.00935052633127
2735 558.1760331718807 226.3211579013463
2736 559.8429831319106 228.24433610906397
2737 560.1953058279274 228.58800864865137
2738 560.3556298760346 228.7403617561057
2739 560.77155126274 229.00187188838117
2740 561.096139859146 229.18639484801278
2741 561.408676503105 229.4768546184251
2742 563.6693883458103 228.64925080901847
2743 563.9784553837853 228.83478791612083
2744 567.3303005790656 228.9814448349747
2745 567.5324556043167 229.26217837297796
2746 567.917062483997 229.35762157254015
2747 568.0030465262962 229.45995231662087
2748 568.2651937533532 229.5964631320834
2749 568.5666575897417 229.69119562770646
2750 568.9422043260216 229.8788769962442
2751 569.1305655392656 230.02694595261798
2752 569.4582989664789 230.19653067183785
2753 569.7778237652199 230.33157769645584
2754 570.2146953674878 230.55050990580483
2755 570.4573362295667 230.6414132450191
2756 570.6875786165615 230.87216161208238
2757 568.4164737021038 231.78075269405338
2758 568.7025265216172 231.87182689075598
2759 568.9703655986153 232.0781832931173
2760 568.4398738762437 233.74686802935116
2761 568.7286943905275 233.90319682246064
2762 567.9399886563571 231.524539776499
2763 568.2737373217885 231.66140189581347
2764 568.5560313241077 231.91434507186304
2765 568.7919496266384 232.14354224392258
2766 569.0672562236192 232.32117034414904
2767 569.234583292776 232.5189079112311
2768 563.5089214044579 228.91346733325383
2769 563.7945501662062 228.98145992477896
2770 552.3494377504206 198.11894295329085
2771 550.6793304109292 197.30790323286092
2772 544.8163667702885 201.99939596661167
2773 545.0818570300102 202.00952456585944
2774 545.2566463712162 201.98779751492563
2775 545.3954266966634 201.99858973636591
2776 545.6327989645594 202.10788909639447
2777 545.8917923989052 202.11951570770194
2778 546.0470202203838 202.1198076413282
2779 546.2449197486864 202.0891154851337
2780 546.4862055146099 202.13881021193387
2781 546.6884332397725 202.14841187054742
2782 546.8123337544797 202.14843234784132
2783 546.8888244442421 202.09496174151548
2784 547.0604612489212 202.16131383217373
2785 549.0784565973257 203.0825900131259
2786 549.3470451354455 203.10111478026258
2787 549.3874042939776 203.04238160260897
2788 545.4460609202789 204.8321556640258
2789 545.5922531323246 204.87389827426924
2790 545.8250670922033 204.84706863909636
2791 545.9087032240341 204.92907392001376
2792 544.4680159039692 205.2044903480745
2793 541.7019774144841 205.31074771618287
2794 542.0070463964805 205.40149389644992
2795 542.1487581168383 205.3130400375321
2796 542.3533886099386 205.29404047403213
2797 542.4997049762244 205.23795169424116
2798 541.4941077887424 206.34043946310138
2799 541.5886324167885 206.32532473128708
2800 543.1397666295559 205.12077643335869
2801 541.9342455225681 206.22454365957515
2802 542.0442791232815 206.19438680456764
2803 547.24105784606 208.93436430611436
2804 547.8820947624959 208.7911727762392
2805 548.1161975672271 208.7443145300567
2806 548.2713272598062 208.73103752191076
2807 548.467414090066 208.74782745834443
2808 548.574536708129 208.75710707481431
2809 548.7520516684906 208.68563293849155
2810 549.002126203416 208.70848833165329
2811 544.9720730556185 207.04826509564097
2812 545.0838224624886 207.033982449937
2813 545.2998554308228 206.9440815621409
2814 545.3062095289462 206.99112371788547
2815 545.5987622520163 206.93348188196646
2816 545.5895640715363 206.8701695985958
2817 545.7774491665465 206.8900972185519
2818 546.0290528317454 206.91620829174317
2819 543.9240990667233 207.592675767073
2820 544.1870565768794 207.56029576232388
2821 546.4646575648729 206.92029843530523
2822 537.9390940472807 204.65091128026407
2823 538.0400785206448 204.53065812715394
2824 542.3925184387745 205.55545984822444
2825 544.3576985962943 204.83896566466717
2826 544.3886423103077 204.88765597121622
2827 544.5836866333956 204.84507430138282
2828 544.5992949531144 204.7890524324493
2829 544.7488125997821 204.76687610086387
2830 543.9167730193641 203.41948035918736
2831 544.1035668372466 203.39476832094178
2832 544.1635643375546 203.36168043980194
2833 547.3718989450084 201.40193808367215
2834 547.5481608919606 201.24766826319924
2835 550.7523876514254 201.52271033724986
2836 550.719044596874 201.41084920055292
2837 550.8294439541581 201.4504884971256
2838 550.99536646703 201.39634904454195
2839 550.8763688901264 201.3498912982636
2840 550.9247055711174 201.26683551513767
2841 551.0611569833994 201.237910774065
2842 551.1307023066073 201.26080348873538
2843 551.1863380128386 201.2920752984521
2844 551.2647080109244 201.22864346109645
2845 551.331011264364 201.19804671836462
2846 551.4541039112537 201.26032754919353
2847 551.5221274672459 201.02500664065354
2848 551.484228132165 200.95235160809972
2849 548.1986269800399 201.41277622752693
2850 548.2815088889721 201.35397386332008
2851 548.2432080804801 201.23334602091836
2852 548.3323429475952 201.10410590496704
2853 548.5087196329139 201.1338339306352
2854 547.2417310745531 202.32382555663108
2855 547.4515026190237 202.24823032685637
2856 548.9157304847829 201.17721900404445
2857 549.0188817691345 201.1799866225524
2858 549.0554195728865 201.18134079930056
2859 549.2212650897117 201.10273825691516
2860 549.2602578807614 201.06353908125288
2861 549.4387960131041 200.96713373508587
2862 549.4453535713775 200.7667351986702
2863 549.531222516089 200.79025125273745
2864 549.6059682253087 200.74945150782807
2865 549.6933802958214 200.78325542819863
2866 549.8437431366734 200.82397881207675
2867 549.9419379118443 200.77163339084242
2868 549.9508574214907 200.68461363559564
2869 549.8222520503992 200.75411755496265
2870 550.011992306806 200.6971303619226
2871 549.9852419041296 200.63213881568208
2872 550.1499019831966 200.6656691205888
2873 550.296726980976 200.6104584973559
2874 550.2419123103075 200.43454466713516
2875 550.2677623419786 200.44967786711845
2876 550.2227854395351 200.38290309467772
2877 550.1668741408752 200.30853345883727
2878 550.2707024569996 200.30833712552393
2879 550.1362419106767 200.23537591611293
2880 550.2254527377585 200.218753435847
2881 549.1424193599083 200.8638784836202
2882 549.2993703740651 200.8976966448116
2883 543.7940656097851 196.615295040322
2884 543.9273766801167 196.55327468836182
2885 544.1021905315699 196.48010006086656
2886 544.0836029799707 196.45690112418754
2887 544.0836621573638 196.41989119653175
2888 544.0943595669744 196.39992941579044
2889 544.0342746682554 196.29755158642575
2890 542.8882877319643 195.237386573622
2891 542.7403851528078 195.2322292531273
2892 542.8978755340294 195.18552617906906
2893 544.8144848340373 195.51216871754963
2894 544.9551078611509 195.35923813773815
2895 544.8875157013434 195.35465733082629
2896 544.9775069251177 195.35719364681324
2897 544.9878709814446 195.29554646823692
2898 545.0373907324417 195.2678371930118
2899 545.1788480802679 195.2889417638031
2900 545.1782535293478 195.3067021856908
2901 545.2256235161009 195.30590849094358
2902 545.2752994724358 195.35138866323788
2903 545.2685268980939 195.33875165801732
2904 545.2556081979536 195.34200758515308
2905 550.8968171221668 191.21873686705504
2906 551.0145295426555 191.25978950757403
2907 546.9538800777963 189.87247535036346
2908 547.0058095469686 189.92318102130918
2909 547.0665123333695 189.86077550656987
2910 547.2398792335699 190.07712167369843
2911 548.9749750931823 189.23077897241114
2912 549.3576728711149 189.74530125247625
2913 545.9264576191927 192.6471390293296
2914 547.0448965112373 194.07867862979933
2915 546.9188579430411 194.80441813966038
2916 547.3762495162296 195.87912678249182
2917 547.7661689200851 196.80377727067832
2918 547.0692338471234 196.39691676586847
2919 547.253025584855 197.29317139340924
2920 547.6957770147146 198.5106869310192
2921 548.0406465377208 199.06284297135446
2922 548.2809692217979 199.7319576842384
2923 548.7504575815417 200.74580922028406
2924 552.1139628104934 201.58671219157623
2925 552.2542786152977 202.09186167032814
2926 552.5788352422634 203.17818488076372
2927 552.91311224962 203.9313778737238
2928 553.225660251468 204.88833396599924
2929 553.4228820288432 206.03672706622146
2930 553.7478897819128 206.91061742419654
2931 554.0712062568999 207.9126015680124
2932 544.8807294452237 190.62741558021867
2933 544.8126850783931 190.6888024056504
2934 544.7212120122656 190.7554608094923
2935 544.6261584440227 190.8455429195936
2936 544.6765601189169 191.0044613930571
2937 549.8276538549666 194.8497456624107
2938 549.7094449319808 194.88369836161013
2939 551.6682597652092 194.35575413566244
2940 551.561102640237 194.373652348343
2941 551.3558570608997 194.43653100793432
2942 552.1003617435227 194.39867093650875
2943 551.9883410352912 194.5079925870331
2944 551.9925104644982 194.52630661960944
2945 551.8672177565223 194.4554385190207
2946 551.7763173814033 194.51552541622223
2947 547.9658049925406 193.25106515364803
2948 547.9265527267859 193.15075233748968
2949 552.8032998038902 193.77584816082071
2950 552.7617588840827 193.76602932565555
2951 552.7153942029122 193.6659576693996
2952 552.6795306752662 193.59469360767898
2953 552.6947446255969 193.53665296243037
2954 552.6481460470853 193.4846631213146
2955 552.538240357537 193.349814302388
2956 552.3306247524324 194.79682162409284
2957 552.271089831714 194.66604702903103
2958 552.1989906831271 194.6848686023629
2959 552.1539094132418 194.73655313669136
2960 552.0709845767924 194.5587227764686
2961 552.0070622436587 194.5796988859181
2962 551.9138240552098 194.51556910877278
2963 551.9098462325275 194.47453611328157
2964 551.9233118343416 194.5117751718991
2965 552.952620970885 194.04729098468258
2966 552.8789274364738 193.97012203687044
2967 552.8145431384353 194.1296071947085
2968 552.6760443454723 194.09851133059757
2969 552.4546446874574 194.05350190761033
2970 552.662067765213 194.0674420126306
2971 552.6761622725382 194.04407119406537
2972 552.6788924374323 194.0705496666012
2973 552.5070970013707 194.10766899398828
2974 552.4394790086532 194.1577586993845
2975 552.3566671039125 194.1940890481454
2976 552.4258187375044 194.25010113860418
2977 552.2074340886509 194.25732911396904
2978 552.1406601044407 194.36871102143505
2979 552.2336060694736 194.40582542983813
2980 552.2239557021153 194.40866636414913
2981 552.3657103280829 194.41753063819357
2982 552.1171101074552 194.42648471239377
2983 552.1634900672232 194.3488231738366
2984 552.0961706327079 194.32346667491382
2985 552.1125992560446 194.41631168875708
2986 552.0529955963641 194.3408888724474
2987 552.1715471334097 194.3888524655597
2988 552.1070576133171 194.42194998262875
2989 552.0640793270843 194.56764953226926
2990 552.1274429985737 194.66919305668367
2991 551.9366685700093 194.79273599118707
2992 551.9501744987517 194.77100601553258
2993 551.9515150624588 194.78055292038698
2994 552.1630142380698 194.77754469878622
2995 551.9745348447889 194.70953447807133
2996 558.5698932765713 188.79358440423616
2997 558.6813737942307 188.90241208249105
2998 558.8109574711602 189.06405078573664
2999 558.7713241634823 189.05865214964498
