# pedestrianID x y
27 720.8132250580047 183.82830626450115
28 673.2030162412993 183.82830626450115
29 689.0730858468678 183.82830626450115
39 136.15197215777266 142.62645011600927
49 233.97014867073224 651.1431763894761
57 600.2828678642112 691.580917386506
58 23.09634320106756 229.54826304222834
60 223.51624129930397 511.2111368909513
62 713.3793503480279 314.2969837587007
64 732.0117493306726 432.32878338887315
65 701.0139211136891 296.67285382830624
67 581.278422273782 132.06960556844547
69 432.969837587007 285.1322505800464
70 501.78538283062653 154.96983758700696
72 458.6821345707657 296.67285382830624
73 359.48491879350354 552.6264501160093
74 718.8886310904873 178.9141531322506
75 626.8051044083527 494.54756380510446
76 679.8990719257541 203.90255220417635
77 586.8979118329466 340.41763341067286
78 109.95359628770308 587.7401392111368
79 256.9443155452437 97.60092807424593
80 257.88515081206504 82.69605568445475
81 341.6252900232019 37.84222737819026
96 663.2134570765661 316.2784222737819
100 618.4831139730612 87.57625205292527
103 161.223897911833 113.06728538283062
106 582.0197215777263 121.7401392111369
107 208.48723897911836 340.41763341067286
108 333.3960286706707 -13.664409577930726
109 276.45936562111547 1224.0062728441499
110 616.2030162412993 401.5127610208816
111 454.4733178654293 403.68909512761024
112 477.044551016664 391.5838899525377
113 154.8513054615937 245.14308750140367
114 157.82018561484924 506.42691415313226
115 293.9744779582367 443.6566125290023
116 -467.61134076305507 852.286062539801
117 441.41647331786544 371.53132250580046
119 724.5394431554524 354.8074245939675
120 267.65661252900236 97.60092807424593
131 516.1644623644332 -687.2576205939095
133 128.73253231753574 679.6983617434296
134 521.516241299304 501.66125290023206
135 730.7337315723383 296.27279898737004
136 518.3619489559165 504.0417633410673
138 165.1284987071839 627.070482021545
139 332.0893723032713 174.80539663485987
141 558.5653044326823 201.40242363785538
142 720.0075096183649 472.93260870343585
143 331.4201520290266 355.21748639702724
144 580.4361948955917 129.09512761020883
145 389.00576022526883 402.12576626714167
146 519.5116009280744 464.20417633410676
147 173.50561565213573 656.7357013533677
150 723.9531499964733 472.63171939724856
152 31.263634698791233 361.80150665504635
153 662.2552204176335 312.3201856148492
154 473.3457076566126 328.26450116009283
155 191.72273781902558 380.00464037122964
156 444.16125290023206 445.92111368909514
157 396.36662060087474 470.20892057461356
158 352.92743175511015 463.5542271266399
159 483.3677494199536 511.2111368909513
160 484.96635730858475 487.4756380510441
161 375.23201856148495 562.5661252900231
162 97.08468677494204 367.32250580046406
163 184.76377954125135 239.9015921594508
164 141.32229698259303 688.3282789248586
201 523.6078220189372 392.5225296871115
202 183.3422273781903 82.69605568445475
204 140.3228544655272 677.8709847057728
206 137.6166296713518 691.616658374451
215 717.8317323334661 275.7321259425306
216 727.5386346506178 460.6058468929171
219 689.4840810122201 307.4538260680489
225 565.2447832045214 689.9937844560935
226 731.0103455119483 248.10020233605343
229 729.1948302840362 272.7211429167799
231 579.6378994071497 657.0733823071857
233 512.5676987645905 478.80941979388354
237 533.7552204176334 595.3828306264501
241 503.3248259860789 2.0092807424593966
243 403.8131833140738 300.7675375610428
244 560.1971718662954 426.00963219955446
246 304.1204048222163 40.74387122214091
