# pedestrianID x y
1 730.8717270789631 647.8873083718612
2 730.4411380694881 646.7400857100412
3 224.27030162412998 626.3712296983758
4 184.55800464037128 626.3712296983758
7 127.44124583176786 667.7730878189114
11 126.91812039577515 678.2134897619212
13 737.3793503480279 290.88167053364265
14 713.0541548619633 233.2527033090617
16 487.65545243619493 401.5127610208816
18 153.91647331786547 175.661252900232
19 74.25754060324829 365.22505800464035
80 11.173957446370562 280.3131683966592
83 700.3637779766239 622.6798918648811
86 232.60324825986083 608.2134570765661
87 122.96403712296987 540.3062645011601
90 279.4060324825987 34.37587006960557
91 568.0150812064966 468.8213457076566
92 129.49071925754063 516.0139211136891
93 609.18756436651 252.80470293128124
94 437.66473317865433 249.6890951276102
95 705.4767981438515 231.70765661252898
97 738.105302472383 120.56009716691881
108 138.29803992571655 685.5225852099037
111 468.45710945666343 8.507907684349497
121 719.3823663339023 275.887248525799
122 649.2271553178175 295.52190065493363
125 282.2928286997301 527.4315564929495
126 705.4068117479072 481.3181081774631
127 297.7784222737819 525.675174013921
128 508.6671333288108 402.244798541865
129 721.9733178654293 260.7006960556845
130 360.8248259860789 436.8909512761021
131 589.1949073657571 663.8828004002975
132 242.804167075558 20.91258523261519
136 144.89573124941796 690.205497645828
148 303.16487341958793 255.08068964599568
149 70.0344341723934 388.42923110117573
157 299.43152553553506 10.339705704943153
166 123.50547639730594 670.9746116809708
172 426.10191792046754 167.0683284331852
173 162.78886310904875 273.7587006960557
175 144.84106728538288 545.2204176334106
176 326.5560173718621 131.79570751650232
177 371.3341067285383 103.16009280742459
178 148.93387470997683 555.1044083526682
179 418.0502371084304 335.0522335539064
180 233.0870069605569 290.88167053364265
181 626.2378190255221 450.4640371229698
182 418.75638051044086 386.40835266821347
183 452.3967517401393 504.0417633410673
184 499.69373549883994 209.02552204176334
185 336.55973673820716 569.9797360577991
186 355.8101262901669 472.89859519733574
233 280.5012672467994 695.8287275030541
245 182.74330108772122 532.0471873999833
246 448.73232234543383 254.23896949801338
247 265.11817595153286 -1004.5687367191861
248 102.3669470245157 -435.05561172303015
249 732.6606248930067 118.83498014761368
250 209.35730858468682 258.8538283062645
251 442.477958236659 475.7819025522042
252 249.27030162412996 384.2691415313225
253 112.22504932421299 174.65216566496866
254 259.82013790850607 -504.5284639178083
255 259.88515081206504 414.6403712296984
256 247.93104226724822 497.02204273901987
257 434.3190255220418 242.44083526682135
258 353.100928074246 210.74245939675174
259 253.57192575406037 96.22273781902553
261 223.0638051044084 88.05104408352668
