# pedestrianID x y
1 731.2309460066842 648.1626804940282
2 730.8170371559377 647.057599938204
3 227.3897911832947 634.2227378190255
4 175.07076566125295 631.6009280742459
7 127.34969515308767 668.9211914225424
11 126.83564326999976 679.2023744184495
13 732.4512761020882 298.6125290023202
14 714.3575107176443 234.90458798611886
16 481.5870069605569 386.40835266821347
18 167.6914153132251 172.42691415313226
19 81.09976798143856 377.87935034802786
80 10.830307986918145 280.14119947674294
83 701.3618316970889 623.3726751355609
86 233.9222737819026 615.9675174013921
87 120.29466357308587 547.6844547563805
90 271.21345707656616 25.33642691415313
91 571.4744779582368 482.78422273781905
92 126.54872389791188 525.675174013921
93 611.5932735717458 250.5867930942041
94 447.1763341067286 262.5522041763341
95 704.5394431554525 246.05568445475637
97 737.7761020881671 326.25522041763344
108 137.97429760188663 685.9077905072136
111 468.2773315129433 8.286791286858818
121 719.9326314892772 275.6061010912019
122 651.6723134159074 294.6131928604768
125 279.34338747099775 557.5870069605569
126 706.6246632767976 481.07343256921746
127 290.8422273781903 528.1020881670534
128 199.61368909512763 642.1160092807426
129 723.0139211136891 277.53132250580046
130 380.062645011601 421.2668213457076
131 588.9569463932811 664.5732211916262
132 245.67053364269145 53.34570765661253
136 144.49954871895108 690.3800490300139
148 288.49612345663434 241.68323299174324
149 55.58281163476437 369.5761806160729
157 298.9639563187606 10.128858144094663
166 123.54780209337358 671.922664614402
172 430.6894916908767 171.52522048488393
173 161.40882399691986 273.769956537608
175 141.97331786542927 555.1044083526682
176 326.16101809591584 133.70869531232577
177 360.4547563805105 92.11600928074246
178 148.10904872389796 562.5661252900231
179 418.11164959939606 333.39951136780246
180 227.49767981438518 302.5058004640371
181 627.5707656612528 439.1415313225058
182 424.6264501160093 377.87935034802786
183 443.45243619489565 494.54756380510446
184 504.17053364269145 221.14153132250578
185 350.7726218097448 562.5661252900231
186 383.7250580046404 445.92111368909514
233 274.4815272538286 701.7267141739121
245 180.15071107200592 534.1010575889934
246 449.270973915683 253.6037439533841
247 264.4389346257196 -1013.5255695615177
248 98.4182033548741 -447.0019016714855
249 738.0340703435478 115.035651854298
250 203.74245939675177 247.87006960556843
251 438.6821345707657 466.5104408352668
252 240.54176334106734 375.75870069605566
253 108.27669725867682 171.94883450850725
254 258.3109634154122 -517.4678907063746
255 251.0394431554525 403.68909512761024
256 244.3357564843067 496.18289299171823
257 443.74245939675177 255.1740139211137
258 354.4593967517402 212.4640371229698
259 240.14153132250584 105.9675174013921
261 210.80626450116014 96.22273781902553
264 566.8266189571232 679.4500768959111
