# pedestrianID x y
86 139.35417760910087 689.4513351176806
125 140.1728963327241 687.4608681795386
127 145.07016062778013 679.4184288118181
148 139.75721786971306 690.1295580385193
173 22.721549347589505 274.82337667907495
179 142.48486182789867 684.5350559229779
185 461.4449726061253 17.194773408570633
245 509.1668471486627 589.979703029519
246 493.6046193328441 562.146691463672
247 511.744117916915 592.6428038645233
248 517.1065006708865 604.1160877323344
249 208.85064202937775 606.1679505339421
251 709.4274467805749 272.00423139935384
253 531.9200078224928 626.0310683731855
254 529.5767968039808 622.3958571324898
255 95.7879901259753 10.300989057741084
256 461.4233263876257 23.867718456464264
258 130.538304007488 689.7751722941696
259 126.02409039415741 684.072482979516
261 126.12398349391758 681.787487070652
264 16.977352263619387 288.7174122555498
267 728.6806977045037 261.756371167474
