# pedestrianID x y
20 453.5881670533643 170.81670533642693
21 592.5962877030163 178.9141531322506
22 579.3364269141532 219.39675174013922
23 531.2378190255221 148.76102088167053
24 662.0429234338746 151.85614849187934
25 437.901392111369 69.63341067285383
40 693.7993039443156 302.5058004640371
41 654.1032482598608 268.13457076566124
42 661.5440835266822 180.5475638051044
43 665.3201856148492 192.11136890951275
44 634.3747099767982 200.51044083526682
45 593.5626450116009 167.61020881670532
46 511.9129930394432 246.05568445475637
47 468.58004640371234 262.5522041763341
48 581.6821345707657 147.22041763341068
49 477.5591647331787 240.64037122969836
50 573.0638051044084 197.13689095127611
52 523.0220417633411 139.58700696055683
53 507.83062645011603 237.05336426914153
54 475.4605568445476 101.76334106728538
55 509.2784222737819 97.60092807424593
56 436.3143851508121 49.698375870069604
57 334.62296983758705 52.125290023201856
99 412.15707462678387 -4.521494785252397
100 71.4100723072738 753.9528651296482
101 539.4593967517402 562.5661252900231
102 715.2331786542924 310.34802784222734
133 188.08584686774947 412.4408352668213
134 470.5255220417634 496.91415313225053
135 541.3491879350348 600.5011600928074
136 326.9454756380511 74.80278422273781
137 468.64856374432685 615.232982153453
139 487.2298835365722 647.9293982427312
150 336.6740139211137 575.0951276102088
151 317.44361663745013 1373.2150086222264
187 682.1194895591648 600.5011600928074
189 683.0452436194896 595.3828306264501
190 540.2230781450139 676.597993005163
192 654.3695389998625 571.1886017825137
195 442.35614849187937 473.45707656612524
197 604.9177399113255 690.2583748517608
198 409.5762118268867 456.9897607540753
199 669.2564700286158 528.6205649586542
201 462.4039608328934 356.5130598923939
204 170.6160092807425 350.67285382830624
205 60.61832946635735 647.401392111369
206 242.5069605568446 506.42691415313226
207 588.901392111369 626.3712296983758
208 313.2819675100153 206.86787365259943
209 484.88863109048725 508.8167053364269
210 714.7150883784401 267.82495935571313
214 210.04756380510446 575.0951276102088
215 446.1809744779583 452.74245939675177
216 552.2378190255221 322.25058004640374
217 535.701856148492 367.32250580046406
218 412.453596287703 473.45707656612524
219 337.98955916473324 445.92111368909514
220 193.03828306264506 610.7935034802784
221 236.25870069605574 550.15313225058
222 588.7869712910503 427.24361859733665
223 190.05104408352673 582.6682134570766
224 684.9454756380511 302.5058004640371
225 289.062645011601 485.1276102088167
226 478.4628770301624 445.92111368909514
227 209.0823665893272 636.8491879350348
228 300.792343387471 600.5011600928074
229 506.77958236658935 434.64501160092806
230 539.7563805104409 399.34106728538285
231 458.16125290023206 228.16705336426915
232 237.81438515081211 175.661252900232
233 284.8503480278423 506.42691415313226
234 300.639211136891 136.56612529002322
235 561.8032220902437 459.069642604833
236 45.04053984479715 259.55997106710277
