# pedestrianID x y
3 141.85081987644867 689.7624155364916
19 120.97325788444255 689.8006924856041
86 151.91564940542798 680.134341628744
91 577.5473689738864 683.876641069279
93 577.3568875625995 685.5926654794267
94 577.9170795701547 692.167290264457
122 728.1601013026047 269.04854033409623
125 152.98839975467172 676.8485489525931
127 159.083997802349 664.8331257571193
131 579.8004355691086 692.6110215023101
148 158.20740808769395 678.3292151164218
173 38.22473157240186 274.7057127021785
179 164.80640244018113 664.5333411725771
180 126.37231401889842 681.3166052101082
184 730.9754668418763 478.4360188095437
185 459.64182873126475 46.558601153030715
245 479.9914511197174 542.9722497352517
246 466.2743514270733 519.2533985107021
247 482.45154683077044 545.1825480938829
248 487.9151355903534 556.9284460740436
249 250.65732014112663 560.2495829060302
251 686.8930085463729 277.1792269114626
253 503.2754451669358 579.4928704739889
254 500.55996097825135 574.7544631441156
255 101.1683787503251 27.30912912224093
256 459.8337303151455 59.73773973522613
258 140.48501632639457 671.5018650009504
259 127.9459180829174 654.3839315135867
261 128.0788513233697 650.6364430718562
264 43.37310080332818 309.8010844439451
266 729.628428069635 260.66890329041007
267 705.9382172211452 255.27229603080772
268 130.76510383610255 682.3225235530675
269 19.87108256875228 268.7186265834065
270 12.21771475340508 267.4961819283849
271 575.2706609367942 682.151710973625
