# pedestrianID x y
3 163.61457798327572 676.8827140415273
19 107.83478892785725 657.1346456487303
83 725.3405773327083 643.2625436616725
86 183.53078243363547 656.3824826756698
91 577.6369525781454 652.9877043198787
92 94.02904862986456 692.3260388286582
93 577.0236911314472 651.713495984262
94 579.3648341620682 665.2340616615732
95 722.5937435286285 489.7474589503323
122 711.195304137928 274.7408093037381
125 185.0295195864694 650.767053295611
127 192.1470948101305 632.1063822725645
129 716.2428022833058 629.9577864329177
131 582.2722474725246 684.9360485814871
148 215.22490095539314 640.0253496525047
149 159.78914075385822 673.316237163244
166 124.58005996474175 691.927066691074
173 71.80324653624027 274.4462825942617
175 128.0232215808532 674.5912276076825
178 133.78766184104492 685.7928291666533
179 238.84270873934926 596.1171490479201
180 130.67094501996442 621.7350067428273
181 718.9790618348374 320.7311378101035
182 590.4114137666905 18.019048967778968
184 692.0211376567934 493.54804331247175
185 452.1093707610455 167.95235908237936
245 418.7105812355047 444.6693935584686
246 413.74648934094125 435.2501077627696
247 421.37297387994454 446.25312020029565
248 423.6790990241549 450.55695041171657
249 347.47555420892354 452.5487948456283
251 631.6733051006896 289.2152312590272
252 116.69472872071519 14.78264678985602
253 429.84641760573606 462.15592927594474
254 428.20070167010084 458.4082915168439
255 122.06272390239887 91.52988278384876
256 453.7722635087485 197.82096498086162
257 609.7332451167996 666.6567155665012
258 181.97568150951537 592.2184564738177
259 136.78376667808348 516.2665687348493
260 707.6508704131929 474.4977937943216
261 136.69444156654998 498.50203670892046
262 61.45742288329885 251.36292727236028
264 155.33888592146127 397.88563880010577
265 618.1341700553781 446.1830502246583
266 669.2747265985579 234.94234377424846
267 583.7861484379004 221.1173266658433
268 159.81592894764827 593.312071001402
269 142.59615090494427 228.3526990388469
270 94.75854242091474 216.5280069366781
271 555.2350739698019 518.4019618690786
272 640.9762532442428 198.28662046534967
273 640.6245882148803 57.391978236835065
