# pedestrianID x y
3 144.69276118479337 688.0285690605543
19 119.7247622899216 686.6584966260555
83 732.5087688093306 648.9886672929005
86 156.12027058242546 676.9165135080885
91 577.5581634575798 680.3197989634104
93 577.3201495565869 681.8837059822329
94 578.0574255623358 689.5983598449278
122 725.9620317769065 269.7885153461196
125 157.40777406393443 673.2862658610169
127 163.71406434979608 660.1934888222487
129 731.8512273367803 646.3395015501509
131 580.1400123929978 691.5180426318566
148 164.85476190497266 673.704860544335
173 43.10740217680635 274.66872581050507
175 126.08725984838087 690.8680467049776
179 173.40692839865306 656.3623908873172
180 126.82378809682105 675.6770652291855
181 731.2742697388034 287.4780579519812
184 727.5041207919239 479.71552695732487
185 458.89574697890123 58.85117626057678
245 470.7464694761039 528.8159176969965
246 458.28223257340267 506.5146416503362
247 473.6527730178508 530.9120461359636
248 478.88798623071966 541.958900338171
249 263.528082043635 545.547574602819
251 679.3985838183929 278.79095078141677
253 493.6405919984078 564.5174931961095
254 490.9677472250974 559.159330820844
255 103.3247309103288 34.18551513906302
256 459.21224255521975 74.25459181081638
257 586.0562323936815 691.0238479211075
258 144.59539147589857 663.4465626798699
259 128.78024193234947 641.0786211055687
261 128.9024261170568 637.0233908294454
262 10.347741790577585 270.9768917478788
264 54.54339745705311 318.447647793574
265 731.0646558813611 472.8681794075837
266 725.25520817903 258.8352244266785
267 695.3505778689711 252.33945848049777
268 133.1014647296305 675.5472995797536
269 27.998459202268627 266.07697304233244
270 17.69367561014741 264.0949729370633
271 574.1573729552098 673.0789988346957
272 729.4518497253302 257.851364522541
273 731.247328072504 64.31014189640074
