# pedestrianID x y
26 603.3422273781903 151.85614849187934
39 137.74129930394434 478.11136890951275
47 617.3880513615997 684.4143802587311
49 436.91995359628777 575.0951276102088
57 581.431554524362 608.2134570765661
58 62.53132250580052 288.96055684454757
60 167.51562238578316 233.99390022829112
62 419.977958236659 414.6403712296984
64 682.7807424593968 268.13457076566124
65 466.2308584686775 482.78422273781905
66 708.4990184465936 246.7662237485841
67 525.6566125290024 475.7819025522042
68 615.6508120649653 167.61020881670532
69 277.8491879350348 126.13921113689095
70 182.67517401392118 205.60556844547563
71 21.944315545243626 144.15313225058006
72 527.3967517401393 108.79350348027842
96 266.7519153313767 376.6053782677033
100 484.5104408352669 277.53132250580046
101 731.3383609652631 470.90191281363695
103 258.28422273781905 414.6403712296984
105 63.8955916473318 650.0510440835267
106 434.2482598607889 443.6566125290023
107 272.8874709976799 441.3967517401392
108 280.4593967517402 100.37122969837587
109 607.3515081206497 535.4106728538284
110 328.38399071925755 540.3062645011601
111 289.2761020881671 572.5800464037123
112 167.7389791183295 652.7053364269142
113 249.09860788863114 35.52668213457076
115 142.0765204632697 686.0594691876399
117 157.83336799802183 674.2682536989093
131 472.6345707656613 54.5707656612529
133 133.680080264292 653.529095874286
134 637.8607888631091 296.67285382830624
135 653.7204176334108 375.75870069605566
136 405.5962877030163 466.5104408352668
137 503.1206496519722 312.3201856148492
138 178.56844547563807 425.70765661252904
139 209.3515081206497 217.65661252900233
140 502.66589327146175 6.08352668213457
141 484.0556844547564 300.5568445475638
142 635.3738974695987 464.63810506417525
143 476.6960556844548 348.6125290023202
144 486.44315545243626 443.6566125290023
145 363.83062645011603 395.01160092807424
146 357.2434085085686 573.4025717312165
150 693.6256650365916 468.0526354444213
152 131.6397233765696 512.5735377019777
153 275.7515300874248 350.17492220369166
154 492.57245214176135 620.6081325562631
155 589.9403587664127 440.1235444874403
156 193.62003373350234 649.9560025511076
157 193.19786809609465 621.3686145052146
159 159.95420268450803 679.8846813844184
195 418.7250580046404 110.21345707656613
198 645.0788863109049 395.01160092807424
199 730.2128227580877 434.019039011346
201 539.989867728998 336.3480278422274
202 267.8341067285383 388.55220417633416
204 158.84969859889284 650.4602876777864
206 158.2921353028108 677.4224207446953
208 215.12645011600932 187.12761020881672
215 696.952407124551 286.41137263183276
216 716.5139330861871 448.03668735683954
219 654.7817453322347 336.614589076872
225 541.9880520856032 671.2257294645659
226 722.6321384358533 232.61960148235994
228 714.2383005240089 284.028265594311
229 713.5578141856446 283.34531360350775
231 582.8361803984353 593.2653291848806
233 532.2942111976421 460.63471829745976
235 632.1428515059246 273.6230688390888
236 559.1496519721578 35.52668213457076
237 539.4860788863109 397.17401392111367
238 419.3221444731147 22.413248730658704
239 434.69837587006964 390.70069605568443
240 511.7111368909513 334.32018561484915
241 420.3201856148492 352.737819025522
242 419.0403804184394 391.95789816526366
243 410.2436194895592 369.42459396751735
244 352.554524361949 537.8561484918793
