# pedestrianID x y
1 732.5764372756657 649.213082793076
2 732.2096104259374 648.2954007766216
3 221.8063842446799 641.590130502487
4 152.59976798143856 658.0278422273782
7 127.0237334051505 673.1171806494378
11 126.529534023591 682.97635279182
13 731.8503725784217 298.04213330935465
14 719.3833372000786 240.98819079961615
16 460.43851508120656 336.3480278422274
18 175.50812064965203 166.0139211136891
19 107.6171693735499 425.70765661252904
80 9.443214570794481 279.4791796212641
83 705.1323477810442 626.5204691098443
86 267.8386954388056 595.1064562743655
87 103.20301624129934 585.2018561484919
91 572.570765661253 518.4222737819025
92 109.67285382830633 562.5661252900231
93 544.4675174013921 310.34802784222734
94 478.41183294663574 318.26450116009283
95 702.8097447795824 308.3805104408353
108 136.72207024003066 687.2867213578443
121 721.9237234592403 274.50750310850606
122 661.4065211155349 291.51511532544896
125 269.0203509922412 583.4610130592163
126 711.2928587737366 480.16865860531675
127 270.96185360158825 551.9722898872304
128 173.45243619489565 671.415313225058
129 718.147331786543 342.4593967517402
130 429.97215777262187 361.04408352668213
131 587.9817500084047 667.5370676990628
132 298.87006960556846 14.454756380510442
136 142.96932925284432 691.1562306416239
148 513.1252900232018 466.5104408352668
149 -120.3594976697057 123.24662024817421
157 297.3015233653422 9.298438948201506
166 123.71982655649424 675.3333497804123
172 315.02784222737824 63.27610208816705
173 148.459902707718 273.86763600162317
175 136.22157772621813 590.2830626450117
176 334.75174013921117 48.49187935034803
177 319.1716937354989 50.909512761020885
178 142.4802784222738 597.9396751740139
179 418.34550547152486 325.15250916248203
180 202.17517401392115 342.4593967517402
181 630.8097447795824 386.40835266821347
182 447.98912467216064 348.1860086325318
183 420.11832946635735 457.3132250580046
184 522.092807424594 277.53132250580046
185 402.100928074246 520.8352668213457
186 424.8329466357309 382.13457076566124
233 243.86897614780352 728.0749583768693
245 168.768468235452 543.5550809335733
246 451.6512701072951 250.47575877599775
247 261.6239766035498 -1051.4543661320317
248 82.5506996449367 -493.5081866821952
249 761.4636467270979 98.49119373772594
250 188.08584686774947 205.60556844547563
251 414.5058004640372 439.1415313225058
252 219.07540603248265 326.25522041763344
253 91.93215176822444 159.9057654906528
254 251.86531305675976 -573.222412300838
255 221.2761020881671 365.22505800464035
256 319.6962334222303 480.6574584978087
257 474.48955916473324 308.3805104408353
258 464.5220417633411 222.89095127610207
259 188.51624129930397 139.58700696055683
261 166.3805104408353 132.06960556844547
262 346.24593967517404 20.928074245939676
263 536.8967517401393 3.020881670533643
264 525.7552204176334 605.6380510440835
265 544.8503480278423 658.0278422273782
266 485.50273598553906 8.502977849018944
267 284.04127565719284 13.626581485980322
