# pedestrianID x y
1 721.1260630904661 640.2788698157967
2 720.210338744695 637.9201796599762
3 332.838747099768 464.20417633410676
4 278.94315545243626 525.675174013921
7 129.780266403652 635.7071115868081
11 139.15313225058006 628.9837587006961
12 137.5116009280743 610.7935034802784
13 592.6484918793503 174.04176334106728
14 670.4129930394431 175.661252900232
15 726.909512761021 233.48491879350348
16 563.5429234338748 608.2134570765661
17 592.6867749419954 169.21113689095125
18 222.07888631090492 105.9675174013921
19 66.86194895591655 74.80278422273781
30 284.9069970496292 9.428152631139762
37 678.8410672853829 647.401392111369
69 538.5874777567716 692.6460060612197
80 20.49188615772474 284.6519262422969
83 677.1925754060326 603.0672853828306
86 377.0974477958237 439.1415313225058
87 170.05684454756386 354.8074245939675
90 350.7308584686775 141.1044083526682
91 570.7927406225983 334.77615570088255
92 180.4164733178655 334.32018561484915
93 661.8375870069606 185.4756380510441
94 462.3248259860789 41.35034802784222
97 677.8874709976799 193.78190255220417
108 145.65163804856954 677.3184705026184
111 472.67723002567936 14.313170543651394
118 307.7502632336984 7.83347006310399
121 706.5454041748224 282.5998364398658
122 586.2464734247234 316.8444370291632
124 728.6393668231169 268.49557832345505
125 347.8109048723898 441.3967517401392
126 671.4035946318735 487.50594735039215
127 431.82377632650486 312.4060428225341
128 379.16125290023206 468.8213457076566
129 635.4976798143853 148.76102088167053
131 594.8471213267665 646.2932876330214
132 242.94699318435983 23.99039876393243
136 153.23715640652378 686.1298444575756
148 459.00928074245945 300.5568445475638
149 82.0255220417634 320.2552204176334
157 309.56367505502806 15.028292779185852
163 725.6682134570766 229.9350348027842
166 122.33566775668021 648.9945800336376
171 199.23201856148495 94.8491879350348
172 368.9648590550624 447.6800731129558
173 267.88979118329473 414.6403712296984
174 244.7343387470998 260.7006960556845
175 161.79466357308587 358.96055684454757
176 370.2958236658933 180.5475638051044
177 434.91995359628777 231.70765661252898
178 162.01044083526688 380.00464037122964
179 464.12018406380315 84.35374003355847
181 581.0229153169726 684.281931598607
233 353.7126612473108 625.0098650214926
237 729.7210726606927 478.05787728886537
245 222.73229608395727 494.7213616493697
246 439.5728901515788 266.7662337518898
247 278.09360322546416 -830.0630546622958
248 185.3062632637707 -185.86437355171034
249 634.2448577407531 185.208569042354
250 296.19837587006964 427.93503480278423
251 -206.0976695639673 -68.54560817620842
252 396.977958236659 520.8352668213457
253 175.26950284693197 221.5051069326401
254 294.59715558860205 -221.16946950714447
255 425.9918793503481 565.0626450116009
256 155.70301624129937 644.7563805104407
257 266.7192575406033 20.928074245939676
