# pedestrianID x y
26 468.23201856148495 60.76566125290023
39 133.73085846867752 628.9837587006961
41 731.3547622318478 454.5159144691582
46 730.3944502366375 446.90170178341594
47 619.4709976798144 639.4802784222737
49 504.33874709976806 582.6682134570766
57 552.8236658932715 480.44547563805105
58 94.9547563805105 464.20417633410676
59 699.3503480278423 229.9350348027842
60 216.254060324826 207.31322505800466
61 659.6890951276102 178.9141531322506
62 232.91418403661456 501.55975699338455
63 714.7470997679816 251.5127610208817
64 632.1879350348029 150.3062645011601
65 426.39327146171695 530.5336426914153
66 636.0092807424594 150.3062645011601
67 478.47215777262187 621.1600928074246
68 475.64269141531327 76.10672853828305
69 176.8109048723898 64.53828306264502
70 64.66589327146175 324.2505800464037
71 59.395591647331855 334.32018561484915
96 268.8155452436195 302.5058004640371
100 424.1780668955686 336.59559182074145
101 715.1847803050147 463.56101719950516
103 723.0512974074693 767.4370975618685
104 641.854988399072 148.76102088167053
105 60.35167262407815 394.166859182263
106 240.50000000000003 511.2111368909513
107 247.1067285382831 542.7610208816706
108 185.61368909512765 49.698375870069604
109 587.6577726218097 647.401392111369
110 154.84107886815204 668.813003364107
133 138.17017761470942 627.5562845489135
134 468.51624129930394 380.00464037122964
135 498.4265210449 434.20461082147415
136 549.6893474522474 350.2078090467115
137 424.7807424593968 414.6403712296984
138 192.5031181059082 347.59394936170094
139 187.46751740139214 338.3805104408353
140 458.6194895591648 205.60556844547563
141 405.5696055684455 414.6403712296984
142 489.9918793503481 487.4756380510441
143 410.092807424594 452.74245939675177
144 448.2146171693736 459.6055684454757
145 297.75638051044086 582.6682134570766
150 659.6020007030725 462.826618834329
187 725.9336965812244 660.3133731757453
192 585.5575189420534 686.5545945995653
195 536.6206496519721 242.44083526682135
198 518.3559182925476 403.24933519026507
199 727.6294899478787 423.11733731520843
201 538.2475086380589 336.3480278422274
202 280.6972157772622 414.6403712296984
204 176.1670233527071 624.5127632137876
206 180.2611404474466 662.796854269247
208 192.79582366589332 308.3805104408353
209 332.1113689095128 92.11600928074246
214 143.6163839319247 690.3288068868565
215 679.2059816468824 294.98573015939974
216 708.1165525799898 438.1860992258372
219 576.0812064965198 348.6125290023202
223 138.51957514522974 688.3403163791274
225 515.7399409544751 649.6744401370728
226 662.100928074246 235.26682134570765
228 684.7161492155193 307.7415589782624
229 698.4813493336931 293.4807979788228
231 554.893271461717 528.1020881670534
233 492.9593967517402 482.78422273781905
234 633.9381670590167 212.5606191329828
235 549.351152106297 261.5494847400348
236 551.8631090487239 226.40371229698377
237 493.3596287703017 255.1740139211137
238 306.9930394431555 135.06264501160092
239 334.11368909512765 494.54756380510446
240 429.354988399072 443.6566125290023
241 293.91183294663574 489.8283062645012
242 340.6911799489758 382.7626153970273
243 296.3137404002157 510.20610393281333
244 246.97354653119828 631.2385960999109
