# pedestrianID x y
133 302.61783613008004 61.69245011960531
188 356.61664178455095 145.45799777179155
190 592.9240833390282 482.778159328527
191 515.1556280754679 92.39499733948918
192 729.5252758398877 255.69230738625185
193 625.6986810363836 53.96753486027642
194 502.6521661427516 76.1271514061093
196 501.6524784182356 64.42483771463314
198 238.02365660805793 386.0276016810893
199 639.55269176692 206.25140621700538
200 466.2809016889112 7.033373631895167
201 468.43580698350615 74.46080705788624
203 277.9868499900868 70.29811853389005
204 277.35235407214765 87.00787160236035
205 13.678262163948872 277.9041877229708
206 119.02096558958192 49.9604696465873
207 458.15193242458986 171.13379207122807
208 390.730817449861 413.8915405533474
209 212.8351652251544 522.3711156826599
211 488.2861305116895 502.86762156785585
214 115.98101099174603 293.67989664394185
215 247.68581873189913 554.2025304387796
216 326.3650838149252 346.1451771861155
217 211.23541148602345 583.3669650361976
219 181.98476704389137 310.9621150782064
221 29.64669054039497 273.15079090468794
222 188.2013440166504 648.0243270885433
226 75.62636873021233 303.105533130031
232 714.7184979264086 261.4563410471412
233 169.88717824649032 636.7303162657015
