# pedestrianID x y
1 478.37122969837594 247.87006960556843
2 476.16009280742463 240.64037122969836
3 307.7587006960557 103.16009280742459
4 287.06032482598613 60.76566125290023
5 287.7900232018562 44.90023201856149
6 375.5452436194896 20.928074245939676
30 151.31206496519724 436.8909512761021
31 527.9651972157773 86.70533642691416
32 377.44779582366596 41.35034802784222
33 371.7192575406033 32.08816705336427
49 164.50310120267588 682.4738805586576
67 633.4986705372537 12.73518222103472
69 363.3677494199536 652.7053364269142
72 699.9655683419991 270.99640149353553
73 728.2777602830554 388.82366079052184
78 128.58004640371232 425.70765661252904
79 129.23201856148498 421.2668213457076
80 278.2225322727325 173.71322557098074
81 703.8045036027277 267.3098132494009
83 557.6612529002321 65.80510440835268
84 647.4176334106728 258.8538283062645
85 15.031322505800517 238.8445475638051
86 257.5394431554525 69.63341067285383
96 719.3698423233184 274.84267870558006
97 346.97563805104414 636.8491879350348
100 638.4311806377572 27.580554083891926
108 256.6388809184724 555.7489522964428
111 544.8825200659825 113.36347286636936
112 336.84106728538285 52.125290023201856
114 247.71809744779586 88.05104408352668
115 336.73781902552207 147.22041763341068
116 705.1380510440836 363.1322505800464
117 300.32598607888633 19.837587006960558
118 549.4767981438515 575.0951276102088
120 211.1995359628771 439.1415313225058
121 193.30742459396757 271.8793503480278
122 71.76566125290026 547.6844547563805
123 319.9222737819026 450.4640371229698
124 308.30742459396754 516.0139211136891
125 294.1218097447796 11.280742459396752
126 366.2494199535963 85.36426914153132
127 260.02552204176334 84.0278422273782
131 461.63689095127614 392.8538283062645
132 248.83406042706272 602.1744554109832
136 240.9177369258093 645.6484850825748
138 136.30943041909708 680.1673226740073
141 610.8850935420387 24.576766593056988
144 624.2613627330188 13.103855600404236
146 707.2511480172924 269.3461196535807
147 405.35034802784224 408.0556844547564
156 573.3689095127611 237.05336426914153
157 516.5104408352669 229.9350348027842
159 461.09396751740144 455.02552204176334
161 407.6055684454757 382.13457076566124
163 325.94663573085853 480.44547563805105
164 472.808584686775 414.6403712296984
165 194.69373549883994 425.70765661252904
166 149.49071925754063 275.6426914153132
167 155.38863109048728 405.87006960556846
168 310.5406032482599 434.64501160092806
169 281.45243619489565 399.34106728538285
170 178.81597136635418 582.6312883785898
202 128.12526062867667 32.82333978519237
215 731.151841937293 269.243219758469
219 715.3504318763188 285.9985920805595
231 578.1475221673862 687.1139094799728
233 477.0766563147193 511.65385347470044
237 677.9476580592324 493.9497032145557
243 524.5475638051045 255.1740139211137
245 127.49419953596293 390.70069605568443
246 271.81621898209175 -77.81872148468352
247 267.715777262181 54.5707656612529
