# pedestrianID x y
125 134.18432980704762 692.3847258433683
127 137.99810927636833 686.6902634594347
173 14.842055035298689 274.8837357953178
179 134.1043472322957 692.0723246679819
185 462.0243648613603 7.708799210227777
245 525.5066488093127 616.2191861671956
246 510.1219963930539 589.2929496304919
247 528.1377139635387 618.5897268604535
248 533.1364263667225 629.3403136209336
249 186.58445045798504 631.3029573511966
251 720.3947362255792 269.4776178162487
253 546.4402901589921 649.6266945675513
254 544.2271277896626 646.5759829358826
256 461.9776346264846 11.568988203089297
261 125.49459651944701 691.9172510992988
264 8.00984540668933 281.53624000159675
