# pedestrianID x y
26 573.3665893271461 135.06264501160092
39 143.69257540603252 511.2111368909513
47 621.4823260740891 682.7453260957933
49 464.0440835266822 557.5870069605569
57 572.0023201856148 587.7401392111368
58 67.06032482598613 320.2552204176334
60 167.3264455687493 240.90068560900625
62 386.76566125290026 434.64501160092806
64 697.7807424593968 242.44083526682135
65 446.7912524535713 465.8206324430219
66 700.5835266821346 242.44083526682135
67 521.9733178654293 506.42691415313226
68 390.87680650159894 15.52124114710317
69 257.9327146171694 117.38283062645012
70 173.60324825986083 226.40371229698377
71 25.754060324826014 182.18561484918794
72 535.6055684454757 76.10672853828305
96 278.3995214536637 379.4092152165727
100 473.92923433874716 302.5058004640371
101 729.4833955291188 470.0167976785835
103 282.66009280742463 441.3967517401392
105 74.44663573085853 626.3712296983758
106 402.22157772621813 464.20417633410676
107 296.49535962877036 464.20417633410676
108 262.6160092807425 90.75638051044085
109 605.1832946635732 557.5870069605569
110 298.66125290023206 552.6264501160093
111 260.3051044083527 590.2830626450117
112 143.5106377563332 655.1360728687839
131 466.91103192410685 20.453937230222827
133 134.32734500237024 649.4069040888826
134 599.0278422273782 308.3805104408353
135 628.8758700696056 392.8538283062645
136 637.7188100876737 277.30646643469595
137 490.5324825986079 334.32018561484915
138 197.01768537316073 331.9533959086204
139 202.8375870069606 244.24593967517401
140 495.63225058004645 35.52668213457076
141 472.7993039443156 322.25058004640374
142 616.7554361691841 462.6949739610045
143 448.7679814385151 365.22505800464035
144 454.3828306264502 452.74245939675177
145 433.134850718228 667.1269278165064
146 403.81232484233027 597.8770226019143
150 688.7037776203186 467.3226258820175
152 129.59816013069633 567.4096320633952
153 221.39569629308846 335.101648432663
154 536.3631991627167 662.2024599322613
155 634.3755176051724 450.4765423772322
156 164.84835240902282 672.2968793742506
157 168.62743078852745 649.3854459172701
187 732.6860486049425 657.7323412833322
195 440.9640371229699 136.56612529002322
198 611.816705336427 403.68909512761024
199 729.7539805172437 432.1474960175008
201 539.652161638441 336.3480278422274
202 290.30278422273784 414.6403712296984
204 161.49966997299174 646.3308214066877
206 161.6751289369926 675.2500145944374
208 207.36890951276106 212.4640371229698
215 693.9128607033151 287.70391370572685
216 715.0990086897469 446.354199526578
219 650.2771707225523 340.2179044579085
225 538.0893700754667 668.1290564466254
226 721.5083417217711 230.41656411083363
228 710.5515516154874 287.11059573029104
229 711.1287072790858 284.91972606625336
231 583.3458111542076 583.1224100989069
233 533.9705909432894 459.08996950106734
235 612.8813265118698 270.4360935596935
236 566.8944315545243 69.63341067285383
237 534.6879350348029 371.53132250580046
238 411.63226025170286 26.593311171596632
239 401.2296983758701 430.1670533642691
240 497.21693735498843 354.8074245939675
241 399.5104408352669 373.6426914153132
242 418.6416387155426 383.4077050388155
243 290.99712884595436 520.2593416280757
244 428.14832571842857 552.6264501160093
