# pedestrianID x y
27 682.3700696055685 154.96983758700696
28 619.2865429234339 158.10208816705335
29 611.3584686774943 136.56612529002322
39 125.80742459396754 188.78422273781902
49 244.55142893911162 646.4906750098431
57 603.2298008696322 690.344796236398
58 27.856171858365407 219.99395533114583
60 211.84338747099773 468.8213457076566
62 674.5986078886311 332.2969837587007
64 730.4488205487378 423.2160856211897
65 668.1751740139212 318.26450116009283
67 576.8097447795824 178.9141531322506
69 433.69025522041767 253.34106728538285
70 466.39327146171695 148.76102088167053
72 454.6589327146172 320.2552204176334
73 315.6218097447796 572.5800464037123
74 679.9083526682134 151.85614849187934
75 619.9593967517402 516.0139211136891
76 626.800464037123 178.9141531322506
77 542.2610208816706 268.13457076566124
78 97.10672853828311 618.5614849187934
79 263.43387470997686 68.35266821345708
80 265.67517401392115 53.34570765661253
81 308.69025522041767 9.187935034802784
96 632.0661252900233 338.3805104408353
100 612.5069605568447 93.48027842227378
103 138.3561484918794 148.76102088167053
106 577.9709976798144 167.61020881670532
107 248.55220417633416 352.737819025522
108 369.07080573944467 69.9767283931888
109 317.0566559585049 1138.41103993023
110 577.8816705336427 369.42459396751735
111 441.7830626450116 432.40371229698377
112 475.6589327146172 390.70069605568443
113 321.02604171335855 196.29380070558452
114 7.725528890932509 1327.5761899878578
115 327.6914153132251 475.7819025522042
116 -187.34708816050798 748.0122639714702
117 426.2784222737819 412.4408352668213
119 730.2273781902552 382.13457076566124
120 273.5208816705337 69.63341067285383
131 492.17900788199944 -516.017161517152
133 129.15423874945213 677.5130174269297
134 553.9373549883991 475.7819025522042
135 729.5909389936004 300.11455216795343
136 552.8236658932715 480.44547563805105
137 599.6959678022369 152.8050609931589
138 170.24260851222473 617.5012685740008
139 329.1436127060346 172.9462362752515
141 561.6829957943701 201.12091287673022
142 715.3774570647566 472.4836664827792
143 350.3402830328215 352.17464392858767
144 576.0278422273782 175.661252900232
145 397.5069605568446 358.96055684454757
146 548.9466357308585 434.64501160092806
150 721.5826392543534 472.30276104110527
152 41.072927821127564 327.49936330671494
153 614.9767981438515 336.3480278422274
154 467.5069605568446 367.32250580046406
155 232.86658932714622 392.8538283062645
156 415.2679814385151 459.6055684454757
157 386.5512423483545 466.2837326663302
158 362.51971606864004 470.2621013364045
159 443.92111368909514 537.8561484918793
160 444.3051044083527 511.2111368909513
161 336.6740139211137 575.0951276102088
162 104.18604984304545 410.9604570600054
163 142.7024422718069 247.53027299826203
201 514.6345707656612 401.5127610208816
202 192.52436194895594 114.50116009280742
204 142.00081115510886 675.4961700596496
206 139.276316999754 690.5616300832488
215 715.8048254390769 276.7266715737124
216 726.517464826364 459.37365349244106
219 686.1252381665387 310.3484161544291
225 563.5281073253049 688.6133216046285
226 730.1977032063703 246.67226577995774
228 732.6282630903355 270.2939298431988
229 727.8280081448951 273.6133152214576
231 579.8878854282092 651.8838834189095
233 515.3579992494418 476.27006317833496
235 497.0139211136891 36.682134570765655
237 527.7656612529003 608.2134570765661
241 493.6740139211137 44.90023201856149
242 486.54408352668213 42.52900232018561
243 404.7699443100619 303.54508145585464
244 561.3714472527953 420.0559432580107
246 294.1708101618755 24.91623628985125
