# pedestrianID x y
86 143.09975336059503 686.6860991093722
91 577.5274242766557 690.626003499768
93 577.4218839109467 692.1715078048019
122 732.5333927900007 267.56660698311333
125 144.1310492747507 684.2607284871618
127 149.42354986041067 674.8042153197875
148 144.86167917430834 686.7361798011527
173 27.56210375048083 274.7870836732991
179 148.69842475107615 679.0179783261354
180 125.67616807932747 690.7588822675791
185 460.97238124225186 24.963342860217423
245 499.5878828708143 574.5092548130197
246 484.15675216248667 547.6185641195028
247 502.4869675116292 577.2486672390922
248 507.7562883014236 589.272199275261
249 222.38692973308278 591.9992393512609
251 702.4983924932277 273.57613677424087
253 523.1425944976631 611.304473240023
254 520.4718107525015 607.2589579142638
255 97.18658252819044 14.726802587108022
256 460.9888112769493 33.52471197211433
258 133.14871235898497 685.1404674808963
259 126.51869277694567 676.3986921084795
261 126.63453649915519 673.7253885131491
264 24.088057977563736 294.38882620813354
267 722.7924033228794 260.1085049421551
268 127.36211020269694 692.6327052310786
269 8.115461087565407 272.40959019200807
