# pedestrianID x y
27 682.3700696055685 154.96983758700696
28 618.0011600928075 158.10208816705335
29 608.8526682134572 136.56612529002322
39 125.40719257540607 190.44547563805105
49 244.68757592283487 646.3508345556401
57 603.3299739363276 690.2978145297479
58 28.006172015942806 219.71960595823526
60 210.1867749419954 468.8213457076566
62 673.0881670533643 332.2969837587007
64 730.3905201391523 422.9901029999355
65 667.1647331786544 320.2552204176334
67 577.2006960556845 180.5475638051044
69 433.56148491879355 251.5127610208817
70 465.1218097447796 148.76102088167053
72 454.8132250580047 322.25058004640374
73 313.86542923433876 572.5800464037123
74 678.6322505800465 151.85614849187934
75 620.3201856148492 518.4222737819025
76 625.4849187935035 178.9141531322506
77 540.2262180974478 264.40835266821347
78 97.10672853828311 618.5614849187934
79 263.6206496519722 67.07656612529003
80 265.86194895591655 52.125290023201856
81 307.7772621809745 8.148491879350349
96 632.0661252900233 338.3805104408353
100 612.5069605568447 93.48027842227378
103 136.28886310904878 151.85614849187934
106 578.3689095127611 169.21113689095125
107 248.55220417633416 352.737819025522
108 369.70497522533753 71.09997095136012
109 318.2846954803502 1136.2614602141196
110 576.3294663573085 369.42459396751735
111 440.1635730858469 432.40371229698377
112 474.0835266821346 390.70069605568443
113 324.4390781879971 194.99450137601846
114 8.07310690236268 1323.9098995970216
115 327.6914153132251 475.7819025522042
116 -179.20943793627504 745.6171793928918
117 426.3816705336427 414.6403712296984
119 730.2273781902552 382.13457076566124
120 274.82598607888633 68.35266821345708
131 491.3797438227127 -511.59577414314435
133 129.16443528433632 677.4733473202875
134 555.600928074246 475.7819025522042
135 729.5551821747605 300.2300340830362
136 552.8236658932715 480.44547563805105
137 601.1568993125289 153.44804223146866
138 170.35781687340798 617.2714193301518
139 329.0638566204138 172.9021676272445
141 561.7720934489407 201.11234395102142
142 715.2511085690317 472.4665643311312
143 350.92287772015385 352.08060750914234
144 576.4187935034803 177.28538283062645
145 397.5069605568446 358.96055684454757
146 548.9466357308585 434.64501160092806
150 721.5215088668625 472.2917881091058
152 41.29372121254994 326.5802323743385
153 613.461716937355 336.3480278422274
154 467.67517401392115 369.42459396751735
155 234.44431554524365 392.8538283062645
156 415.2679814385151 459.6055684454757
157 386.25775175268313 466.175559589379
158 362.70810363557047 470.4219100903286
159 442.1972157772622 537.8561484918793
160 444.3051044083527 511.2111368909513
161 335.25568197529356 575.8818503287836
162 104.3577904312095 413.70246571698505
163 141.634919737011 247.7916009315152
201 513.278422273782 403.68909512761024
202 192.21461716937358 115.93967517401393
204 142.0283140167136 675.4375515650736
206 139.32470693997269 690.5278535736041
215 715.7385678148671 276.7560153903929
216 726.4930029419141 459.3457352239726
219 686.0183279226604 310.41872192902275
225 563.4781552568256 688.5828959928064
226 730.1742878912014 246.64325695667367
228 732.5955824103188 270.31647505045464
229 727.8069944307888 273.63852758764847
231 579.8938411771667 651.7597529454291
233 515.4188753280469 476.19825140314833
235 496.23781902552207 37.84222737819026
237 527.5417633410673 605.6380510440835
241 493.9675174013921 46.09280742459397
242 486.54408352668213 42.52900232018561
243 404.79452186535656 303.63727254460457
244 561.401718312914 419.8957096403575
246 293.9525251081467 24.541661229027742
