# pedestrianID x y
1 615.8410672853829 511.2111368909513
2 612.7273781902552 501.66125290023206
3 455.5638051044084 229.9350348027842
4 506.9083526682135 294.73781902552207
5 526.8921113689096 290.88167053364265
6 661.5543802912287 187.07588642433612
7 549.6380510440836 162.83526682134573
8 652.8433874709976 174.04176334106728
9 470.80394431554527 110.21345707656613
10 569.2946635730859 84.0278422273782
30 221.90255220417637 205.60556844547563
32 704.7088167053364 221.14153132250578
33 695.5255220417633 214.1902552204176
34 471.19025522041767 97.60092807424593
35 471.9547563805105 88.05104408352668
36 473.0197215777263 124.66821345707656
37 585.0580046403712 150.3062645011601
49 146.7936522921847 690.3509197021707
69 454.85613937392054 677.0281068170974
72 719.9113789149632 268.0274374047899
79 -90.64475244395535 304.32276812531774
80 108.93967517401396 336.3480278422274
81 731.080041426021 265.5699079776818
83 575.024361948956 136.56612529002322
84 380.7726218097448 68.35266821345708
86 449.95707656612535 214.1902552204176
88 628.5197215777263 198.82134570765663
89 549.6148491879351 105.9675174013921
90 691.2899061817528 992.256173602644
96 729.8043816732428 269.88418999121643
97 455.50348027842233 499.2853828306265
100 642.7605273303192 14.141527070995101
108 195.1989297694793 624.3882036641292
111 503.07338173233967 56.2302997511639
112 323.246355759977 61.09603038336612
114 265.2133732252992 33.425844697203516
118 452.7331786542924 377.87935034802786
120 180.08004640371234 595.3828306264501
121 350.5909336464793 192.40192755427722
122 261.8114717684523 311.88379816886487
123 431.35614849187937 260.7006960556845
124 593.6101279041799 308.6337192531691
125 503.0280208768663 133.61235400742825
126 465.8967517401393 279.4245939675174
127 533.1658932714618 158.10208816705335
131 613.1902552204176 528.1020881670534
132 451.71809744779586 363.1322505800464
136 197.3377105066804 665.4932302310112
138 130.3871868168956 690.6686530802549
141 625.2852691694972 14.935219941007187
146 728.8676486965724 266.50617326905893
147 459.316589149687 299.8910355983134
156 592.0487238979118 103.16009280742459
157 376.8573085846868 54.5707656612529
159 416.3665893271462 222.89095127610207
161 525.2111368909514 132.06960556844547
163 443.5742459396752 290.88167053364265
164 724.4593967517402 277.53132250580046
165 111.97215777262184 676.8027842227378
166 126.63225058004647 450.4640371229698
167 220.35382830626455 238.8445475638051
168 474.6060381480674 328.5870155549837
169 114.87238979118334 117.38283062645012
170 274.74650867196397 421.1498147418704
171 462.42780738444975 532.897926060425
172 503.8692410446697 635.3426099542194
173 518.9087450927082 541.7336694127341
174 538.8356718465228 662.9788211590142
202 113.0155772332663 18.60137287777594
219 723.5944567910873 278.68440262507994
233 448.5511566538967 537.4020920671858
237 706.0309679162472 485.4265226646911
243 337.2308584686775 77.41531322505801
245 -57.427565613413904 281.68350527880744
246 420.69363559398073 292.44516887289103
247 317.79694548736376 -299.4413347264799
248 330.1659600226372 192.70660241988915
249 548.9396751740139 159.6751740139211
250 328.1682134570766 555.1044083526682
251 95.29715007622853 313.00979073677786
