# pedestrianID x y
3 152.52167583400146 683.3861174855026
19 115.42920571360214 676.1658790565156
83 729.4756005974576 646.5779888234116
86 167.8012914362124 668.3900581941683
91 577.5885877032838 669.8407574437509
93 577.2086171010789 670.5410723797066
94 578.5051127966044 680.9383764317955
122 719.9829829777805 271.7638551205799
125 168.84850227811447 663.8644154430242
127 175.73676356618893 647.8290388928185
129 725.8628774408695 640.2361865480217
131 581.0588166144439 688.6946649297873
148 184.5064578184365 660.6442887779273
149 142.6298678377395 686.2000980802093
173 55.38821314259501 274.5729538385254
175 126.81607295750383 684.740984556471
178 130.62969477298802 690.8836323375924
179 198.91595240739403 633.3752488255919
180 128.23363245987304 656.6040397097343
181 726.5216796345236 300.17350602968185
182 613.3065889517122 11.017376882895219
184 715.7262647318091 484.2816974438215
185 456.5203646642381 97.68848729129363
245 448.4602783837905 492.7123794963727
246 438.88367878840137 475.042808340028
247 451.76467096889365 494.5504360345195
248 455.59026974572333 504.11080397730547
249 298.1503556223514 506.5324656631675
251 659.5572002471733 283.166263382081
252 108.18588942803693 9.508245121801677
253 468.4790829933429 522.1214997731405
254 465.35607201605455 518.3329314281083
255 110.2429613653057 55.91777270670617
256 457.2637445297061 118.48866743156866
257 594.0179147859125 682.6413288963133
258 158.01303428845154 638.207977484414
259 131.60267744624903 599.589794691456
261 131.5605089279096 589.701062663698
262 24.486413817109593 265.47871643032045
264 88.8998108189819 346.8060408944352
265 708.1927604216417 467.1257184153687
266 709.2464725356756 251.77995349301554
267 659.2620619960464 242.3795244063235
268 141.53670639131536 650.0770814471211
269 59.977208952808695 255.830284451211
270 40.01835157577961 250.66746515180395
271 569.4375392974702 634.7631015209636
272 709.1429602172036 244.53712993853114
273 712.119412721426 62.8400813283547
