# pedestrianID x y
1 693.5770049571132 619.1811376052206
2 691.4686250285478 613.3268275784454
3 399.9733178654293 388.55220417633416
4 403.26102088167056 392.8538283062645
5 586.2099767981439 545.2204176334106
6 728.5509238269868 254.0700639717137
7 305.4489559164734 496.91415313225053
9 706.0173259364759 248.3358438763807
11 208.7111368909513 338.3805104408353
12 205.54408352668216 326.25522041763344
13 369.80858468677496 5.05800464037123
14 468.29466357308587 126.13921113689095
15 470.0313225058005 113.06728538283062
16 576.8491879350348 666.046403712297
30 292.76572050296494 19.54619882141601
34 724.2795823665894 210.74245939675174
35 724.5371229698376 200.51044083526682
36 632.8607888631091 300.5568445475638
37 651.6044083526683 445.92111368909514
38 557.4025522041763 151.85614849187934
69 512.4960242479544 687.7138705797497
72 730.454050424388 266.430702798177
80 41.906705375776866 294.4508604058343
83 649.3364269141532 416.8445475638051
86 399.37819025522043 369.42459396751735
87 239.5916473317866 117.38283062645012
90 489.2053364269142 367.32250580046406
91 416.0533642691416 195.4570765661253
92 250.9930394431555 97.60092807424593
97 649.2830626450116 369.42459396751735
108 160.91750954196337 660.4686882658326
111 481.5108961276683 26.70932248663804
114 272.76702908484066 13.026170170821839
118 341.5434332037675 16.063286640213192
120 245.3665893271462 572.5800464037123
121 640.5232018561485 342.4593967517402
122 435.36606109548507 203.73605469782805
123 301.3921113689096 2.0092807424593966
124 705.175626940247 275.6740853451673
125 493.55104408352673 203.90255220417635
126 576.1728538283063 506.42691415313226
127 555.2299328241168 139.44768302251705
128 419.73201856148495 190.44547563805105
131 605.5876278678118 613.6749283760746
132 380.82999150170775 122.3682468667251
136 168.39266665550574 679.039265696629
141 634.7337339290121 8.71592572425932
147 513.27030162413 13.39211136890951
148 378.33642691415315 36.682134570765655
157 327.5479307449429 23.7250225901842
159 203.23085846867752 37.84222737819026
163 356.87176603050034 214.63282000733759
166 119.52488977158222 595.2625228382832
168 373.50090640506124 97.9867246469421
171 261.53480278422273 342.4593967517402
172 426.87470997679816 542.7610208816706
173 282.87587006960564 473.45707656612524
174 239.17517401392115 354.8074245939675
175 235.12224913822376 76.98603204134619
176 581.0541723624004 437.1020104372384
177 572.4059230652371 679.5632023031101
202 103.44406353499384 10.018961398078453
219 729.6136579317601 273.57080494682833
233 406.280374150089 576.189704321877
237 721.9746120597736 480.3765152859231
245 258.6457856670244 462.4156776549717
246 430.1797653894604 279.8781995299692
247 294.5958952704654 -608.5853822674296
248 315.5788863109049 197.13689095127611
249 547.0886225867076 244.32149513372778
250 276.59512761020886 432.40371229698377
251 251.9553077463878 302.8796771635058
252 632.9187935034804 592.830626450116
253 231.87491993596942 263.4316140391828
254 352.0487238979119 126.13921113689095
