# pedestrianID x y
0 657.1171693735499 118.830626450116
1 286.0174013921114 17.670533642691414
2 289.592807424594 7.11368909512761
49 194.12262161473038 669.08229380551
58 8.670614875464183 258.16196267600435
60 232.32366589327148 674.106728538283
67 612.3649524092659 32.21048585423159
69 364.25174013921117 468.8213457076566
70 593.1003914299168 130.04189760734732
72 512.2656612529003 170.81670533642693
73 533.1206496519721 452.74245939675177
75 687.4489559164733 380.00464037122964
77 691.2544434338807 301.2162455438796
78 187.47795823665896 448.19025522041767
79 220.1299303944316 240.64037122969836
80 220.54060324825988 226.40371229698377
81 507.80858468677496 167.61020881670532
82 505.86194895591655 115.93967517401393
83 501.72969837587016 107.37819025522042
96 699.7262254089072 284.2202798904537
98 695.4767981438515 605.6380510440835
100 630.3797979291746 51.82420643380792
108 413.9654124625557 375.04795129803773
109 658.584686774942 156.5336426914153
111 546.1972157772623 292.80742459396754
112 519.3190255220418 268.13457076566124
113 672.6693735498841 139.58700696055683
114 162.54292343387473 312.3201856148492
115 300.0046602011551 384.10353198787175
116 453.98491879350354 473.45707656612524
117 461.3758700696056 159.6751740139211
118 574.6125290023202 644.7563805104407
119 579.2169373549884 72.20881670533643
120 285.62761020881675 167.61020881670532
121 76.62180974477963 212.4640371229698
131 360.2633088241002 378.1967595776521
132 265.5606684909811 576.7481325301535
133 127.20708833161875 687.9093578514519
134 591.5324825986079 459.6055684454757
136 316.77958236658935 603.0672853828306
138 147.59006054750793 659.1117964573556
139 348.0374073384049 184.91543852110516
141 599.0034802784223 67.07656612529003
142 732.2855545216399 474.2154663290072
143 535.5139211136891 197.13689095127611
144 603.8352618687311 24.503037129792027
145 285.11367554174313 1116.0807465876867
146 600.5452436194896 348.6125290023202
147 379.4303944315546 487.4756380510441
150 731.5934080609064 473.75732370656607
152 95.32018561484921 156.5336426914153
153 705.4303944315545 151.85614849187934
154 504.7199623314545 185.95807951048266
155 208.1160092807425 226.40371229698377
156 572.7157772621811 397.17401392111367
157 402.4825986078887 369.42459396751735
158 582.677494199536 443.6566125290023
159 443.657760415118 558.1291095477013
160 610.4060324825987 443.6566125290023
161 396.63689095127614 506.42691415313226
162 75.03596287703022 151.85614849187934
163 212.41995359628774 443.6566125290023
164 314.6832946635731 535.4106728538284
165 112.84222737819027 292.80742459396754
166 142.9559164733179 70.91879350348029
201 570.0475638051045 555.1044083526682
202 153.45841652023148 55.816867667599375
204 134.3050303519813 686.4869654446808
215 725.2186863669859 272.07675975321564
216 731.5618892464287 465.23708564856815
219 703.2927974976872 296.1476204392196
231 578.746813982447 674.9889698820682
233 497.9244116041223 492.25861915365
237 630.1161124653408 508.28112082904244
243 392.2575406032483 461.9025522041763
244 678.9489559164733 356.8816705336427
245 64.31554524361951 247.87006960556843
246 326.1879350348028 123.20185614849188
