# pedestrianID x y
3 157.90902706103896 680.125954098579
19 111.89757421781437 667.3039401089072
83 727.4768884854508 644.9227629910981
86 175.64313167105598 662.526305292047
91 577.6108995119384 661.9094731919637
93 577.1190644033546 661.6677564586564
94 578.9005418264063 673.6700571725827
95 729.4048274753245 484.13176093578755
122 715.7871847216516 273.23064839401064
125 176.97257294762585 657.4253573320236
127 183.89953853324153 640.2042679811935
129 721.2151698178329 635.4496613174886
131 581.6852549071307 686.8657810575745
148 199.22964564031852 650.7273522249436
149 150.33892880478643 680.567659477704
173 63.51562058137207 274.50871076600765
175 127.38296201057942 679.85104290736
178 132.12657164117857 688.3736418857366
179 217.75547359041911 615.6653631354458
180 129.37623281877813 640.6791666682751
181 722.8769548897156 309.8572504815603
182 602.5343579030707 14.292656106013313
184 704.9202161117059 488.5185812799926
185 454.5119707601955 130.00647798793818
245 433.7834742876405 469.71135568402485
246 425.97277908532624 454.9038147672164
247 436.44670333602113 471.0340128794807
248 439.9754432147322 478.07682859895885
249 321.96698831829707 480.5329128840873
251 645.7181067261815 286.15463537515893
252 112.38030938865707 12.0642417490758
253 449.47505300472113 493.3242409848427
254 447.13785991943615 489.36883037051433
255 115.79478440606752 72.79698353314575
256 455.61570288757 156.15890368493598
257 601.0563743484585 675.2218441846552
258 169.07396094188638 617.2610186059201
259 133.8924912809656 561.224378780186
260 724.1991725889931 474.75471697926577
261 133.88339624003532 548.163859512277
262 39.9925766246087 259.76334855033804
264 119.14129605493626 370.6528434054634
265 674.2242609602312 459.3172932933834
266 692.279798851489 244.90662927973625
267 625.9489392947236 233.28930450253912
268 149.24477996762516 626.2025022088413
269 92.81400597228296 244.60492417162484
270 62.45148483009404 236.51257233893028
271 564.09187656147 589.7243462967622
272 683.3657959751986 227.2673471603909
273 686.6734896228229 60.84908704270619
