# pedestrianID x y
27 553.7424593967518 86.70533642691416
28 467.3526682134571 68.35266821345708
39 105.63921113689099 314.2969837587007
47 601.8096285237765 690.3686406001103
49 283.74709976798147 628.9837587006961
57 615.7797505068504 685.6873341263293
58 48.695120316869726 176.6386414848339
60 168.12180974477963 346.5568445475638
62 555.8503480278423 367.32250580046406
64 723.4849187935035 386.40835266821347
65 599.1020881670534 403.68909512761024
66 729.8558573663126 259.1209299898687
67 556.7343387470999 322.25058004640374
69 308.9518280679983 111.8596710067923
70 333.4176334106729 129.09512761020883
72 487.82598607888633 281.322505800464
73 194.20649651972164 618.5614849187934
74 552.9025522041763 76.10672853828305
75 596.1218097447796 626.3712296983758
76 473.1287703016242 88.05104408352668
78 87.7668721357809 691.8499582926228
96 511.232018561485 399.34106728538285
100 555.407192575406 177.28538283062645
103 180.0788863109049 273.7587006960557
106 555.7180974477958 306.41763341067286
107 244.9359447509665 409.8276184624058
108 375.5069605568446 124.66821345707656
109 493.9557400429891 758.4934206555118
110 369.67949706259185 522.4916447945524
111 376.7761020881671 545.2204176334106
112 391.75522041763344 516.0139211136891
113 354.50928074245945 142.62645011600927
114 74.01493624341578 945.2598521520698
115 314.35614849187937 550.15313225058
116 126.47911832946639 679.5034802784223
117 369.6160092807425 516.0139211136891
131 391.8283062645012 192.11136890951275
133 130.77120639387735 668.8946451525542
134 632.7900232018562 388.55220417633416
135 724.8819600833323 315.0004125058701
136 526.4860788863109 436.8909512761021
137 596.8863109048724 212.4640371229698
138 172.29002320185617 547.6844547563805
139 284.64153132250584 217.65661252900233
141 562.4187935034804 203.90255220417635
142 695.17436040952 470.3689922205955
143 393.3456810486991 345.1156108631456
144 554.6160092807424 318.26450116009283
145 360.53944817983023 373.6624272461115
146 476.901392111369 468.8213457076566
150 712.1153123190883 470.92907132646593
152 68.47215777262187 334.32018561484915
153 509.4037122969838 382.13457076566124
154 449.65661252900236 485.1276102088167
155 365.4106728538284 395.01160092807424
156 350.8480278422274 530.5336426914153
157 315.8283062645012 485.1276102088167
158 308.43503480278423 511.2111368909513
159 315.36078886310906 585.2018561484919
160 261.57309338392315 613.9052176456775
161 151.24979724571307 684.175262444901
163 19.356186565391283 271.4135643797914
198 706.8723897911834 312.3201856148492
199 732.2010598807351 442.2641355654481
201 500.7053364269142 373.6426914153132
202 207.12761020881675 233.48491879350348
204 148.02617849139338 666.647885709538
206 145.7952735118249 686.1684605718237
208 224.85498839907194 37.84222737819026
215 708.8839315747706 280.27265668104496
216 722.8367942639163 455.1444393935415
219 674.1809037377645 320.3926902032127
225 556.5289404196172 682.9052148586345
226 727.3128782365194 241.46583940931228
228 727.4204263794836 274.25862747755036
229 722.9125738167686 277.1154548007171
231 580.8849655131511 631.7914822801645
233 523.3817934143681 468.91002819616915
235 474.87587006960564 174.04176334106728
237 570.324825986079 528.1020881670534
238 443.2814970393384 9.61782289527089
239 616.3990719257541 266.26914153132253
240 615.1542923433875 148.76102088167053
241 472.79814385150814 188.78422273781902
242 462.1682134570766 177.28538283062645
243 407.52083218423974 311.2359893405538
244 479.68909512761024 461.9025522041763
