# pedestrianID x y
1 466.2714617169374 226.40371229698377
2 464.1531322505801 219.39675174013922
3 296.32134570765663 82.69605568445475
4 268.99071925754066 46.09280742459397
5 270.2911832946636 30.951276102088165
6 358.71345707656616 9.187935034802784
30 169.42923433874714 421.2668213457076
31 511.27610208816714 70.91879350348029
32 358.85962877030164 28.691415313225058
33 354.6194895591648 18.751740139211137
49 166.26802689903545 681.7634691569648
67 632.5795635012942 13.628577057631665
69 365.13225058004645 639.4802784222737
72 697.8897359039977 271.2841802443197
73 727.5425389555659 383.5580961781792
78 141.72621809744786 412.4408352668213
79 144.55452436194898 403.68909512761024
80 260.3393100422469 193.11567440525735
81 700.070834997667 267.52899825348305
83 557.2215777262181 82.69605568445475
84 664.199535962877 273.7587006960557
85 18.632250580046446 210.74245939675174
86 241.46287703016245 52.125290023201856
96 718.5004408371597 275.32341546177884
97 341.48027842227384 644.7563805104407
100 638.0236849460337 28.872563147993805
108 262.6711738105748 548.8483911417077
111 548.7267521531926 118.51046444628552
112 356.8283062645012 60.76566125290023
114 248.19721577726222 100.37122969837587
115 324.77030162412996 162.83526682134573
116 690.6403712296984 373.6426914153132
117 308.61252900232023 32.08816705336427
118 554.5603248259861 590.2830626450117
120 212.22621809744783 427.93503480278423
121 191.22737819025525 266.26914153132253
122 71.2366589327147 562.5661252900231
123 308.1252900232019 461.9025522041763
124 289.21693735498843 525.675174013921
125 304.2772621809745 22.023201856148493
126 343.69170323728105 64.50161650289604
127 264.0878759228544 64.69963248716456
131 447.98027842227384 401.5127610208816
132 266.25554955096806 587.3104744350146
136 244.6883655131274 643.8894655623856
138 136.83936974553313 679.0749319105552
141 609.539145772564 25.434580318962336
143 729.1426914153133 283.2250580046404
144 623.18101648553 13.700601678465834
146 704.7703331211354 269.6677726630216
147 392.87122969837594 419.0533642691415
155 378.8584686774942 4.037122969837587
156 588.9907192575406 251.5127610208817
157 510.7633410672854 247.87006960556843
159 466.96171693735505 468.8213457076566
161 395.431554524362 395.01160092807424
163 314.04176334106734 489.8283062645012
164 458.8491879350348 421.2668213457076
165 197.2204176334107 416.8445475638051
166 145.0127610208817 260.7006960556845
167 171.33526682134575 392.8538283062645
168 303.13771467502886 435.6848685073506
169 303.3654912741732 421.525102974708
170 162.37494512941802 617.6390683040823
202 129.44456112339148 34.15454800261884
204 130.2744879078408 692.3943596748206
215 730.8279173313585 269.38766239868545
219 714.6581731302688 286.60212535658684
231 578.1791747078282 686.479792383243
233 478.6180139551211 510.17832375858455
237 675.5395080821085 494.73657193597126
243 517.2343387470999 273.7587006960557
245 120.31090487238984 386.40835266821347
246 297.54239910829483 5.4038340514522245
247 268.7878941472348 43.49016078073492
