# pedestrianID x y
3 211.35935915021446 647.8123692665519
4 146.06264501160095 687.6334106728539
7 126.70976848259527 677.1104619390602
11 126.23436320651697 686.1457461657819
14 723.7847018657167 246.02199583077277
16 445.04756380510446 271.8793503480278
18 115.04176334106734 205.60556844547563
19 105.57309767725042 429.017612074086
80 8.12661236877148 278.88321340875655
83 708.571045269909 629.4456741596559
86 252.31868439067154 605.7746120718753
87 84.17053364269145 621.1600928074246
91 577.5997679814386 560.0742459396752
92 90.13341067285387 590.2830626450117
93 507.34686774941997 363.1322505800464
94 504.26218097447804 377.87935034802786
95 697.9129930394432 371.53132250580046
108 135.4781087439858 688.6318050212609
121 723.8723199808769 273.41311006673754
122 670.4570398744952 288.36447715967995
125 254.18848662434974 595.1806863993907
126 715.6389729683524 479.412070831767
127 256.94056319962124 566.5379895274161
128 166.2480809983341 679.4249091008484
129 713.5069605568447 410.24593967517404
130 446.20765661252904 287.04408352668213
131 586.9902021309002 670.3650982818529
136 141.42645698426406 691.9108522992417
148 474.38515081206504 504.0417633410673
149 -211.18429337558882 -5.628347453398964
157 295.47837431273103 8.508759461125337
166 123.8872259394403 678.3867198892215
172 275.800464037123 16.593967517401392
173 135.28389298829404 273.9634632473347
175 135.68846335260395 610.2923827203501
176 294.9501160092808 5.05800464037123
177 280.7877030162413 5.05800464037123
178 146.38283062645013 628.9837587006961
179 418.6490579943423 314.57651335979403
180 181.3143851508121 388.55220417633416
181 628.0220417633411 326.25522041763344
182 491.16009280742463 285.1322505800464
183 439.92459396751747 242.44083526682135
184 537.4280742459397 334.32018561484915
185 444.0174013921114 473.45707656612524
186 390.09348879375045 500.89536157201815
233 200.16156905533285 767.651234737023
245 156.20360852912108 554.5158578128627
246 454.09998738908484 246.9768938088336
247 258.6426830768467 -1092.5522205696554
248 65.99288739406461 -542.8624760962265
249 786.2249412413582 80.99461969880909
250 185.09048723897916 150.3062645011601
251 411.4454715651374 440.8672912452116
252 198.55800464037128 275.6426914153132
253 74.48830333819893 146.82262261822714
254 244.51507078802277 -629.7187785943036
255 205.2064965197216 316.2784222737819
256 367.49535962877036 459.6055684454757
257 500.054524361949 367.32250580046406
258 477.93503480278423 270.0046403712297
259 163.05336426914158 182.18561484918794
261 134.1218097447796 170.81670533642693
262 383.135510776028 -24.070898686422677
263 577.5011600928075 20.928074245939676
264 502.96635730858475 565.0626450116009
265 514.2761020881671 618.5614849187934
266 537.3236658932715 37.84222737819026
267 314.7969837587007 85.36426914153132
268 393.2761020881671 34.37587006960557
