# pedestrianID x y
86 137.8123894683103 690.6279354587053
125 138.47378832516446 688.754767303035
127 143.23472262048946 681.3659265928411
148 137.6683327707354 691.5067171465025
173 20.609737086490487 274.8396002330187
179 140.0003822127852 686.7496020306551
185 461.61704708379074 14.322648004585002
245 513.3504231957842 596.8772018632773
246 497.73185698938465 568.9840460407016
247 515.8204732244587 599.1985825740679
248 521.2685925959127 610.4809987945022
249 202.93667700623126 612.5504137359414
251 712.3711882668335 271.31393109165987
253 535.6446348661074 632.2986106030792
254 533.3841128302544 628.7122574340361
255 95.23503739898068 8.558318505114423
256 461.5874987315536 20.2672183612864
258 129.6038392875955 691.4964914448925
259 125.84182936603753 686.8685967475349
261 125.92863506995143 684.8450383041774
264 14.206466215911444 286.56468632383377
267 730.7938605496843 262.3518601073244
