# pedestrianID x y
3 188.41813541925941 661.6301331598944
7 126.09234500585198 685.5479930040278
11 125.70493048737089 692.1540172102182
14 731.4919861552285 255.02558944801197
16 404.92689168502363 210.1062254179835
19 123.27610208816711 537.8561484918793
83 716.4747781758142 635.9434737873627
86 219.72345369780444 630.084341243625
91 577.7628634270075 609.0134440475117
92 65.37935034802786 679.5034802784223
93 560.647331786543 504.0417633410673
94 563.748259860789 530.5336426914153
95 679.1809744779582 523.2529002320186
108 132.77002574612783 691.5151983360241
121 728.3061140452342 271.06628261155214
122 690.0775407035508 281.71194607432403
125 221.03709342573765 622.1685199038006
126 724.6101165046509 477.82986117406244
127 226.68778875882128 597.1497241198256
128 151.39799950850264 686.8084736433808
129 698.901392111369 565.0626450116009
130 637.0310054035854 400.5424374404754
131 584.8256556066945 676.9858727628255
148 343.60324825986083 592.830626450116
149 208.5916473317866 618.5614849187934
166 124.22888989148855 685.1425796029829
173 105.95888335200462 274.18646847377215
175 131.62206576407095 645.1269247707644
178 142.15410260436047 672.6034244807952
179 377.3480278422274 457.3132250580046
180 139.87199208473098 491.0082596878725
181 641.3407506062664 312.46649398219927
182 549.3921113689096 150.3062645011601
183 335.3863109048724 101.76334106728538
184 623.5858468677495 464.20417633410676
185 451.02900232018567 375.75870069605566
186 566.5394431554524 82.69605568445475
233 84.37270890645021 877.0552991348878
245 119.35024537442683 588.1439289181279
246 461.6573137267112 236.62691444973936
247 250.39748434515013 -1204.002166831572
248 24.81638654553719 -667.4265234318124
249 859.0216000311545 33.8615317881821
250 147.7714617169374 17.670533642691414
251 475.71345707656616 354.8074245939675
252 150.4129930394432 141.1044083526682
253 22.764862357158663 107.36723022645087
254 226.21879691951895 -778.5245721385909
255 159.5610446476458 201.98476268904295
256 419.2863915810288 452.32689255232395
257 429.3711937521883 327.1681916420785
258 351.10904872389796 425.70765661252904
259 151.6020881670534 306.41763341067286
260 642.2529002320186 608.2134570765661
261 147.61020881670538 270.0046403712297
262 249.86194895591652 151.85614849187934
263 679.8596287703017 90.75638051044085
264 382.93387470997686 496.91415313225053
265 446.00348027842233 511.2111368909513
266 511.66589327146175 114.50116009280742
267 304.31322505800466 182.18561484918794
268 277.76604560332515 244.34410645654486
269 452.762180974478 93.48027842227378
270 301.300464037123 93.48027842227378
271 413.7308584686775 25.33642691415313
