# pedestrianID x y
1 631.6879350348029 560.0742459396752
2 626.3828306264502 547.6844547563805
3 464.1218097447796 260.7006960556845
4 507.3674790753106 297.688997431307
5 540.453596287703 334.32018561484915
6 688.2534555418889 214.9569404278115
7 523.4489559164733 238.8445475638051
8 735.2633410672854 203.90255220417635
9 541.8259860788863 156.5336426914153
10 627.3781902552205 132.06960556844547
11 359.1113689095128 65.80510440835268
12 342.19931031198183 48.08896787686468
30 243.68445475638055 150.3062645011601
34 520.5440835266821 127.61484918793502
35 523.2668213457077 117.38283062645012
36 547.1299303944315 169.21113689095125
37 593.6102088167054 215.92111368909514
49 144.0919256856623 691.5891638779098
69 469.9241397100477 679.9491780807222
72 722.8794312636398 267.59496861386185
79 158.27958236658938 636.8491879350348
80 81.84621833187657 313.6874243502794
83 586.3271461716938 202.20417633410673
84 328.57540603248265 18.751740139211137
86 458.3132250580047 244.24593967517401
88 720.3909512761021 238.8445475638051
89 603.2575406032483 147.22041763341068
90 762.5587674734854 1177.6580043277636
91 220.9547563805105 49.698375870069604
96 731.2983999228998 269.1982215834568
97 483.1682134570766 464.20417633410676
100 643.3859416798521 12.234692118928772
108 185.869280379269 633.8777375221713
111 497.1732333915836 48.17302719558335
112 288.1450116009281 33.22969837587007
114 267.4619360037495 27.36800313979895
118 486.4918793503481 324.2505800464037
120 228.30742459396754 565.0626450116009
121 288.1718363479338 106.67145580027564
122 262.72978453196913 354.45208125702175
123 419.33410672853836 226.40371229698377
124 633.4738276367029 297.0258514755778
125 502.9966759817593 133.66201938355732
126 464.4791183294664 330.27842227378187
127 535.0606040477454 155.62426697916527
131 622.5435672909921 561.1389460861171
132 526.1528945147788 494.7587956669718
136 189.90010477177705 668.8146800695473
138 129.54472220705756 692.009768148127
141 627.6603357520238 13.352693499407506
146 731.2967096895197 266.16819698110476
147 442.508120649652 222.89095127610207
156 669.5591647331787 188.78422273781902
157 354.0490899982606 36.23879306920007
159 374.215777262181 178.9141531322506
161 544.8317865429235 72.20881670533643
163 434.1879350348028 240.64037122969836
166 109.72737819025525 487.4756380510441
167 242.46287703016245 180.5475638051044
168 413.6821345707657 178.9141531322506
169 85.11252900232023 49.698375870069604
170 298.9103067882654 777.8636928755606
171 392.220074876804 431.0581286401356
172 427.40557437771304 566.7219922317379
173 456.01449089983197 507.5859311585405
174 445.6783208167156 568.9849180788408
202 110.5629056928968 16.452466910100377
219 725.1206681786421 277.4139864119302
233 440.85094028859174 544.3969681725084
237 710.2782375621872 484.0815289109031
243 299.4733178654293 27.56844547563805
245 -328.3194574923356 175.15310958055784
246 422.5531079694878 289.9673534472702
247 312.1301823711703 -369.9385674120472
248 325.8384809854245 190.17327423551612
249 521.4976798143853 235.26682134570765
250 270.95591647331787 513.6102088167054
251 -152.23074330398086 387.62089600769434
253 367.89443155452443 52.125290023201856
