# pedestrianID x y
20 572.2436194895593 205.60556844547563
21 675.6055684454757 215.92111368909514
22 695.5498839907193 277.53132250580046
23 618.2285382830627 210.74245939675174
25 516.8457076566126 121.7401392111369
41 688.1786542923435 356.8816705336427
42 724.1976981054911 216.62391205257734
43 727.3747099767982 190.44547563805105
44 691.2946635730859 226.40371229698377
45 675.8480278422275 203.90255220417635
46 612.8097447795824 365.22505800464035
47 487.9129930394432 338.3805104408353
48 658.1229698375871 182.18561484918794
49 497.6148491879351 316.2784222737819
50 688.6635730858469 258.8538283062645
52 608.3689095127611 198.82134570765663
53 608.9512761020882 361.04408352668213
54 568.6867749419954 141.1044083526682
55 589.1890951276102 133.56380510440835
56 510.48027842227384 103.16009280742459
57 386.3201856148492 117.38283062645012
99 548.8410672853829 177.28538283062645
100 -198.31850267094353 1184.8227450039285
101 512.6368909512762 496.91415313225053
102 710.393271461717 384.2691415313225
133 130.25058004640374 403.68909512761024
134 617.1067550567466 469.1507470917855
135 517.6102088167054 532.969837587007
136 387.38515081206504 144.15313225058006
137 413.9791183294664 572.5800464037123
138 162.3132250580047 34.37587006960557
139 410.4129807854963 601.0731245187978
140 154.40922443175543 665.8618390148682
141 151.15531800224753 673.0437220067273
143 148.35565871485818 678.9041616991124
150 409.516241299304 540.3062645011601
151 91.1728538283063 271.8793503480278
187 676.8225058004641 658.0278422273782
189 701.111392940668 621.6720814247644
190 552.6973724411899 684.5389218452689
192 625.9343164829694 618.0636317579617
195 502.9640371229699 445.92111368909514
198 381.2877030162413 399.34106728538285
199 685.8120649651972 504.0417633410673
201 379.3433874709977 377.87935034802786
202 187.59920500570848 617.9341155630625
204 190.09396751740144 423.4849187935035
205 69.70393597715042 670.7401969290803
206 247.12296983758705 572.5800464037123
207 610.0417633410673 682.2088167053364
208 228.25522041763347 281.322505800464
209 504.223897911833 459.6055684454757
210 724.6378973807505 266.7091491365522
214 219.3805104408353 618.5614849187934
215 498.631090487239 416.8445475638051
216 689.8109048723898 397.17401392111367
217 639.65313225058 338.3805104408353
218 439.35476588898115 462.2772140850308
219 382.5686083070883 425.6849974882218
220 212.72737819025525 663.368909512761
221 241.54756380510446 608.2134570765661
222 590.2196372642896 423.81539716424527
223 206.02784222737822 628.9837587006961
225 342.24593967517404 532.969837587007
226 565.9675174013921 416.8445475638051
227 227.99419953596293 684.9187935034803
228 239.63225058004645 642.1160092807426
229 566.0765661252901 395.01160092807424
230 647.7308584686775 369.42459396751735
231 478.1624129930395 300.5568445475638
232 186.98723897911836 174.04176334106728
233 336.89327146171695 552.6264501160093
234 405.82134570765663 156.5336426914153
235 562.2169373549884 436.8909512761021
236 169.5057539244923 221.46078571531964
237 251.5481966485523 89.3731363893507
