# pedestrianID x y
86 136.85132328443882 691.29758619497
125 137.55945040707982 689.5575750239399
127 142.08992529868425 682.4694576917908
148 136.50449898755178 692.3232482105632
173 19.348807753354023 274.848706696022
179 138.648231680416 687.9720068709503
185 461.7122707941463 12.774945470787792
245 515.803062174159 601.0028870212828
246 500.2130583070407 573.2116084125693
247 518.4248667219099 603.2496622894555
248 523.7194381676441 614.2787083872524
249 199.6243232663092 616.5095432058315
251 714.0833151971133 270.91498119096053
253 537.9837009344494 636.0855361367898
254 535.809700006624 632.5187192240326
255 94.94086083510946 7.631186890406439
256 461.67910646472393 18.17644723934459
258 129.06364031684507 692.4599475851089
259 125.74769837585035 688.4144871070993
261 125.82309686630776 686.5919766381548
264 12.793505235134337 285.37418795563343
267 731.9108637186168 262.66991525066106
