# pedestrianID x y
20 287.292343387471 162.83526682134573
21 478.9582366589328 123.20185614849188
22 413.00000000000006 114.50116009280742
23 401.9361948955917 62.01856148491879
24 521.0812064965198 27.56844547563805
40 648.9918793503481 228.16705336426915
41 576.6716937354988 167.61020881670532
42 573.4106728538284 126.13921113689095
43 561.6241299303945 138.0742459396752
44 539.4733178654293 129.09512761020883
45 479.0440835266822 108.79350348027842
46 386.43851508120656 120.2830626450116
47 393.91995359628777 148.76102088167053
48 470.5116009280743 93.48027842227378
49 401.68909512761024 129.09512761020883
50 412.3051044083527 90.75638051044085
52 397.7494199535963 50.909512761020885
53 370.25058004640374 108.79350348027842
54 363.0058004640372 22.023201856148493
55 430.0142678148029 24.409827872534613
99 444.76522391914125 64.50869538122669
101 576.0403384770696 683.7036067625723
133 200.3201856148492 332.2969837587007
134 345.59512761020886 550.15313225058
135 584.6612529002321 687.6334106728539
150 289.931554524362 605.6380510440835
151 197.90666741915777 777.0177384110174
187 683.7761020881671 511.2111368909513
189 684.5719257540604 506.42691415313226
190 510.09977165049366 658.9503876066125
192 675.9361948955917 487.4756380510441
195 349.14733178654296 525.675174013921
197 648.9737839994355 672.5057304825283
198 349.31786542923436 475.7819025522042
199 670.4733178654292 485.1276102088167
201 466.8039443155453 322.25058004640374
204 360.2602634945008 -315.33835369144686
205 80.99303944315551 567.5638051044084
206 222.23781902552207 405.87006960556846
207 565.1577726218097 542.7610208816706
208 454.4675058537381 205.60556844547563
209 364.8207028485162 476.51765959265714
210 690.491879350348 270.0046403712297
211 733.9443155452436 308.3805104408353
214 193.61020881670538 504.0417633410673
215 367.72157772621813 489.8283062645012
216 409.2372367439387 238.06557166222296
217 364.00928074245945 425.70765661252904
218 293.94199535962883 537.8561484918793
219 258.15081206496524 499.2853828306265
220 161.58468677494204 518.4222737819025
221 230.06612529002325 468.8213457076566
222 496.18561484918797 461.9025522041763
223 165.9002320185615 494.54756380510446
224 549.8758700696056 246.05568445475637
225 238.3248259860789 403.68909512761024
226 377.00348027842233 432.40371229698377
227 178.2807424593968 557.5870069605569
228 371.5174013921114 537.8561484918793
229 421.58468677494204 494.54756380510446
230 362.36062516175565 494.6162468551416
231 442.32819255147 79.98844578744068
232 273.674102314727 196.7405160381505
233 252.6918020637251 522.442861013013
235 702.4262662322452 471.6732674107027
