# pedestrianID x y
1 436.3317865429235 182.18561484918794
2 435.76102088167056 175.661252900232
3 312.52436194895597 36.682134570765655
4 234.44083526682135 8.148491879350349
30 171.11871811060354 465.02144781245113
31 478.6728538283063 36.682134570765655
49 170.3621979038489 679.9648570029632
67 630.1797758904879 15.948609340864001
69 365.0174013921114 615.9675174013921
70 697.8607888631091 209.02552204176334
72 691.5754060324826 273.7587006960557
73 725.8944315545244 371.53132250580046
78 176.6160092807425 375.75870069605566
79 182.32830626450118 367.32250580046406
80 233.1218452045446 226.18805850277926
82 732.8167053364269 222.89095127610207
83 557.4257540603248 121.7401392111369
84 702.2656612529003 306.41763341067286
85 29.99535962877036 159.6751740139211
86 205.58932714617174 12.334106728538282
96 716.0464431970721 276.4831378175501
97 299.77907435713286 657.1311001777848
100 636.96774221237 31.90920702539621
108 277.91174528272865 532.9564645966711
111 549.0406032482599 127.61484918793502
112 400.0719257540604 84.0278422273782
114 236.30278422273784 139.58700696055683
115 296.6020881670534 200.51044083526682
116 654.1194895591648 392.8538283062645
117 336.7262180974478 55.800464037122964
118 564.8944315545244 621.1600928074246
120 216.4802784222738 399.34106728538285
121 196.17865429234342 251.5127610208817
122 73.81206496519724 592.830626450116
123 277.35266821345715 485.1276102088167
124 256.56032482598613 560.0742459396752
125 311.32946635730866 25.33642691415313
126 284.5989547864375 6.746808742510213
127 273.0694421619088 22.260989068846715
131 362.3341067285383 412.4408352668213
132 297.2254743967395 561.2485785735566
136 243.4129930394432 639.4802784222737
138 138.13776705019168 676.337170082492
139 345.15545243619493 23.122969837587007
141 606.5460468512323 27.605342016645224
143 695.0034802784223 275.6426914153132
144 620.5835323454874 15.222494887058874
145 485.131090487239 5.05800464037123
146 698.6687662528981 270.5113345803565
147 471.6019842340255 440.2474024627258
154 491.63689095127614 13.39211136890951
155 335.9629627544773 50.930707404357854
156 547.4644400762954 318.74147815632733
157 492.3955916473318 283.2250580046404
159 435.68541442899397 587.5473483238927
160 732.1241908861193 324.81750253840164
161 340.0292015952502 439.7503115694431
163 286.1682134570766 516.0139211136891
164 426.092807424594 443.6566125290023
165 205.6067285382831 397.17401392111367
166 141.8515081206497 226.40371229698377
167 207.34802784222742 365.22505800464035
168 265.673008677689 492.1407746077253
169 390.51151854325633 507.79148987591816
202 132.9355322998002 37.26561203153776
204 130.84999248589224 691.5725109723111
215 730.0151215725184 269.78079207151245
219 712.9884308578696 288.0195669622339
231 578.2581684954021 684.8622397240927
233 482.3694488135147 506.7551083571474
237 669.3812443858964 496.69197305470817
243 495.0266821345708 306.41763341067286
245 107.99153544520554 339.8540004569145
246 320.39400072919966 85.1768710223682
247 274.01110873408874 17.896130140267708
