# pedestrianID x y
3 151.19343695788803 684.1645469185802
19 116.27119422088546 678.1339814478343
83 729.9833830571573 647.0188481530074
86 165.81220487292987 669.8312779000045
91 577.5829826019045 671.8202401867237
93 577.2300766269524 672.5916450643294
94 578.4166033060942 682.5458456376352
122 721.0655010561899 271.41761123581824
125 166.83321037185223 665.4451298691346
127 173.6096068479123 649.9123310414482
129 727.0128319979323 641.3785111129986
131 580.8984794312167 689.1779477374304
148 180.9986515403364 663.0463505580574
149 140.9368683290195 687.5108639657448
173 53.20951070797693 274.58983314214566
175 126.68037939089956 685.8809576058849
178 130.2486091357609 691.4701455059842
179 194.31723575521153 637.5414723178161
180 127.96254385848358 660.1837935667519
181 727.3962891254575 297.8104887075097
182 615.740754526771 10.223278949936406
184 718.123672153379 483.34505190677856
185 456.94676499839903 90.24455359162312
245 452.44220773007464 498.6944754222834
246 442.1366866123802 480.3329387617782
247 455.47211700358724 500.6299227162344
248 459.3716804702185 510.4622454956803
249 292.1671830907908 513.3946751395946
251 662.8872536955167 282.3951624321833
252 107.18277875797034 8.83827423792322
253 472.6459089006975 529.4515825867452
254 470.0207902982458 525.6375911461073
255 108.86769566063471 51.62218794750357
256 457.6308882367498 110.89519447934671
257 592.4841452337567 684.2311354303649
258 155.46122068946997 642.9438920922637
259 131.05645196497775 607.86781270393
261 131.0323203656371 599.1033213483231
262 21.319381898016438 266.72511508339113
264 82.56307610700281 341.3281195840376
265 714.013339224863 468.53947449449055
266 712.5293210012165 253.16428903953252
267 666.1064267275283 244.3555543801826
268 139.81755348769858 655.2085360311246
269 52.94271896689226 258.07313641839016
270 35.21722395436456 253.44605414666287
271 570.5047367944934 643.1992321873621
272 713.9035534907824 247.58880959180175
273 716.6068638534498 63.21898782345572
