# pedestrianID x y
3 146.3998714167345 687.0212060001634
19 118.85131565372731 684.499166657889
83 731.8343317712524 648.451320373264
86 158.81512157525623 674.9150488025863
91 577.5648187466189 678.1077256512899
93 577.2961597940138 679.3417658485002
94 578.1477284140212 687.8062450654428
122 724.6342067101955 270.23806473890886
125 160.1808050937737 671.0691180960915
127 166.50504766281014 657.228938774204
129 730.5718731850945 645.0805782014671
131 580.3465331541479 690.8656366541679
148 169.26077535172473 670.7890124764966
149 135.68384454221382 691.4558597916947
173 45.803957310949535 274.64755996802484
175 126.24744328401194 689.5701696311191
179 178.75762090808823 651.4362655160573
180 127.11248700466095 671.9254130126143
181 730.2152331154231 290.2429794084867
182 623.5986647289461 7.706576959625542
184 725.2512250937657 480.637358884149
185 458.3783703363543 66.99710790528914
245 465.4119591545894 520.0097108426986
246 453.61826514382864 498.80759773777936
247 468.68754877511844 522.6235841400744
248 473.48427441894074 532.5419897254582
249 271.60016771505553 536.9188777164745
251 674.9887477595244 279.8411154635172
253 487.8409367381127 554.9355897917507
254 485.1955809255571 549.6527652305896
255 104.73763908021107 38.88580119567411
256 458.7822765210103 83.35414108175648
257 587.5476485534921 689.3484221618615
258 147.33731161566382 657.9836676575784
259 129.35644087239186 632.5548587323927
261 129.45733025183654 627.6899870034492
262 12.90125367327056 270.00976609735994
264 61.586770235522 324.4942261626328
265 727.5786614406542 472.02883537476663
266 722.056469907561 257.5450824984306
267 688.3347446150544 250.3713784458419
268 134.82922370966003 670.59221279284
269 34.07180067751729 264.20106924596365
270 21.426253927311436 261.76442696231425
271 573.2921732477337 666.640599181348
272 726.2388770612356 255.71395647392586
273 728.2158048232604 64.07185590246563
