# pedestrianID x y
40 443.32623984542766 15.936529484506995
133 345.91776764730804 161.9068250864464
150 112.38334645296473 665.5913061930513
151 113.89025326351674 672.1947852260483
187 691.0336426914153 271.8793503480278
188 234.3109048723898 172.42691415313226
189 688.1194895591648 257.01160092807424
190 537.7157772621811 511.2111368909513
191 587.8944315545244 170.81670533642693
192 686.699535962877 257.01160092807424
193 632.4211136890951 154.96983758700696
194 570.701856148492 164.42227378190256
195 151.02552204176337 655.3642691415314
196 570.1635730858469 151.85614849187934
197 707.4976798143853 455.02552204176334
198 253.16705336426918 373.6426914153132
199 677.8248259860788 246.05568445475637
200 554.0904872389792 100.37122969837587
201 504.4373549883991 127.61484918793502
203 240.72157772621813 153.4106728538283
204 240.07540603248265 139.58700696055683
205 79.25174013921117 326.25522041763344
206 149.5324825986079 139.58700696055683
207 474.3921113689096 277.53132250580046
208 396.5197215777263 377.87935034802786
209 225.39211136890955 508.8167053364269
210 375.6577726218098 52.125290023201856
211 540.2470997679815 487.4756380510441
212 541.1276102088168 270.0046403712297
213 710.808584686775 478.11136890951275
214 181.7563805104409 324.2505800464037
215 265.2447795823666 525.675174013921
216 404.9083526682135 350.67285382830624
217 264.77378190255223 501.66125290023206
218 122.4517586638567 696.0902715557172
219 252.41469085892848 325.11545445048915
220 131.97851271275434 248.92364779980042
221 148.33034647458518 265.6820846669258
222 277.4985671776844 574.8733133176479
223 61.92616392046067 267.7513903803628
225 29.945898284719924 261.4280599633103
226 164.03627102597235 336.9503277532686
232 630.4371095034843 249.16980095103273
233 185.6157706628701 615.2996832059038
