# pedestrianID x y
133 325.71989764488046 113.94728103895464
187 690.2180974477958 240.64037122969836
188 266.45591647331787 164.42227378190256
189 685.2169373549884 224.6450116009281
190 545.7993039443156 492.1856148491879
191 561.8167053364269 159.6751740139211
192 684.3921113689096 226.40371229698377
193 600.5359628770302 138.0742459396752
194 543.2633410672854 145.6844547563805
195 142.09512761020886 671.415313225058
196 544.6032482598608 135.06264501160092
197 701.6403712296984 421.2668213457076
198 259.40719257540604 397.17401392111367
199 661.7877030162414 224.6450116009281
200 518.9153132250581 88.05104408352668
201 474.49419953596293 103.16009280742459
203 273.2807424593968 147.22041763341068
204 272.2853828306265 132.06960556844547
205 75.79930394431557 294.73781902552207
206 148.22621809744783 107.37819025522042
207 459.88979118329473 246.05568445475637
208 384.2853828306265 390.70069605568443
209 231.67401392111373 492.1856148491879
210 343.0533642691416 23.122969837587007
211 548.1357308584687 468.8213457076566
212 480.9256592178593 199.18604171082765
213 709.7077690965664 450.79463780467177
214 170.11717903305748 302.9587008687605
215 279.069287791592 514.0190253596618
216 377.4635034583052 356.5040478837462
217 256.9998217469446 523.4167223520549
219 218.77781355333258 318.76676359104005
220 60.93416832419425 262.5821843695736
221 91.37928836019904 269.15953625945997
222 235.27963633764134 610.4570040006213
226 121.62322436955866 321.3159168142748
232 671.2723094492608 255.05793085349578
233 178.1940227483806 625.2477965080348
