# pedestrianID x y
28 736.300464037123 221.14153132250578
39 123.99071925754066 89.4013921113689
49 221.49838710638704 656.9539286786619
58 17.702518448246508 240.13021944687813
60 235.4640371229699 562.5661252900231
67 587.9141531322507 70.91879350348029
69 421.04640371229704 336.3480278422274
70 559.7807424593968 167.61020881670532
72 459.16589327146175 253.34106728538285
73 409.0777262180975 525.675174013921
75 621.8679663297812 532.5976587051014
77 624.0962877030163 375.75870069605566
78 128.6577726218098 550.15313225058
79 247.81902552204178 138.0742459396752
80 251.0348027842228 123.20185614849188
81 388.00464037122975 76.10672853828305
82 362.83178654292345 11.280742459396752
96 680.2670224531665 293.4762685522373
100 622.3589379808993 75.85432258464951
103 198.49883990719263 68.35266821345708
106 589.7633410672854 60.76566125290023
107 155.92923433874714 326.25522041763344
108 251.0090999593889 -187.62276636985104
109 674.6508120649653 314.2969837587007
110 654.7923433874711 436.8909512761021
111 487.46171693735505 399.34106728538285
112 471.8062645011601 363.1322505800464
113 -57.12561452815569 303.33753487996637
114 170.3375870069606 455.02552204176334
115 257.82482598607896 397.17401392111367
116 338.60904872389796 555.1044083526682
117 455.8422273781903 316.2784222737819
119 949.6872330120428 853.9472104747601
120 258.93851508120656 139.58700696055683
131 354.4075168668977 371.35220225806495
132 153.60519833888623 676.1183477454333
133 128.24501483989414 682.2919705866287
134 472.9095127610209 532.969837587007
135 732.1043907261682 291.8928796477524
136 469.6252900232019 535.4106728538284
138 159.23482708979088 637.4103254722227
139 335.8704097723715 177.35901537786228
141 627.1032482598608 193.78190255220417
142 724.3043925465194 473.40799444455746
143 304.1119910842652 359.8907383007826
144 588.1090487238979 68.35266821345708
145 376.605623527686 481.548827087236
146 547.5951276102089 464.20417633410676
147 236.0292881353176 599.9969323028046
150 726.5616693223197 473.0128185946952
152 12.888122862844133 429.56695440776537
153 696.4466357308586 275.6426914153132
154 475.8375870069606 277.53132250580046
155 160.84106728538288 354.8074245939675
156 475.2737819025523 425.70765661252904
157 411.9561351429791 475.7781380897093
158 430.71809744779586 511.2111368909513
159 459.15545243619493 532.969837587007
160 535.2691415313225 457.3132250580046
161 430.1299303944316 537.8561484918793
162 89.01392111368915 308.3805104408353
163 210.33642691415318 273.7587006960557
164 228.77746372797108 625.9715123512282
201 520.4605568445476 441.3967517401392
202 176.3786068947202 77.3353278345186
204 138.36286323090016 680.6320166409491
215 720.1440346320006 274.5696548475445
216 728.7799104711063 461.99816172453416
219 693.4752635150544 304.0253715213159
225 567.2313373468118 691.6134452894247
226 731.9285364028111 249.80702159557583
229 730.6595600525694 271.681279167318
231 579.34993014518 663.0894716645698
233 508.9158305821083 482.182932311556
237 570.907192575406 562.5661252900231
243 402.3937198200925 296.9619703021012
244 604.7529002320186 346.5568445475638
246 317.7862867867775 61.15058100599351
