# pedestrianID x y
28 693.1740139211138 195.4570765661253
29 717.1832946635732 198.82134570765663
39 131.92343387471 126.13921113689095
49 229.97503904290906 653.055927807496
57 599.1474711810215 691.97435634141
58 21.385104830516728 232.98247557060907
60 229.1160092807425 528.1020881670534
62 729.7645011600929 314.2969837587007
64 732.5871548685556 435.36951511028155
65 715.453596287703 290.88167053364265
67 582.6635730858469 111.63805104408353
69 431.25522041763344 304.45939675174014
70 521.8979118329466 159.6751740139211
72 458.8236658932715 281.322505800464
73 376.74709976798147 542.7610208816706
74 734.7030162412993 185.4756380510441
75 625.6294295068286 503.5184930530169
76 697.6705336426915 212.4640371229698
77 603.1983758700696 354.8074245939675
78 114.76102088167056 577.6148491879351
79 252.79930394431557 110.21345707656613
80 256.14153132250584 94.8491879350348
81 355.6925754060325 49.698375870069604
96 673.8304062971331 296.4355683482862
100 619.7407899240652 83.9095517438707
103 169.33410672853833 100.37122969837587
106 583.2099767981439 101.76334106728538
107 192.51856148491885 334.32018561484915
108 311.1675714254719 -54.40246803026531
109 677.4837587006962 350.67285382830624
110 628.0986078886311 414.6403712296984
111 468.6113689095128 401.5127610208816
112 477.61203207006315 391.9515167575687
113 93.01215547763422 263.6512177770669
114 164.21809744779586 494.54756380510446
115 283.1763341067286 430.1670533642691
116 306.9037122969838 570.0696055684455
117 446.5301624129931 354.8074245939675
119 715.103248259861 342.4593967517402
120 264.73781902552207 111.63805104408353
131 362.1148491879351 367.32250580046406
133 128.58671038560473 680.4947955031379
134 505.44663573085853 511.2111368909513
135 731.1967625119174 294.8062366157689
136 502.2505800464038 513.6102088167054
138 163.23395548331928 630.6563920379875
139 333.1842339405518 175.53647192939738
141 557.1778652913489 201.5145806120381
142 721.3337421799674 473.08939799883245
143 322.9455130324281 356.46624165575344
144 581.7935034802784 108.79350348027842
145 386.09669602147983 422.3273353599489
146 510.5232018561485 492.1856148491879
147 190.79524618266785 639.0285890497356
150 724.7035074190187 472.7599625131397
152 26.534370442640636 377.7675541366392
153 683.9083526682134 298.6125290023202
154 473.56032482598613 314.2969837587007
155 173.4976798143852 375.75870069605566
156 455.3097447795824 441.3967517401392
157 400.8128789131543 471.83150900437545
158 349.18174686733596 460.5070693221423
159 492.2331786542924 516.0139211136891
160 497.5742459396752 478.11136890951275
161 389.02784222737824 552.6264501160093
162 94.04988399071931 350.67285382830624
163 199.68626880759015 237.09913698849846
164 168.52017422168055 669.8748075693785
201 523.838724994882 389.24139833258226
202 183.9888738736627 83.86834121877592
204 139.64976431766118 678.7674969329624
206 137.0605758500149 692.01044522224
215 718.5318268782712 275.36364474277576
216 727.9102890952094 461.0256330976515
219 690.6768851850364 306.44439104780605
225 565.8992626741338 690.5129277461941
226 731.2856606492982 248.60592099099117
229 729.6523579573387 272.38884230294786
231 579.5479641855582 658.9196925599508
233 511.42374138834555 479.7612230362582
237 545.447795823666 587.7401392111368
243 403.4012038223335 299.7004092195786
244 559.7058431338706 428.45154406310286
246 308.147403532116 46.32824577905577
