# pedestrianID x y
86 142.47151865359746 687.1549389116075
91 577.5260757793909 691.0948543813769
93 577.4262247479854 692.5965176390689
125 143.43780659635667 684.7952255213072
127 148.69612258870382 675.6214360611592
148 143.9713948431224 687.300538551665
173 26.72851878818603 274.79343702372284
179 147.66714580753654 679.9946427373021
180 125.63190719171598 691.3628174186853
185 461.0596108080467 23.424482944509705
245 501.0917545993162 577.176864467288
246 485.65980084142274 549.9177937366889
247 504.1411211541393 580.053876677654
248 509.26706474840694 591.6742785862324
249 220.06363100183262 594.2505571233775
251 703.6274782141278 273.31328577556474
253 524.5973757567003 613.6744253540745
254 522.0284183726474 609.9817950726982
255 96.9319742731403 13.886119192478196
256 461.0702107774699 31.82489207868166
258 132.65555495333405 686.0016106175077
259 126.42826575728078 677.7607953688147
261 126.54603920695499 675.2260547795312
264 22.727836607769362 293.43199358885
267 723.8988747453657 260.3893877160317
269 7.484306114894023 272.6109909563036
