# pedestrianID x y
1 685.2381446938629 612.3526509923079
2 682.4628095183444 605.6089884745872
3 422.56032482598613 367.32250580046406
4 425.87122969837594 371.53132250580046
5 567.1658932714618 516.0139211136891
6 724.7618850048467 250.2762831048416
7 351.0452436194896 450.4640371229698
9 693.5449567493665 242.32240090230312
11 227.0371229698376 292.80742459396754
12 224.11484918793508 279.4245939675174
14 417.9501160092808 88.05104408352668
15 421.91995359628777 69.63341067285383
30 294.9744196439697 22.305066255500734
34 684.3723897911834 197.13689095127611
35 684.9361948955917 187.12761020881672
36 604.9582366589327 308.3805104408353
37 644.8665893271462 410.24593967517404
38 500.1484918793504 111.63805104408353
69 505.87219005912675 686.4935070151206
72 729.3485225613309 266.60962146964675
79 145.23157969834685 692.0958102408061
80 47.717145448204754 297.2792671343133
83 641.6728538283063 377.87935034802786
86 421.55104408352673 346.5568445475638
87 267.4582366589327 72.20881670533643
90 496.4118329466358 410.24593967517404
91 375.27958236658935 167.61020881670532
92 278.85266821345715 54.5707656612529
97 615.4860788863109 388.55220417633416
100 644.9301936114905 7.7602217524192385
108 165.01680875611444 656.2970639299357
111 483.9283445803269 30.017425469834677
114 272.0020916786528 14.958693887912077
118 351.2273900693246 18.378332151441906
120 288.6809744779583 540.3062645011601
121 598.9582366589327 356.8816705336427
122 440.3852391795562 206.65666883175714
123 333.87587006960564 42.52900232018561
124 696.6719535179327 278.21955444265035
125 494.8735498839908 151.85614849187934
126 559.4965197215778 480.44547563805105
127 550.8215617969762 143.0790587225893
128 381.300464037123 151.85614849187934
131 608.2140514578233 605.1246131402271
132 379.83734751988356 122.86367055424296
136 171.8281643310366 677.2404756593295
141 633.5922515597608 9.501098547371445
147 501.28538283062653 53.34570765661253
157 331.92601897534746 25.674306614719324
159 239.74593967517404 67.07656612529003
163 384.02500443851665 206.06130496934233
166 118.69551434041803 579.4362896877569
167 353.58120649651977 17.670533642691414
168 362.78624940525845 89.7753864417575
170 349.55104408352673 7.11368909512761
171 276.05104408352673 382.13457076566124
172 411.36163667644627 549.3046012461382
173 291.2714617169374 471.13689095127614
174 261.12761020881675 395.01160092807424
176 632.0942578563893 504.9459602224202
202 104.60260085133531 11.00615574115025
219 728.8238375472243 274.20235549161123
233 414.24592033074043 569.1231740056402
237 720.1006566124929 480.9493911342863
245 263.73695537627947 457.5850244928095
246 428.63645190244023 282.0515637737324
247 298.00196877431864 -564.2171824772104
248 350.5785988937332 215.18087726443918
249 534.6139183006112 252.36697516302232
250 249.93503480278426 443.6566125290023
251 257.8781902552205 310.34802784222734
252 635.4628770301624 636.8491879350348
253 239.60324825986083 255.1740139211137
254 397.88863109048725 105.9675174013921
