# pedestrianID x y
86 139.18508606077745 689.5958527524441
125 139.97413014948768 687.6115015135422
127 144.83910764453498 679.6385861249038
148 139.50241992623836 690.3052611925275
173 22.442496512943436 274.82512011741056
179 142.19268750663912 684.8533556231804
185 461.46648030126437 16.83453958558703
245 509.6386468138087 590.8517120862283
246 494.10071189211374 562.970232186009
247 512.2509057681485 593.481908412209
248 517.5152181738614 604.8717345162813
249 208.15834428116375 606.9236754728234
251 709.808094101335 271.92066394358983
253 532.3489092825769 626.7058742385093
254 530.0344266115977 623.1580233254051
255 95.72341350867248 10.104762081418642
256 461.44425628231227 23.373037000397833
258 130.42746096949438 689.9736405583158
259 125.99911802577617 684.36002763606
261 126.09944774724384 682.200870476448
264 16.62489848827927 288.4523379988214
267 728.950811274816 261.8325649765378
