# pedestrianID x y
28 705.5556844547564 203.90255220417635
29 733.1508120649653 209.02552204176334
39 127.53248259860791 115.93967517401393
49 227.5009340541579 654.2222092497913
57 598.4468649519125 692.2473145379217
58 20.30220551580133 235.01893282186538
60 230.15777262180978 537.8561484918793
65 728.016241299304 288.96055684454757
67 583.9628770301624 100.37122969837587
69 427.2714617169374 312.3201856148492
70 532.8375870069606 162.83526682134573
72 458.32598607888633 275.6426914153132
73 388.8016241299304 540.3062645011601
75 624.7677668377285 510.50292786213777
76 710.2030162412993 221.14153132250578
77 607.4083526682135 361.04408352668213
78 117.4651972157773 570.0696055684455
79 250.39791183294668 118.830626450116
80 252.58004640371234 103.16009280742459
81 364.64617169373554 57.03480278422274
96 675.781530282358 295.59038442737676
100 620.5544250029502 81.48522343232807
103 176.5742459396752 90.75638051044085
106 585.5672853828307 90.75638051044085
107 180.95243619489563 330.27842227378187
108 295.98298271034236 -87.00560922992409
109 677.0522041763342 342.4593967517402
110 637.3248259860788 421.2668213457076
111 472.1264501160093 405.87006960556846
112 463.17981438515085 371.53132250580046
113 49.528485629087655 274.8035497394696
114 167.2053364269142 482.78422273781905
115 273.94199535962883 421.2668213457076
116 315.7262180974478 567.5638051044084
117 450.4129930394432 344.5058004640371
119 800.2392902885726 535.9720653278811
120 262.6484918793504 118.830626450116
131 354.3619489559165 373.6426914153132
133 128.48078166777466 680.9929654133299
134 497.5359628770302 518.4222737819025
135 731.4741311817853 293.8962295764399
136 494.3143851508121 520.8352668213457
138 161.95951811662448 632.5487764988476
139 333.8862676811937 176.03624255858756
141 556.2848196424101 201.58509615249537
142 722.230484625161 473.1986041366931
143 317.1285001017751 357.3682961993246
144 584.2645011600928 97.60092807424593
145 384.0231414027977 437.1201749490464
146 519.9164733178654 485.1276102088167
147 204.28437603842607 628.0649066017053
150 725.2644789625241 472.8318929919985
152 22.768335331679047 390.94859109244067
153 686.2192575406033 290.88167053364265
154 473.92923433874716 302.5058004640371
155 162.8700696055685 373.6426914153132
156 463.1450116009281 436.8909512761021
157 403.83981978661046 472.90419658500065
158 345.9997422985445 458.6404162152954
159 482.1879350348028 518.4222737819025
160 508.5916473317866 471.13689095127614
161 401.1925754060325 552.6264501160093
162 91.87122969837588 338.3805104408353
163 210.81670533642696 237.05336426914153
164 185.04632863300668 656.9143884491498
201 524.0075891948912 386.90488642694936
202 181.834633135743 81.90868009981874
204 139.2432800818485 679.3864968867108
206 136.68692039588873 692.2782194507138
215 719.0211234503975 275.1304562075891
216 728.160136960898 461.3238781922387
219 691.579071497838 305.6832628531337
225 566.2686821318616 690.853385721936
226 731.4737605545973 248.9498216234899
229 729.9897630778808 272.171059381582
231 579.4856907463231 660.2536748358502
233 510.70117680921203 480.490933042585
237 553.516241299304 580.1392111368909
243 403.11105119716336 298.889230122336
244 579.6357308584687 361.04408352668213
246 310.89039909240665 50.45927115979253
