# pedestrianID x y
26 495.2111368909513 81.36890951276102
39 140.14153132250584 603.0672853828306
41 732.4488547149681 457.1851184461109
46 731.8131784555089 450.78665446891426
47 620.3364269141532 660.6960556844548
49 491.92343387471 557.5870069605569
57 556.3979118329466 511.2111368909513
58 90.73317865429237 430.1670533642691
59 736.248259860789 244.24593967517401
60 193.77030162412998 229.9350348027842
61 686.8422273781903 188.78422273781902
62 280.65545243619493 525.675174013921
64 657.7679814385151 169.21113689095125
65 395.1067285382831 513.6102088167054
66 661.6728538283063 169.21113689095125
67 489.49883990719263 597.9396751740139
68 502.46055684454757 93.48027842227378
69 186.50116009280745 84.0278422273782
70 53.759860788863136 283.2250580046404
71 45.49535962877036 298.6125290023202
96 288.02320185614855 361.04408352668213
100 423.5118319894888 335.83355937908976
101 719.5884129685247 465.68243159736886
103 940.0773648686021 906.3626929459456
104 671.5208816705338 167.61020881670532
105 7.212078821813522 56.17815413072553
106 275.2389791183295 494.54756380510446
107 300.8375870069606 537.8561484918793
108 194.27030162412998 67.07656612529003
109 588.600928074246 623.7633410672854
110 205.20499425114335 618.3228539118488
111 159.64840678846414 668.2140991266987
133 137.1369057515121 633.6249935400524
134 501.38515081206504 365.22505800464035
135 495.0570463561332 433.97509620590273
136 566.6126245583885 336.32294796968426
137 442.96171693735505 397.17401392111367
138 193.44189341170087 344.4693405333201
139 187.5649651972158 314.2969837587007
140 466.32598607888633 158.10208816705335
141 420.6160092807425 392.8538283062645
142 523.0510440835267 466.5104408352668
143 386.8109048723898 436.8909512761021
144 479.9187935034803 443.6566125290023
145 329.77378190255223 565.0626450116009
146 560.4643617503272 687.4778389061299
150 667.6038567080404 464.076308900519
153 34.64070628231331 284.379861678246
187 727.983082801801 659.5315960364795
192 584.4540236204678 688.382490105422
195 511.88051044083534 217.65661252900233
198 518.9455604052215 401.26077234836254
199 728.1483197872801 425.40424618848635
201 538.554468911006 336.3480278422274
202 276.7871123780784 416.62893936088665
204 172.17306101601653 630.2123289199548
206 175.57313157623076 666.1471729851166
208 192.93503480278426 285.1322505800464
209 307.5127610208817 58.27378190255221
214 141.5652579213129 691.4055725967091
215 682.9628009261282 293.12779277839735
216 709.8683719752701 440.28451704103725
219 611.248259860789 348.6125290023202
223 136.60716093892174 690.0353730578961
225 521.9185294368759 654.7494839137834
226 698.8677494199537 237.05336426914153
228 692.3412673009416 301.56164186526377
229 701.8822049622948 291.1310809165189
231 559.8793503480279 557.5870069605569
233 527.7714617169374 464.20417633410676
234 632.7638212913362 210.88417869379717
235 560.5366005390598 263.10130534171515
236 548.8874709976799 183.82830626450115
237 505.22737819025525 281.322505800464
238 331.5684454756381 108.79350348027842
239 364.2389791183295 466.5104408352668
240 447.86078886310906 425.70765661252904
241 314.6670533642692 464.20417633410676
242 374.74593967517404 384.2691415313225
243 315.9133645019682 488.31644332376914
244 293.2806766137408 608.5431279108047
