# pedestrianID x y
86 135.0471311073589 692.6084613982863
125 135.72753294810016 691.0824888109258
127 139.8917652655476 684.6956459663983
173 16.970137214973768 274.86734218415916
179 136.15405330137338 690.1558384796771
185 461.8871704239645 9.938824252173536
245 520.8808933124835 608.8108754736652
246 505.22708096792957 581.4967212983911
247 523.3992241678828 611.2330789806215
248 528.7480397597989 622.2182561016056
249 192.75131599182797 624.3886523396353
251 717.4631401124763 270.1365476166638
253 542.4264136295104 643.1303470765305
254 540.2394571946828 639.9711692084563
256 461.8431221715841 14.621068761802912
259 125.56558814390378 691.0157395128505
261 125.63323546909008 689.560119178388
264 10.145794633566922 283.25905073298696
