# pedestrianID x y
0 599.3399071925754 80.04640371229698
49 202.87728128057864 665.1738176342391
58 11.175335141761703 252.9761527080862
60 236.29814385150814 636.8491879350348
67 604.6832506867414 39.10401262980836
69 391.26566125290026 419.0533642691415
70 594.5371229698376 130.58004640371232
72 479.85150812064967 162.83526682134573
73 345.9864119808817 576.4443056321718
75 638.4814385150812 410.24593967517404
77 654.947097330709 327.4200621855163
78 165.45823665893275 468.8213457076566
79 224.60788863109053 205.60556844547563
80 224.18793503480282 188.78422273781902
81 467.254060324826 145.6844547563805
82 444.41995359628777 84.0278422273782
83 439.38399071925755 72.20881670533643
96 693.5601726199317 286.9550756558184
98 708.9280742459397 562.5661252900231
100 627.8587230998442 59.6575121102495
103 304.03248259860794 14.454756380510442
107 53.431554524362014 308.3805104408353
108 437.83874709976806 338.3805104408353
109 666.8758700696055 214.1902552204176
110 736.2424593967518 487.4756380510441
111 533.1624129930394 336.3480278422274
112 510.57540603248265 300.5568445475638
113 -379.4828082263053 393.5984993080946
114 165.5638051044084 365.22505800464035
115 295.1898656265267 368.78444640943553
116 411.7250580046404 501.66125290023206
117 462.4176334106729 215.92111368909514
118 582.5185614849188 684.9187935034803
119 1245.9873574770552 1492.0521876513678
120 245.22593437768245 183.71907333775826
121 34.71113689095131 224.6450116009281
131 354.84249810701414 369.7290811398373
132 225.61535651123836 613.1768510105711
133 127.53771735574469 686.0915580985891
134 539.5881670533643 496.91415313225053
136 371.9361948955917 585.2018561484919
138 151.1675875315325 652.5378002107836
139 343.69975168876704 182.03099480550665
141 608.131090487239 104.5614849187935
142 730.0357042293722 473.99592164272804
143 524.27030162413 253.34106728538285
144 597.7179728753536 27.998976726848802
145 324.0368229082481 843.0912743025785
146 571.1206496519721 386.40835266821347
147 332.11832946635735 518.4222737819025
150 730.012651539588 473.5389020305264
152 99.33990719257548 214.1902552204176
153 700.3143851508121 200.51044083526682
154 488.51856148491885 187.12761020881672
155 186.11484918793508 271.8793503480278
156 550.401392111369 408.0556844547564
157 346.2714617169374 425.70765661252904
158 522.5800464037123 461.9025522041763
159 445.3380818947371 551.6379302313223
160 515.6128439534579 436.12121659144395
161 455.5247657290837 517.6809072740492
162 81.17517401392115 210.74245939675174
163 201.76450116009283 388.55220417633416
164 352.56148491879355 532.969837587007
165 101.49629623834548 230.9584277832639
201 552.7308584686775 508.8167053364269
202 160.62314271896625 62.76020559763221
204 135.57568217229627 684.6199292277352
215 723.6021471133872 272.85351728500314
216 730.6717694500713 464.2004964524758
219 700.1177875989982 298.73521333771026
231 578.9368812820377 671.3127736224678
233 501.9289102254209 488.45111137637065
237 614.8850345064837 512.5091306445672
243 396.3781902552205 430.1670533642691
244 631.2169373549884 388.55220417633416
245 25.00116009280748 257.01160092807424
246 324.7296983758701 98.98375870069606
