# pedestrianID x y
27 734.7030162412993 188.78422273781902
28 688.0 192.11136890951275
29 710.5777262180975 195.4570765661253
39 133.98607888631093 132.06960556844547
49 230.9865006299767 652.4513172588591
57 599.4308192578162 691.8710612008849
58 21.816830886697037 232.01385061129344
60 227.74709976798147 523.2529002320186
62 725.8723897911834 316.2784222737819
64 732.44751830556 434.47717681151204
65 712.1983758700696 294.73781902552207
67 583.1809744779582 117.38283062645012
69 430.8967517401393 298.6125290023202
70 517.7412993039443 158.10208816705335
72 459.15545243619493 285.1322505800464
73 371.5835266821346 545.2204176334106
74 731.393271461717 183.82830626450115
75 625.9717130606692 501.37323464174784
76 692.431554524362 209.02552204176334
77 597.1194895591648 346.5568445475638
78 112.68097447795827 580.1392111368909
79 254.5916473317866 105.9675174013921
80 256.52900232018567 92.11600928074246
81 351.29930394431557 46.09280742459397
96 670.6693735498841 298.6125290023202
100 619.4352120801341 84.73602500319355
103 165.84802784222742 104.5614849187935
106 583.7714617169374 107.37819025522042
107 195.29930394431557 336.3480278422274
108 318.33780460779144 -41.48931781921717
109 266.1648676615786 1248.7649926076933
110 624.1148491879351 410.24593967517404
111 465.4373549883991 401.5127610208816
112 477.4588924279346 391.85001720661097
113 109.48814238020752 258.8622361511093
114 162.27030162412998 496.91415313225053
115 284.5916473317866 434.64501160092806
116 303.32714617169376 572.5800464037123
117 445.26566125290026 358.96055684454757
119 717.1763341067285 344.5058004640371
120 266.4628770301624 107.37819025522042
131 365.19953596287706 365.22505800464035
133 128.62732463008044 680.2726376705048
134 508.63341067285387 508.8167053364269
135 731.0720262488543 295.20514629161653
136 505.44663573085853 511.2111368909513
138 163.71125078419624 629.9119478962134
139 332.9212104877361 175.3450680290263
141 557.5917517805142 201.48316938488793
142 720.9243701937918 473.05063359330484
143 325.0555948437747 356.13037434760764
144 582.748259860789 115.93967517401393
145 387.0518873867865 415.98267030339355
146 508.84338747099775 492.1856148491879
147 185.9525852179169 644.2288043008939
150 724.5185045125361 472.72867666183674
152 27.67198165799487 373.1014069529974
153 670.1716937354988 296.67285382830624
154 473.92923433874716 318.26450116009283
155 177.91183294663577 377.87935034802786
156 452.05220417633416 441.3967517401392
157 399.62871817942255 471.3927739242849
158 350.2407771525726 461.30543866631376
159 495.25638051044086 511.2111368909513
160 494.6299303944316 482.78422273781905
161 385.63341067285387 557.5870069605569
162 94.40139211136892 356.8816705336427
163 195.63220833036115 237.8770054155599
164 161.63149801587934 675.2042415323227
201 523.7693816492579 390.0369239021776
202 183.3422273781903 82.69605568445475
204 139.81804534083537 678.5292300051956
206 137.213005408482 691.8941416707341
215 718.3404392326911 275.4565778210745
216 727.8269591230525 460.92069043399965
219 690.371719294536 306.662662709481
225 565.732584161889 690.3723491259832
226 731.2266683995938 248.47400268344887
229 729.552111141172 272.4788676663164
231 579.5707309848872 658.3946840412399
233 511.7315052044662 479.4949666629511
237 542.1519721577727 590.2830626450117
243 403.51980982143016 299.99164455314593
244 559.8413603220605 427.78330232981835
246 307.07882842204197 44.83294688607389
