# pedestrianID x y
1 451.69025522041767 203.90255220417635
2 449.8491879350348 198.82134570765663
3 350.0736140801953 32.025466024787384
4 248.8109048723898 26.450116009280745
5 252.639211136891 13.39211136890951
30 178.78969965538238 425.8826625856471
31 494.6171693735499 53.34570765661253
32 340.169373549884 14.454756380510442
33 336.4686774941996 4.037122969837587
49 168.33239188698917 680.881009441546
67 631.4627828115806 14.784661752626917
69 365.08120649651977 628.9837587006961
70 720.4338747099769 222.89095127610207
72 695.6369568566328 271.6424010583987
73 726.4800253424214 376.0769522535158
78 160.00464037122973 395.01160092807424
79 164.29234338747105 386.40835266821347
80 244.49717864670694 212.01061019616967
81 695.264917733056 267.8266993738543
83 557.262180974478 103.16009280742459
84 683.2958236658933 290.88167053364265
85 23.85266821345715 183.82830626450115
86 223.61716937354993 29.819025522041763
96 717.3052307118544 275.8843033791986
97 323.1997803212468 651.8236560082956
100 637.5196020592273 30.388742054006524
108 270.9043462647044 541.1585335762288
111 553.2517401392112 124.66821345707656
112 378.63689095127614 72.20881670533643
114 243.8526682134571 121.7401392111369
115 309.59396751740144 182.18561484918794
116 674.7911832946636 386.40835266821347
117 322.90255220417635 43.712296983758705
118 557.9129930394431 605.6380510440835
120 213.45823665893275 414.6403712296984
121 195.1345707656613 258.8538283062645
122 74.25754060324829 577.6148491879351
123 292.84338747099775 473.45707656612524
124 267.8491879350348 542.7610208816706
125 317.838747099768 37.84222737819026
126 313.08415954494717 36.258685080096555
127 268.6236482039865 42.486531170964
131 432.6728538283063 412.4408352668213
132 282.9519460640772 572.088282472033
136 250.54640371229704 642.1160092807426
138 137.46411500575942 677.65723332884
139 361.74593967517404 7.11368909512761
141 607.9787279851633 26.491180758563516
143 706.5487238979119 275.6426914153132
144 621.897065658144 14.490851608870063
146 701.5512786225084 270.0895555592261
147 377.0348027842228 434.64501160092806
155 361.94199535962883 20.928074245939676
156 607.4002320185615 264.40835266821347
157 500.44315545243626 266.26914153132253
159 434.6925675474408 591.1312851658016
160 732.616832590308 321.0099399370829
161 378.3201856148492 412.4408352668213
163 298.477958236659 504.0417633410673
164 441.7830626450116 432.40371229698377
165 200.18097447795827 403.68909512761024
166 142.47795823665896 244.24593967517401
167 191.9651972157773 377.87935034802786
168 283.88400722006 462.6923889092615
169 348.1733707325284 467.46667260055347
170 143.2422049194153 659.314459108762
202 131.1626385536345 35.597453803442995
204 130.56808476334356 691.9869918208692
215 730.3959331142736 269.5852873164271
219 713.8005871741025 287.36106668503373
231 578.2156518851152 685.6715216815202
233 480.5673972073132 508.4750889214136
237 672.4196323667062 495.71634667389657
243 506.1879350348028 288.96055684454757
245 116.16473317865433 373.6426914153132
246 313.57732260745075 59.57237509799997
247 271.48298376590174 29.769318164152
