# pedestrianID x y
26 698.6728538283063 192.11136890951275
27 494.07540603248265 37.84222737819026
28 396.3816705336427 19.837587006960558
39 111.9686774941996 380.00464037122964
47 607.3820883515608 688.2823160250966
49 336.2111368909513 623.7633410672854
57 606.2877030162414 666.046403712297
58 52.69025522041767 180.5475638051044
60 168.22631637479145 208.75444825096844
62 495.723897911833 386.40835266821347
64 664.4965197215778 361.04408352668213
65 564.1392111368909 439.1415313225058
66 724.1045789221022 255.58873024319456
67 543.401392111369 390.70069605568443
68 712.7911832946636 209.02552204176334
69 334.3909512761021 139.58700696055683
70 264.2308584686775 148.76102088167053
71 34.95823665893272 39.00696055684455
72 501.300464037123 210.74245939675174
73 155.19489559164737 650.0510440835267
74 493.2099767981439 26.450116009280745
75 575.3689095127611 687.6334106728539
76 398.74129930394434 35.52668213457076
96 433.6972157772622 401.5127610208816
100 521.4628770301624 217.65661252900233
103 204.6206496519722 334.32018561484915
106 539.901392111369 375.75870069605566
107 245.98376259284845 403.93636108484833
108 338.5394431554525 121.7401392111369
109 601.5195940190042 516.754201582437
110 378.131090487239 516.0139211136891
111 356.57786394891605 501.2167778080325
112 171.54537383511573 690.3005254633787
113 312.80394431554527 98.98375870069606
114 117.88979118329473 690.352668213457
115 260.5533642691416 585.2018561484919
117 302.0393555661555 565.7247711026179
131 423.80278422273784 141.1044083526682
133 131.79787929338787 663.3049001106276
134 641.6078886310905 340.41763341067286
135 721.2378190255221 326.25522041763344
136 469.64153132250584 436.8909512761021
137 557.2389791183296 247.87006960556843
138 170.9466357308585 494.54756380510446
139 207.4272229376657 192.34035923186892
141 529.0719257540604 247.87006960556843
142 677.0447398023902 468.6085561811416
143 431.5605888366919 336.2730979137053
144 542.84686774942 386.40835266821347
145 371.60904872389796 384.2691415313225
146 421.8596287703017 501.66125290023206
150 705.6785667311348 469.9233598064291
152 108.00000000000003 403.68909512761024
153 422.9637746517203 379.96223085808305
154 415.9269141531323 525.675174013921
155 447.21187996624167 408.4172040766143
156 287.789165845571 580.8578988741232
157 264.841528008393 537.1382099683165
158 222.80037574899796 600.7239514933303
159 251.3489447780205 624.9538027162939
160 142.97887176738666 688.8042483432548
195 344.95707656612535 33.22969837587007
198 710.2494199535963 358.96055684454757
199 731.4434750370242 439.07308178055376
201 468.1867749419954 338.3805104408353
202 216.13109048723902 298.6125290023202
204 152.08225357501522 660.7595761609103
206 150.35881059624435 683.087388004636
208 222.1682134570766 98.98375870069606
215 704.5258144453525 282.5766624991524
216 720.408345510943 452.397491193334
219 666.8428195437203 326.76041343846083
225 551.3343201335728 678.8977175765335
226 725.5835568878584 238.082923602807
228 722.8387703729239 277.4424067751819
229 719.6587866569739 279.3422229572057
231 581.6082085986533 617.925862548528
233 527.154627177396 465.2826106468867
235 445.5301624129931 242.44083526682135
237 571.9338747099769 473.45707656612524
238 436.0152946576114 13.478562707148033
239 553.6136890951277 302.5058004640371
240 581.9918793503481 231.70765661252898
241 444.177494199536 260.7006960556845
242 433.04640371229704 244.24593967517401
243 426.37122969837594 296.67285382830624
244 443.5742459396752 496.91415313225053
