# pedestrianID x y
1 637.4118329466357 575.0951276102088
2 631.3201856148492 557.5870069605569
3 465.00928074245945 270.0046403712297
4 507.9809140373746 298.6477434304041
5 546.447795823666 344.5058004640371
6 694.3138245010873 220.74109883471812
7 511.13341067285387 260.7006960556845
9 560.877030162413 172.42691415313226
10 642.0754060324825 145.6844547563805
11 344.0533642691416 84.0278422273782
12 340.8422273781903 70.91879350348029
30 250.054524361949 130.58004640371232
34 534.931554524362 136.56612529002322
35 537.5475638051045 126.13921113689095
36 566.0800464037123 183.82830626450115
37 600.8480278422275 235.26682134570765
49 143.35841750285806 691.8764612545529
69 473.750773281752 680.6785385195931
72 723.6406348789545 267.4849598916735
79 155.44895591647335 647.401392111369
80 77.61790299140179 311.6109063476134
83 592.477958236659 222.89095127610207
84 314.07656612529007 6.08352668213457
86 457.75058004640374 253.34106728538285
89 620.5719257540604 158.10208816705335
90 780.5134524340239 1226.0366461196995
91 234.17169373549888 60.76566125290023
96 731.7344337751397 269.0045205860651
97 492.1113689095128 452.74245939675177
100 643.5566380546162 11.743742896225097
108 183.30593690692976 636.3641244294951
111 495.64512687858735 46.049522398200004
112 279.61252900232023 18.751740139211137
114 267.9872377621427 25.697779612020454
118 492.2807424593968 308.3805104408353
120 246.23665893271465 557.5870069605569
121 264.5540813204321 77.97209665797017
122 263.0775322058856 371.6461598812397
123 407.292343387471 159.6751740139211
124 642.8183248404597 294.49747486099864
125 502.98747306208486 133.6756199432538
126 468.7053364269142 344.5058004640371
127 536.3420625676328 154.50084306663848
131 620.9087012290992 566.2759200359623
132 572.4727340423593 609.3446261323377
136 187.9169440523253 669.7143303796231
138 129.34146603125072 692.4038138499058
141 628.3170123474149 12.922907057388288
146 731.8891732905588 266.08958187992295
147 445.401392111369 209.02552204176334
156 690.3155452436196 198.82134570765663
157 351.7503928777567 35.12140494841218
159 360.96635730858475 164.42227378190256
161 551.0 55.800464037122964
163 438.66125290023206 226.40371229698377
166 113.4211136890952 496.91415313225053
167 249.43619489559168 166.0139211136891
168 409.44663573085853 174.04176334106728
169 80.9118329466358 29.819025522041763
170 309.1648972400275 942.4244269294139
171 373.68445475638055 425.70765661252904
172 403.86338432953045 545.3469742022124
173 436.1819400437287 496.8069111176217
174 416.0746419193355 542.5425917661694
202 109.91782953410397 15.826431788216796
219 725.4734787806507 277.0515052289407
233 438.5222851797078 546.3909380457935
237 711.436115748673 483.6977244520671
243 291.7853828306265 13.39211136890951
245 -382.004346920047 155.15000885065731
246 423.16186889980247 289.24337024004336
247 310.6492775336259 -389.6198799473708
248 324.52733045621034 189.39002606619434
249 509.2053364269142 257.01160092807424
250 256.59976798143856 496.91415313225053
251 -204.73271300872912 405.1450082983033
253 352.27494199535965 72.20881670533643
