# pedestrianID x y
26 604.6183294663573 151.85614849187934
39 138.04408352668216 475.7819025522042
47 617.2408087936934 684.4577120192004
49 436.91995359628777 575.0951276102088
57 581.431554524362 608.2134570765661
58 62.99651972157778 287.04408352668213
60 167.52201548758578 233.68001553001153
62 421.5788863109049 414.6403712296984
64 682.7807424593968 268.13457076566124
65 467.901392111369 482.78422273781905
66 708.736911799132 246.94036914816766
67 525.4187935034803 473.45707656612524
68 616.1160092807424 169.21113689095125
69 279.08584686774947 126.13921113689095
70 182.97099767981442 203.90255220417635
71 21.944315545243626 144.15313225058006
72 526.5162412993039 110.21345707656613
96 266.16635151643305 376.50205693914495
100 484.30278422273784 275.6426914153132
101 731.400515187786 470.9340283141234
103 258.42459396751747 412.4408352668213
105 63.8955916473318 650.0510440835267
106 435.87935034802786 443.6566125290023
107 273.00464037122975 439.1415313225058
108 281.6542923433875 100.37122969837587
109 607.3515081206497 535.4106728538284
110 328.38399071925755 540.3062645011601
111 289.3631090487239 570.0696055684455
112 169.56728538283068 652.7053364269142
113 249.94895591647338 36.682134570765655
115 143.6361496802772 684.9248490442578
117 159.8116560723332 673.1342457034467
131 471.5208816705337 54.5707656612529
133 133.6588047695074 653.6276035751785
134 639.3294663573085 296.67285382830624
135 655.2795823665894 375.75870069605566
136 405.5962877030163 466.5104408352668
137 503.1206496519722 312.3201856148492
138 179.92923433874714 427.93503480278423
139 209.3515081206497 217.65661252900233
140 503.3399071925754 5.05800464037123
141 483.85266821345715 298.6125290023202
142 636.081058613283 464.69183140375736
143 478.03828306264506 346.5568445475638
144 486.44315545243626 443.6566125290023
145 363.83062645011603 395.01160092807424
146 356.01856148491885 572.5800464037123
150 693.8110705456122 468.0846208232227
152 131.69579007989245 510.88962331324336
153 277.9588715338521 350.8119611083387
154 491.2224188993635 619.3362788917265
155 588.600308575526 439.57144552472965
156 194.82451201497742 648.9026592575057
157 194.22682982040334 620.4495959282257
159 161.28764701516758 679.3532943071815
195 417.39443155452443 108.79350348027842
198 646.6589327146172 395.01160092807424
199 730.229387255079 434.0573901868073
201 540.0003217264185 336.3480278422274
202 266.26102088167056 388.55220417633416
204 158.7389764813645 650.5908524690734
206 158.1556429415484 677.4833720071482
208 214.04640371229704 185.4756380510441
215 697.0516302254482 286.3637353308185
216 716.5525229356409 448.0779488454316
219 654.9228522397073 336.467522911268
225 542.1293608782163 671.3016053460556
226 722.6525210854782 232.69832610789396
228 714.3207585242328 283.9273983884003
229 713.6061578721541 283.2794164555859
231 582.8137710852187 593.5834272279401
233 532.2552240545095 460.6635757521588
235 632.9755366285711 273.78404536112964
236 559.1496519721578 35.52668213457076
237 539.7563805104409 399.34106728538285
238 419.5520831130318 22.280634906879737
239 439.42459396751747 390.70069605568443
240 511.47099767981445 332.2969837587007
241 420.22157772621813 350.67285382830624
242 419.0527901727024 392.3260604973918
243 410.16125290023206 367.32250580046406
244 352.554524361949 537.8561484918793
