# pedestrianID x y
25 710.393271461717 242.44083526682135
40 726.7165480437378 442.7244014862333
41 719.2109698443031 426.2317441221148
46 714.1533829513079 400.26235910796
47 550.7668213457077 506.42691415313226
49 541.248259860789 466.5104408352668
52 719.3819253519616 310.83744818283725
53 715.113464774673 453.7178162662199
54 728.1682134570766 217.65661252900233
55 719.3167053364269 193.78190255220417
56 703.92343387471 222.89095127610207
57 482.3816705336427 298.6125290023202
58 110.86310904872394 623.7633410672854
59 473.90487238979125 114.50116009280742
60 368.48143851508127 80.04640371229698
61 498.2865429234339 96.22273781902553
62 143.3132250580047 623.7633410672854
63 490.82482598607896 142.62645011600927
64 440.1925754060325 46.09280742459397
65 552.431554524362 660.6960556844548
66 439.8329466357309 36.682134570765655
96 224.79002320185617 260.7006960556845
100 325.22273781902555 430.1670533642691
101 653.1309569310393 436.7162783033858
102 662.1635730858469 565.0626450116009
103 552.8201856148492 684.9187935034803
104 487.52320185614855 72.20881670533643
105 67.23085846867752 275.6426914153132
107 146.70697615642928 684.1556146534616
133 144.33526682134573 565.0626450116009
134 478.4628770301624 445.92111368909514
135 402.81670533642693 485.1276102088167
136 480.87470997679816 328.26450116009283
137 463.4285016259164 600.8772551864097
138 165.40487238979122 249.6890951276102
139 271.36426914153134 471.13689095127614
140 374.5590390635153 481.0883672734232
141 288.42111368909514 501.66125290023206
142 286.53712296983764 600.5011600928074
143 303.73781902552207 557.5870069605569
144 236.1869032808615 601.417200876142
150 580.3723897911833 450.4640371229698
151 51.18097447795827 147.22041763341068
187 703.0505984323547 669.3991439200887
189 727.1403450023224 643.938124729108
192 597.1791549979188 667.1989478807789
195 679.600928074246 340.41763341067286
198 407.177494199536 464.20417633410676
199 723.46414357968 405.28143275017607
201 406.26566125290026 388.55220417633416
202 346.20765661252904 436.8909512761021
204 201.45707656612532 572.5800464037123
205 102.95863859318953 688.3180272766912
206 227.8603918585433 631.0203907968582
208 160.9897258612204 345.1734180125702
209 465.1345707656613 320.2552204176334
214 162.5033718541937 680.3340384888145
215 625.0150812064966 326.25522041763344
216 693.7627115198361 421.36209237533023
218 679.5522041763342 304.45939675174014
219 330.7490058328881 485.39221764258656
221 223.89988149071556 686.9653002867274
222 679.1055684454757 338.3805104408353
223 160.18905156328512 669.2758992911148
224 726.6004172426269 442.3255399378118
225 452.8180025560024 598.1659726094147
226 590.1983758700696 350.67285382830624
228 584.1594594388716 385.7118236031704
229 686.6925754060326 338.3805104408353
231 469.2322273759737 348.44739970598573
232 50.66937354988403 170.81670533642693
233 396.14620091878686 571.3408808491279
234 640.1519721577727 221.14153132250578
235 668.0415732483883 397.4167866937439
236 419.3921113689096 205.60556844547563
237 323.0039367939183 187.2832769863685
238 203.13225058004645 296.67285382830624
243 177.0699159617478 642.9867988745759
