# pedestrianID x y
86 141.26118483782668 688.0883268229903
91 577.5235775817267 691.9758647014078
125 142.09121156522656 685.8341149185297
127 147.29665543469173 677.1905584349889
148 142.18936636222608 688.4389268515217
173 25.0589168662377 274.8055168386158
179 145.63654991044226 681.9248668439942
180 125.55417263803015 692.4670548140544
185 461.2239304131608 20.89631704387396
245 504.23351018992605 582.2648240088541
246 488.659322642181 554.6777329212766
247 507.2010130905412 585.0125814763278
248 512.4051338343371 596.4979981679147
249 215.57595193425712 598.9316142827112
251 705.9344648118822 272.77574050756726
253 527.4956069320948 618.5037012510816
254 524.9274327509993 614.9934087584015
255 96.46318451428587 12.40749488038585
256 461.2193754616705 28.58880210515708
258 131.76878905200056 687.579658047524
259 126.26031358674096 680.3929352150396
261 126.3738336542537 678.0848618254115
264 20.346868740109045 291.5506524419597
267 725.9688990119538 260.96275649875605
