# pedestrianID x y
26 732.562645011601 203.90255220417635
27 525.1948955916473 63.27610208816705
28 433.44199535962883 44.90023201856149
39 105.52784222737822 346.5568445475638
47 604.2818133466386 689.4741594750636
49 300.15545243619493 623.7633410672854
57 617.7853828306265 684.9187935034803
60 168.5632808683865 197.42879289114404
62 525.3607888631091 371.53132250580046
64 711.9443155452436 403.68909512761024
65 594.600928074246 425.70765661252904
66 727.621601588049 257.6781087144652
67 549.4396751740139 354.8074245939675
69 325.79095453991954 130.5839032671447
70 300.84106728538285 133.56380510440835
71 41.190255220417725 2.0092807424593966
72 495.50232018561485 249.6890951276102
73 174.83990719257545 634.2227378190255
74 525.3793503480279 52.125290023201856
75 582.7645011600928 652.7053364269142
76 437.06032482598613 63.27610208816705
96 476.54640371229704 401.5127610208816
100 536.854988399072 197.13689095127611
103 189.39211136890955 300.5568445475638
106 550.1264501160093 338.3805104408353
107 245.44101781185813 406.8261307290503
108 356.9675174013922 114.50116009280742
109 572.6703658861882 581.157289575183
110 403.0150812064966 492.1856148491879
111 352.516241299304 565.0626450116009
112 -430.6037763909968 1230.8388950372434
113 338.508120649652 123.20185614849188
114 97.22289199271533 814.718368465876
115 286.03828306264506 565.0626450116009
116 122.8944315545244 695.8051044083527
117 345.6716937354989 535.4106728538284
131 407.9501160092808 170.81670533642693
133 131.2443630786554 666.3534687199157
134 636.0232018561485 365.22505800464035
135 723.5299359551882 319.7898293631049
136 495.62761020881675 436.8909512761021
137 578.092807424594 226.40371229698377
138 173.02784222737822 523.2529002320186
139 199.8947634854237 188.82299181172147
141 545.0556844547564 219.39675174013922
142 687.2220532748934 469.59984399983136
143 413.8283062645012 344.5058004640371
144 548.8526682134572 350.67285382830624
145 387.24593967517404 382.13457076566124
146 451.3294663573086 485.1276102088167
150 709.4107493304464 470.50975970915545
152 86.63805104408357 365.22505800464035
153 471.6438515081207 380.00464037122964
154 444.5487238979119 516.0139211136891
155 397.0730858468678 397.17401392111367
156 321.6026394804346 554.734264483445
157 292.1327143907379 503.224747428711
158 272.73792573335896 547.6290571204689
159 286.14320305566184 602.7215099397556
160 208.02758905123494 650.694282708248
195 325.092807424594 8.148491879350349
198 700.877030162413 340.41763341067286
199 731.8498792135504 440.7265670271229
201 485.32134570765663 358.96055684454757
202 208.6438515081207 264.40835266821347
204 149.82041168317468 664.0269110549403
206 147.89120543213477 684.7865578836529
208 223.82946635730863 67.07656612529003
215 707.0248970769497 281.3231638419022
216 721.7181699596074 453.945202658184
219 671.0268808361106 323.1800801882134
225 554.3567674883983 681.1531380849167
226 726.5458343500785 240.00373370911274
228 725.5197616478964 275.58934419460076
229 721.4804065481028 278.10389247729137
231 581.2106572020997 625.4531180277348
233 525.2880948855013 467.18093469359695
235 464.03016241299304 205.60556844547563
237 575.5672853828307 501.66125290023206
238 440.4216662517959 11.245973147686614
239 586.8039443155453 283.2250580046404
240 600.4269141531323 188.78422273781902
241 462.9640371229699 221.14153132250578
242 452.1879350348028 209.02552204176334
243 409.42459396751747 312.3201856148492
244 454.26102088167056 478.11136890951275
