# pedestrianID x y
20 454.8921113689096 170.81670533642693
21 593.9118329466357 178.9141531322506
22 580.707656612529 219.39675174013922
23 532.8329466357309 150.3062645011601
24 662.0429234338746 151.85614849187934
25 439.04292343387476 69.63341067285383
40 695.2749419953598 302.5058004640371
41 654.5870069605569 270.0046403712297
42 661.5440835266822 180.5475638051044
43 665.3201856148492 192.11136890951275
44 635.7204176334108 200.51044083526682
45 594.8619489559165 167.61020881670532
46 513.5800464037123 247.87006960556843
47 468.58004640371234 262.5522041763341
48 582.9512761020883 147.22041763341068
49 477.5591647331787 240.64037122969836
50 574.4048723897913 197.13689095127611
52 524.2795823665894 139.58700696055683
53 509.4814385150812 238.8445475638051
54 476.89327146171695 103.16009280742459
55 510.4686774941996 97.60092807424593
56 437.4187935034803 49.698375870069604
57 335.6914153132251 53.34570765661253
99 409.533875212147 -8.740928654163973
100 63.08968110885035 766.0364636616539
101 537.4698375870071 560.0742459396752
102 715.2331786542924 310.34802784222734
133 188.99032778163146 413.3179769765911
134 470.5255220417634 496.91415313225053
135 541.106728538283 597.9396751740139
136 328.04176334106734 76.10672853828305
137 467.9524067737062 614.6733933050161
139 486.3100733917117 647.3574659180628
150 338.43271461716944 575.0951276102088
151 318.4723157320101 1378.3867197258226
187 682.1194895591648 600.5011600928074
189 683.4733178654293 597.9396751740139
190 540.3901045023014 676.7407965854204
192 653.5596096888441 572.1387298942029
195 442.2343387470998 471.13689095127614
197 604.5888492579343 690.3448290536545
198 409.8528044980874 457.2313932645226
199 669.245903910745 528.6347347461591
201 464.38033088662803 355.66008777010853
204 170.33642691415318 352.737819025522
205 60.61832946635735 647.401392111369
206 242.5069605568446 506.42691415313226
207 589.201856148492 628.9837587006961
208 313.51985177953776 206.71171171254525
209 484.88863109048725 508.8167053364269
210 714.9056476992783 267.80361848283684
214 210.04756380510446 575.0951276102088
215 446.05220417633416 450.4640371229698
216 555.5452436194896 324.2505800464037
217 535.701856148492 367.32250580046406
218 414.03248259860794 471.13689095127614
219 339.6450116009281 443.6566125290023
220 193.03828306264506 610.7935034802784
221 236.25870069605574 550.15313225058
222 588.8095153439479 427.195756657688
223 191.81670533642696 582.6682134570766
224 684.9454756380511 302.5058004640371
225 289.062645011601 485.1276102088167
226 478.4628770301624 445.92111368909514
227 209.0823665893272 636.8491879350348
228 299.0104408352669 600.5011600928074
229 506.77958236658935 434.64501160092806
230 541.3410672853829 399.34106728538285
231 459.5440835266822 228.16705336426915
232 236.50348027842233 175.661252900232
233 284.754060324826 508.8167053364269
234 301.8921113689095 136.56612529002322
235 560.5794330868671 458.91221859296616
236 46.986585392551035 259.0855227768134
