# pedestrianID x y
1 478.37122969837594 247.87006960556843
2 476.36078886310906 242.44083526682135
3 307.6670533642692 104.5614849187935
4 288.18561484918797 60.76566125290023
5 288.88515081206504 44.90023201856149
6 376.5916473317866 20.928074245939676
30 151.31206496519724 436.8909512761021
31 529.4814385150812 88.05104408352668
32 377.49535962877036 42.52900232018561
33 372.82714617169376 33.22969837587007
49 164.41235806299605 682.518280959346
67 633.5901279300404 12.680295499819723
69 363.3677494199536 652.7053364269142
72 700.0922253898823 270.97620536439626
73 728.3212136233591 389.1899587002576
78 126.96751740139214 425.70765661252904
79 127.62412993039447 421.2668213457076
80 279.0988251481082 172.5196640694729
81 704.0733216629047 267.29568842442467
83 557.6612529002321 65.80510440835268
84 645.9953596287703 258.8538283062645
85 15.031322505800517 238.8445475638051
86 259.6287703016242 70.91879350348029
96 719.4431665515336 274.8040762841643
97 346.98607888631096 634.2227378190255
100 638.4526516606824 27.496427839917914
108 256.3960619209506 556.2386851525795
111 544.6885564391872 113.1205255004527
112 335.7726218097448 50.909512761020885
114 247.93039443155456 86.70533642691416
115 338.03828306264506 145.6844547563805
116 706.6832946635732 363.1322505800464
117 300.44779582366596 18.751740139211137
118 549.4767981438515 575.0951276102088
120 211.1995359628771 439.1415313225058
121 193.30742459396757 271.8793503480278
122 71.76566125290026 547.6844547563805
123 319.97215777262187 448.19025522041767
124 308.30742459396754 516.0139211136891
125 294.25986078886314 10.232018561484919
126 368.5881670533643 85.36426914153132
127 261.0058004640372 85.36426914153132
131 461.79350348027845 395.01160092807424
132 247.8283920151926 603.0423269096053
136 240.78999181494135 645.765292260746
138 136.27117956775356 680.2349875376098
141 610.954638883196 24.527565586249736
144 624.2983119854256 13.08183547927605
146 707.3744037408574 269.3344781809824
147 406.9443155452437 408.0556844547564
156 573.3689095127611 237.05336426914153
157 516.5104408352669 229.9350348027842
159 459.30394431554527 452.74245939675177
161 407.52784222737824 380.00464037122964
163 325.9872389791184 478.11136890951275
164 474.40951276102095 414.6403712296984
165 194.69373549883994 425.70765661252904
166 149.49071925754063 275.6426914153132
167 153.79698375870075 405.87006960556846
168 310.5406032482599 434.64501160092806
169 281.45243619489565 399.34106728538285
170 180.1440862957505 580.5592957080825
202 128.03934682712406 32.75477788872999
215 731.17500330592 269.2347286054815
219 715.3753787574617 285.96491664305375
231 578.1451477925983 687.133883484102
233 477.0024730831515 511.7830621471176
237 678.068942329876 493.90143794380396
243 525.9651972157773 255.1740139211137
245 127.49419953596293 390.70069605568443
246 270.9903841656176 -81.026659103473
247 268.82946635730866 54.5707656612529
