# pedestrianID x y
20 148.42111368909517 221.14153132250578
21 391.93851508120656 64.53828306264502
22 293.29350348027845 17.670533642691414
40 578.3735498839908 185.4756380510441
41 486.99767981438515 105.9675174013921
42 494.26102088167056 88.05104408352668
43 475.88515081206504 77.41531322505801
44 460.354988399072 60.76566125290023
45 393.0023201856149 46.09280742459397
46 309.6925754060325 44.90023201856149
47 311.1914153132251 69.63341067285383
48 390.1287703016242 35.52668213457076
49 321.3143851508121 52.125290023201856
133 227.22389791183298 264.40835266821347
134 -165.19884980870532 884.8149622026568
150 -228.1918415832884 692.8212461343115
151 134.51392111368915 530.5336426914153
187 675.447795823666 434.64501160092806
188 49.950116009280805 238.8445475638051
189 674.7668213457077 423.4849187935035
190 505.47911832946636 621.1600928074246
191 734.1890951276102 271.8793503480278
192 669.9489559164733 408.0556844547564
194 729.4918793503481 266.26914153132253
195 -375.43155859818154 971.4618794284855
196 727.4640371229699 251.5127610208817
197 663.5220417633411 618.5614849187934
198 237.02895591038293 457.9999404840894
199 663.1241299303945 405.87006960556846
200 695.4593967517401 262.5522041763341
201 513.4651972157773 257.01160092807424
203 67.47331786542924 215.92111368909514
204 229.7795402028773 33.02039673801537
205 88.52204176334106 494.54756380510446
206 191.2714617169374 320.2552204176334
207 546.784222737819 457.3132250580046
208 413.2204176334107 215.92111368909514
209 295.3422273781903 496.91415313225053
210 583.2378190255221 200.51044083526682
211 665.2679814385151 371.53132250580046
213 665.6798143851508 644.7563805104407
214 186.32250580046409 443.6566125290023
215 302.70301624129934 532.969837587007
216 413.1055684454757 238.8445475638051
217 338.24560821570077 506.68300770489725
218 214.21693735498843 590.2830626450117
219 243.00580046403718 473.45707656612524
220 155.99303944315548 425.70765661252904
221 217.29234338747105 390.70069605568443
222 379.7331786542924 508.8167053364269
223 159.14501160092814 401.5127610208816
224 406.4628770301625 167.61020881670532
225 143.06817358432528 45.43799288397698
226 312.4083526682135 425.70765661252904
227 170.80278422273787 480.44547563805105
228 411.0255220417634 480.44547563805105
229 312.5034372441859 575.6481458364025
232 399.65341377790804 214.8338948137202
233 229.227695189494 555.4641962198414
