# pedestrianID x y
1 728.0818540460245 645.5740732988014
2 727.2751150655787 643.9672794042714
3 242.00348027842233 570.0696055684455
4 223.59860788863114 582.6682134570766
7 128.1630830948733 658.070082505572
11 127.66953262927552 669.789467965275
13 726.1380510440836 235.26682134570765
14 700.4978744279935 218.1531201136951
16 520.1450116009281 487.4756380510441
17 725.6682134570766 229.9350348027842
18 73.59280742459396 203.90255220417635
19 51.48491879350354 258.8538283062645
80 14.062632833705115 281.66858118467707
83 692.9696402631631 616.4264520717901
86 270.85614849187937 552.6264501160093
87 136.99071925754063 471.13689095127614
90 338.977958236659 101.76334106728538
91 563.2215777262181 397.17401392111367
92 149.39443155452443 439.1415313225058
93 593.4555341272891 267.2337079694937
94 392.8538283062645 153.4106728538283
95 723.0255210753446 117.17934701229157
97 738.432986349557 158.76499939362878
108 140.75940790122877 682.8163533883143
111 469.79121539997624 10.40445165072469
121 715.2323632887276 278.1269428072353
122 629.9518143819436 302.0806840722643
125 254.29234338747105 537.8561484918793
126 695.1539638564882 483.2159445054366
127 335.2464306935055 391.3584678211347
128 390.0178354111229 489.9552444633852
129 428.11913998436734 142.5570506495826
130 254.2250580046404 508.8167053364269
131 591.0374284305349 657.9734458551635
132 242.8598641777798 22.09907609152376
136 147.73858615683122 688.8696852237255
148 379.3327193182395 326.24268948937697
149 97.81902552204178 416.8445475638051
157 302.8656886368616 11.899698974322016
166 123.14881896217199 664.2278272686914
172 424.5719257540604 183.82830626450115
173 206.69837587006964 316.2784222737819
174 170.16241299303948 84.0278422273782
175 154.1206496519722 480.44547563805105
176 328.65197215777266 123.20185614849188
177 354.2638847955628 136.0461305841354
178 158.03480278422276 489.8283062645012
179 457.04640371229704 277.53132250580046
180 262.800464037123 202.20417633410673
181 612.4389441335333 535.1658631640956
182 328.33852222297423 477.5412266225068
184 470.2482972884979 45.38647694559385
185 183.00365554888774 665.8639444444105
233 314.4637592234179 663.0907421079428
237 732.2831341988802 477.2934461232842
245 198.82221291051573 516.4093866079947
246 445.062224829506 259.1462117618039
247 269.9711671022537 -938.6141601179951
248 130.9322417866 -348.8212593046148
249 693.9211985343562 145.51159300806745
250 242.78538283062647 330.27842227378187
251 415.9454756380511 478.11136890951275
252 297.3190255220418 441.3967517401392
253 137.66864610643634 193.31994889692518
254 272.0271980427516 -403.5283572930021
255 320.98955916473324 478.11136890951275
256 232.877030162413 523.2529002320186
257 386.0638051044084 142.62645011600927
258 376.3491879350348 158.10208816705335
259 343.90951276102095 32.08816705336427
261 309.48491879350354 34.37587006960557
