# pedestrianID x y
20 503.6345707656613 190.44547563805105
21 629.2993039443156 192.11136890951275
22 625.8016241299304 246.05568445475637
23 566.4767981438515 174.04176334106728
24 702.1890951276102 187.12761020881672
25 471.00928074245945 89.4013921113689
40 703.3839907192576 338.3805104408353
41 661.7761020881671 310.34802784222734
42 693.9245939675175 193.78190255220417
43 698.8039443155453 203.90255220417635
44 654.0881670533643 212.4640371229698
45 628.5974477958237 180.5475638051044
46 551.2088167053364 296.67285382830624
47 480.31554524361957 292.80742459396754
48 615.0800464037122 161.25290023201856
49 489.42459396751747 270.0046403712297
50 616.3074245939677 224.6450116009281
52 556.0997679814386 162.83526682134573
53 547.0510440835267 288.96055684454757
54 513.7853828306265 118.830626450116
55 543.8329466357309 111.63805104408353
56 467.58120649651977 69.63341067285383
57 356.8805104408353 80.04640371229698
99 497.17517401392115 158.10208816705335
100 -69.41931716164598 982.0747614143186
101 533.0835266821346 532.969837587007
102 715.6519721577727 344.5058004640371
133 221.68729564361755 445.3569358769289
134 508.2064965197216 485.1276102088167
135 534.931554524362 570.0696055684455
136 353.34106728538285 103.16009280742459
137 443.1148491879351 595.3828306264501
139 455.8095125590588 626.7770165710107
150 368.20881670533646 557.5870069605569
151 343.8831392603992 1494.5730898987608
187 680.961716937355 626.3712296983758
189 689.5643934463724 611.3026409502896
190 545.9678697526499 680.3668059206279
192 640.6047252594725 593.5204118151439
195 463.0406032482599 459.6055684454757
197 598.3135777279035 692.4240121795901
198 357.53828306264506 412.4408352668213
199 668.8494269983537 529.0383377945985
201 357.4965197215778 386.40835266821347
202 150.863992583337 665.8859749677695
204 177.385150812065 382.13457076566124
205 54.69489559164737 663.368909512761
206 247.54176334106734 535.4106728538284
207 598.5997679814386 647.401392111369
208 248.6345707656613 249.6890951276102
209 519.3747099767982 496.91415313225053
210 719.6028008725211 267.26868855620876
214 212.2575406032483 592.830626450116
215 466.39327146171695 436.8909512761021
216 635.9361948955917 388.55220417633416
217 577.4222737819026 356.8816705336427
218 444.91995359628777 459.6055684454757
219 368.9454756380511 436.8909512761021
220 202.02088167053367 634.2227378190255
221 239.9454756380511 575.0951276102088
222 589.3815247287108 425.8207837843095
223 199.02088167053367 603.0672853828306
224 703.3839907192576 338.3805104408353
225 305.17517401392115 506.42691415313226
226 516.2795823665894 432.40371229698377
227 220.41879350348032 658.0278422273782
228 275.2262180974478 615.9675174013921
229 530.9501160092808 419.0533642691415
230 585.2575406032483 386.40835266821347
231 469.63341067285387 258.8538283062645
232 215.52900232018567 175.661252900232
233 302.8445475638051 528.1020881670534
234 345.70881670533646 139.58700696055683
235 519.5677385738815 455.38926017614125
236 96.5275312360761 243.5586276780406
237 268.16555340216195 35.17707163254328
