# pedestrianID x y
26 617.1879350348029 159.6751740139211
39 136.254060324826 464.20417633410676
47 615.8065561860141 685.0486657349765
49 423.11832946635735 582.6682134570766
57 584.1078886310905 615.9675174013921
58 60.48955916473318 273.7587006960557
60 167.60583781728135 230.9327694058368
62 437.2296983758701 408.0556844547564
64 677.2749419953597 279.4245939675174
65 482.4037122969838 475.7819025522042
66 711.5911208203197 248.5111158629874
67 529.1786542923435 461.9025522041763
68 628.4640371229698 175.661252900232
69 286.2482598607889 129.09512761020883
70 185.49535962877033 197.13689095127611
71 23.092807424593957 129.09512761020883
72 522.0788863109049 123.20185614849188
73 110.44663573085853 690.352668213457
96 344.88515081206504 392.8538283062645
100 486.97679814385157 273.7587006960557
101 732.0081087456472 471.2370584365854
103 247.86078886310906 403.68909512761024
105 60.580046403712345 660.6960556844548
106 450.15197215777266 436.8909512761021
107 263.77030162412996 430.1670533642691
108 289.639211136891 104.5614849187935
109 609.4164733178654 525.675174013921
110 338.80742459396754 532.969837587007
111 301.8538283062645 562.5661252900231
112 177.1067285382831 650.0510440835267
113 254.72389791183298 46.09280742459397
115 158.78581035533796 672.3152115807796
117 177.76530545356147 658.8849394109294
131 466.8955916473318 65.80510440835268
133 133.38379009359633 655.0630097965013
134 652.5997679814386 290.88167053364265
135 665.4269141531322 365.22505800464035
136 414.92923433874716 450.4640371229698
137 509.5870069605569 304.45939675174014
138 180.79582366589332 434.64501160092806
139 209.7285382830627 205.60556844547563
141 488.8874709976799 290.88167053364265
142 643.3757841447411 465.3783700581319
143 486.7969837587008 342.4593967517402
144 497.4547563805105 439.1415313225058
145 359.08468677494204 392.8538283062645
146 368.2784222737819 567.5638051044084
150 695.5265644457767 468.3568102564025
152 131.19489559164737 489.8283062645012
153 300.3190528608445 356.6903540322231
154 474.54821482496874 603.4355460973238
155 568.6058265200423 435.16562084091254
156 207.7475709352924 640.3934294195916
157 203.31902749215337 608.4530616565588
159 172.86296652271983 672.1287075827045
195 405.62761020881675 96.22273781902553
198 655.2552204176334 390.70069605568443
199 730.3958658154512 434.7097379542287
201 540.1391184694141 336.3480278422274
202 254.27494199535968 380.00464037122964
204 157.6877758214666 652.0772065545112
206 156.84161508531992 678.4067991785416
208 215.7761020881671 174.04176334106728
215 698.1873185793003 285.78580501152794
216 717.1094448737055 448.6888542272737
219 656.679775710107 335.13834934641426
225 543.401060910979 672.4126400048601
226 723.0309237442801 233.46286038765305
228 715.6657679575524 282.9271551695919
229 714.4634915368644 282.6985577121405
231 582.6350618082853 597.2906114469655
233 531.6005896718052 461.3035537268215
235 642.0639354056859 275.1857823955469
236 554.9222737819026 22.023201856148493
237 542.431554524362 408.0556844547564
238 422.4816074321407 20.963998343838504
239 449.8909512761021 382.13457076566124
240 510.91183294663574 340.41763341067286
241 422.7679814385151 340.41763341067286
242 419.22868476465555 395.7078021446457
243 415.9025522041764 356.8816705336427
244 368.0348027842228 532.969837587007
