# pedestrianID x y
3 143.62038044882541 688.6654841730949
19 120.20651054532236 687.8546335410065
86 154.54220839014803 678.1188438817891
91 577.5539256826198 681.6228347168175
93 577.3344670194758 683.3115699092293
94 578.0004919137614 690.6393484469902
122 726.7828374052384 269.51289330975396
125 155.72728286035752 674.5680799076281
127 161.90997018749115 662.0290098484477
129 732.5272236578644 647.0688967659373
131 580.0123132079628 691.9468987051129
148 162.40147982174008 675.433530084687
173 41.1398894123394 274.68144851168745
175 125.99524492116976 691.6734787940662
179 170.20895892467047 659.4468834310517
180 126.64779963320089 677.9339262865831
181 731.858506933682 285.95982154996256
184 728.9025466551407 479.1913499117375
185 459.18851453411185 54.107834705324315
245 474.013679780402 534.0982961797134
246 461.40219718045404 511.3458885108507
247 477.03736301105386 536.4173504631661
248 482.1585049552422 547.6163245531158
249 258.73108710052685 551.0092395599431
251 682.2532059346845 278.1307570116777
253 497.2829340965667 569.9001495861041
254 494.57652963409106 564.8313897075565
255 102.47087248362469 31.631291384335253
256 459.45479852384545 68.54847514367827
257 585.127952912041 691.9867563311341
258 142.9288866514771 666.6208240995057
259 128.46448530980993 646.3166082982277
261 128.5709402378739 642.1807318770972
262 8.939020342459244 271.55815741846556
264 50.14912019795462 315.13162858230896
266 727.0208394474533 259.5364998261041
267 699.5636623129212 253.4495590139206
268 132.1508287824402 678.09099845824
269 24.8820859217173 267.1414340399381
270 15.469812176352994 265.4157583273678
271 574.6346461977666 676.7813108380645
272 731.1988338242057 258.9657553705803
