# pedestrianID x y
0 712.4593967517401 153.4106728538283
1 315.8375870069606 68.35266821345708
2 317.6763341067286 57.03480278422274
49 186.39701650489718 672.6065935165527
67 618.3978489246035 26.502535511848745
69 355.98955916473324 511.2111368909513
70 592.8344088557999 129.25801736946062
72 562.0626450116009 202.20417633410673
73 588.8213457076566 430.1670533642691
75 731.4675174013921 346.5568445475638
77 712.3328363215525 285.80747483051454
78 209.08004640371232 410.24593967517404
79 218.3236658932715 279.4245939675174
80 218.6484918793504 264.40835266821347
81 555.6299303944315 197.13689095127611
82 562.3874709976799 141.1044083526682
83 554.2378190255221 133.56380510440835
96 705.1289267556451 281.6383599074466
98 683.4744779582368 642.1160092807426
100 632.4987021077545 45.011342730890675
108 367.30394431554527 434.64501160092806
109 653.8805104408353 98.98375870069606
111 549.4269141531323 251.5127610208817
112 524.4027248345262 261.39034906380056
113 727.4396751740139 177.28538283062645
114 170.9559164733179 258.8538283062645
115 306.09425995808124 402.80915666871573
116 489.20881670533646 457.3132250580046
117 450.4032667871777 120.10439610728162
118 570.843101191276 591.2572794271473
119 574.1948955916473 25.33642691415313
120 332.2401392111369 174.04176334106728
121 34.25027368736076 207.2816826086307
122 68.00696055684455 687.6334106728539
123 176.0702503843071 614.4900184777799
131 363.754060324826 382.13457076566124
132 305.8109048723898 545.2204176334106
133 126.94573008392675 689.5009102903512
134 643.3909512761022 427.93503480278423
136 266.24709976798147 615.9675174013921
138 144.37404821493905 665.0239157548334
139 352.9157585793886 187.8642000482894
141 594.6763341067285 35.52668213457076
143 563.4106728538284 202.20417633410673
144 609.2657854346368 21.436843441918192
145 442.3248259860789 126.13921113689095
146 650.455916473318 306.41763341067286
147 416.6542923433875 452.74245939675177
152 100.03016241299306 100.37122969837587
153 728.0556844547564 169.21113689095125
154 447.5696055684455 139.58700696055683
155 239.1252900232019 175.661252900232
156 566.9733178654293 358.96055684454757
157 420.255931369694 350.67285382830624
158 626.9118329466357 408.0556844547564
159 441.7463794098539 565.279539664747
160 644.3457076566126 399.34106728538285
161 421.1264501160093 482.78422273781905
162 83.04176334106734 94.8491879350348
163 224.77494199535965 494.54756380510446
164 364.53248259860794 520.8352668213457
165 -134.04464792246802 146.00184042636374
166 140.55568445475643 113.06728538283062
167 19.343916728477453 283.051588666785
168 139.68591822999926 676.5299667247693
201 591.2424593967518 600.5011600928074
202 146.9277364425817 49.927268440833366
204 133.19270702821268 688.0998230374313
215 726.7223381721814 271.3778338281155
216 732.388491475604 466.1382505560632
219 706.2531337980616 293.6126973567366
231 578.5848456931315 678.3205943924632
233 494.0603389680509 495.9035220970505
237 642.5965598096321 504.61595451527177
243 433.34802784222745 425.70765661252904
244 720.6728538283063 324.2505800464037
245 81.43047369558033 244.64149696860292
246 337.9129930394432 151.85614849187934
