# pedestrianID x y
1 709.3794676341405 631.2759709433623
2 708.0301096152809 627.5068578243092
3 370.1067285382831 390.70069605568443
4 352.6832946635731 450.4640371229698
5 625.3503480278423 628.9837587006961
7 191.6020881670534 585.2018561484919
9 724.4833161808133 257.29861840674215
11 170.80278422273787 480.44547563805105
12 170.94547563805108 464.20417633410676
13 449.02784222737824 92.11600928074246
14 593.8863109048724 205.60556844547563
15 594.1960556844548 190.44547563805105
16 560.6905939964337 612.6825276666594
17 447.73665893271465 82.69605568445475
30 288.4304398572567 14.015160362101573
36 723.9211136890951 285.1322505800464
37 665.8294663573085 545.2204176334106
38 729.8236658932715 229.9350348027842
69 525.9862753817297 690.2792487614228
80 29.927303161237184 288.9317915918105
83 661.6972157772623 511.2111368909513
86 378.3538283062645 414.6403712296984
87 177.74477958236662 226.40371229698377
90 447.1763341067286 262.5522041763341
91 501.87470997679816 266.26914153132253
92 190.50928074245942 207.31322505800466
93 494.3723897911833 77.41531322505801
97 667.7122969837587 292.80742459396754
108 152.96496625454802 669.4850274973967
111 476.81719452184853 20.118543651437378
114 274.21734050622257 9.101515545447798
118 322.90179379230074 11.501172403680503
120 170.50928074245942 642.1160092807426
121 699.3051044083527 306.41763341067286
122 519.1450116009281 257.01160092807424
124 719.2008165416383 271.363397972899
125 422.25174013921117 330.27842227378187
126 631.7872596671367 494.7456058564884
127 427.1589327146172 310.34802784222734
128 460.9721577726218 324.2505800464037
129 489.88979118329473 62.01856148491879
131 599.9827538981032 631.0296938389164
132 337.17517401392115 127.61484918793502
136 160.71766607140455 682.6878821202131
148 520.201856148492 138.0742459396752
149 99.24941995359632 203.90255220417635
157 318.1536800602959 19.226116010813264
163 250.23493364647734 249.681053354854
166 121.11338156542739 625.1150007290449
171 241.1160092807425 240.64037122969836
172 384.02784222737824 377.87935034802786
173 339.3805104408353 471.13689095127614
174 234.1355300842952 370.4507418783929
175 170.99303944315548 233.48491879350348
176 477.87122969837594 283.2250580046404
177 511.9368150495851 415.34657491984103
178 220.97523774766142 168.41270794102007
202 101.07438899640309 7.887817118695724
219 731.289536170633 272.1642883794815
233 384.7241145177639 596.0955354433855
237 726.1038666094339 479.17625263618396
245 243.3784729814068 476.23635362566665
246 434.29894256501217 274.12299342151886
247 286.9952422538948 -708.8238161203014
248 289.2052549243802 133.1343935846385
249 583.1584770968134 220.81228676727548
250 215.76932580410863 437.49284702947097
251 110.72886888641146 194.44982935104886
252 990.9816204231724 622.5985426792097
253 207.7873023539954 245.95254351556812
254 325.93742092059506 34.02171452742721
255 516.7401392111369 650.0510440835267
