# pedestrianID x y
1 682.7211398632187 610.4751890846612
2 680.0729366132051 603.1730373600443
3 426.99419953596293 363.1322505800464
4 430.1972157772622 365.22505800464035
5 577.9390383797984 225.22419222505903
6 723.6376137634609 249.01107018741166
7 362.469837587007 441.3967517401392
9 689.8861562274935 240.41984668707818
11 229.90603248259865 279.4245939675174
12 228.24245939675177 268.13457076566124
14 411.292343387471 78.72853828306265
15 411.0719257540604 63.27610208816705
30 295.6148530785957 23.075987786645335
34 674.6589327146172 192.11136890951275
35 675.2853828306265 182.18561484918794
36 597.570765661253 316.2784222737819
37 643.9222737819025 397.17401392111367
38 494.8863109048724 103.16009280742459
69 504.1040582556311 686.1421318736446
72 729.0218880631608 266.6607905274377
79 145.8143645171498 691.8305984832106
80 49.135325622697046 298.09744837980656
83 636.1508120649653 373.6426914153132
86 425.91531322505807 342.4593967517402
87 274.516241299304 62.01856148491879
90 498.83874709976806 419.0533642691415
91 367.35150812064967 158.10208816705335
92 285.59976798143856 44.90023201856149
97 606.7877030162414 392.8538283062645
100 644.8547743419739 7.979582980903087
108 165.97327477568433 655.2315537916949
111 484.5219678096001 30.885166109636096
114 271.79475880797423 15.529085151509939
118 351.5023201856149 17.670533642691414
120 300.9106728538284 535.4106728538284
121 591.6229698375871 358.96055684454757
122 441.486000988615 207.3777118979461
123 342.3863109048724 52.125290023201856
124 694.2987119096231 278.8955226627965
125 502.901392111369 139.58700696055683
126 553.6600928074247 473.45707656612524
127 549.6944042996683 143.82742969272928
128 373.47563805104414 144.15313225058006
131 608.9249473606886 603.0921845663986
132 379.6095491940129 122.99029823422714
136 172.787795556959 676.8141877124733
141 633.3199244038907 9.688590015203214
147 496.9466357308585 63.27610208816705
157 332.99781085016804 26.197237819769846
159 247.5394431554525 74.80278422273781
163 390.3994629801383 203.97852949760568
166 118.46965170526595 575.4083008390768
167 341.9443155452437 25.33642691415313
168 360.2364652322259 87.97848929032148
170 340.23665893271465 12.334106728538282
171 280.308584686775 390.70069605568443
172 412.41136590208083 549.706449571075
173 303.3955916473318 455.02552204176334
174 268.26914153132253 408.0556844547564
176 644.9988425342312 521.1552584735208
202 104.89524827015113 11.267438193754035
219 728.6092942207472 274.38505025754165
233 416.09056570437207 567.5075121861184
237 719.6661039478256 481.0791890609474
245 265.09363919063577 456.27437725698576
246 428.22254567275155 282.52912306049006
247 298.8251868295714 -554.1578011997425
248 348.8692068789559 213.90582714426571
249 531.6861758003645 254.13034977501235
250 241.45707656612532 448.19025522041767
251 255.37819025522046 304.45939675174014
252 636.538283062645 644.7563805104407
253 239.98143851508124 251.5127610208817
254 408.1067285382831 97.60092807424593
