# pedestrianID x y
20 16.704176334106762 242.44083526682135
21 316.0150812064966 7.11368909512761
40 475.35150812064967 115.93967517401393
41 401.58468677494204 43.712296983758705
42 408.80394431554527 28.691415313225058
43 396.7482598607889 24.22737819025522
44 379.07656612529007 8.148491879350349
133 477.58924744630065 33.91810326503268
150 -11.410280552432777 660.1845842525676
151 113.177494199536 590.2830626450117
187 688.1786542923435 356.8816705336427
188 149.99883990719263 193.78190255220417
189 683.6577726218097 338.3805104408353
190 513.6728538283063 567.5638051044084
191 664.2030162412993 228.16705336426915
192 681.6403712296984 336.3480278422274
193 718.7180974477958 214.1902552204176
194 653.2331786542924 214.1902552204176
195 -134.7522853738663 821.8792762570357
196 653.7285382830627 202.20417633410673
197 688.330626450116 545.2204176334106
198 255.89791183294668 452.74245939675177
199 675.1229698375871 328.26450116009283
200 538.0069605568447 162.83526682134573
201 542.5823665893272 192.11136890951275
203 156.53828306264506 175.661252900232
204 182.5684454756381 156.5336426914153
205 86.98491879350348 414.6403712296984
206 167.13805104408357 231.70765661252898
207 495.7880595273347 338.7920276891841
208 437.85498839907194 271.8793503480278
209 202.08083942243158 556.0790073968476
210 477.63689095127614 130.58004640371232
211 603.0197215777263 427.93503480278423
212 717.0962877030163 432.40371229698377
213 690.5986078886311 567.5638051044084
214 183.39559164733183 384.2691415313225
215 200.9702697056336 551.2784447510033
216 442.11252900232023 290.88167053364265
217 273.91647331786544 523.2529002320186
218 152.83642691415318 636.8491879350348
219 261.12761020881675 395.01160092807424
220 145.30162412993042 336.3480278422274
221 203.95011600928078 314.2969837587007
222 282.6357308584687 562.5661252900231
223 149.15777262180976 312.3201856148492
224 328.75174013921117 120.2830626450116
225 185.38051044083534 205.60556844547563
226 280.639211136891 384.2691415313225
227 119.8311509617573 386.63779659118575
228 503.1532424594339 589.6082813139677
229 173.6185404001096 668.9185103011467
232 513.1203954847491 231.71833001789074
233 207.10101553870012 585.1691336007733
