# pedestrianID x y
86 138.3264638795349 690.2235529592558
125 139.0734021523297 688.3348662656509
127 143.89438432083753 680.6901623064316
148 138.39165369930984 691.0442761293282
173 21.33928443189491 274.8338557283318
179 140.9091766438775 686.0372586654474
185 461.5562555114373 15.326878430011575
245 511.8603417823008 594.510226405279
246 496.2887809297861 566.619952151145
247 514.4278249015457 596.921666470924
248 519.8147041255803 608.21833183737
249 204.92804485310728 610.1584859976615
251 711.2917232298167 271.541798205489
253 534.374363386469 630.0012099178365
254 532.11799432573 626.5368514475776
255 95.42293131113676 9.187580716802316
256 461.53154090576527 21.496690975196547
258 129.91969171976783 690.9102175954719
259 125.90273990965436 685.947053742691
261 125.99213993518384 683.7103095319468
264 15.198756647400788 287.33599929891744
267 730.0516439555416 262.15194118511045
