# pedestrianID x y
3 153.2936971386458 682.9518910723175
19 114.98521582888162 674.9841534523576
83 729.2137010210679 646.3406615198576
86 169.01772562496726 667.5669154000026
91 577.5915102944374 668.7679501478129
93 577.1955868917773 669.3464693830194
94 578.558732627802 679.9774380251552
122 719.4034429899046 271.97338839061354
125 169.90876209493254 662.9542085821389
127 176.87873189677157 646.6732507146264
129 725.2079526413889 639.6317968753602
131 581.1450809322183 688.4460551032382
148 186.55906783902165 659.1711844525153
149 143.66230590700695 685.4474919062088
173 56.553737180810195 274.56368775651475
175 126.89807081265562 684.1165343853274
178 130.83169922212528 690.5477123505252
179 201.60837102763614 630.932863492163
180 128.3717930472269 654.3164923213606
181 726.0346178178993 301.55158435538976
182 611.8985077287541 11.482210330252911
184 714.3243359695749 484.8283083614783
185 456.236349754684 101.93995832978597
245 446.289858852983 489.4329898652622
246 437.0187230002799 472.3059856105721
247 449.57622520040616 491.24350517257824
248 453.4257689239314 500.61329747466846
249 301.51639700678083 502.9810114655915
251 657.7099855426159 283.5807701717066
252 108.80891406773934 9.82974923443192
253 465.8817388695229 518.5045186634195
254 462.9304001201127 514.0025635200653
255 110.98244340551118 58.15388751762078
256 457.04707974702006 123.90593211586263
257 594.94255302732 681.5914865679548
258 159.5126276748904 635.2289393208542
259 131.91353806183864 594.5826031309613
260 732.0766058442432 474.87711859420426
261 131.88497958895394 584.224724702787
262 26.42126485976638 264.85527661518836
264 93.03311001502514 350.0139517676611
265 704.6220225922259 466.25272973783126
266 707.1342376026812 250.95507371594474
267 655.3352923448429 241.13704618673108
268 142.57079316261124 646.8639024955057
269 63.97722651229218 254.46641764370324
270 42.86762267919187 248.88153139575522
271 568.8473024814047 629.1180923176639
272 706.1085359300774 242.5525355234251
273 709.2211264538646 62.62438145492716
