# pedestrianID x y
3 155.21621539401062 681.8119655191933
19 113.75670488432313 671.92753178
83 728.4783096360089 645.7653504738275
86 171.60911961089116 665.4745115148638
91 577.5993167083395 665.8983327314743
93 577.165765132677 666.1882675274796
94 578.7013317136376 677.486675506559
95 732.0199907556541 481.9455618592127
122 717.9627793431077 272.4791996515451
125 172.55732094725934 660.6079972933333
127 179.80918657103553 643.9539897592335
129 723.6131072176996 637.9248758181934
131 581.3673312275146 687.7780398048359
148 191.56729567481804 655.6921860923436
149 146.29891231725475 683.6037539283712
173 59.5268441393017 274.5420893472312
175 127.09838487681935 682.4108347496275
178 131.37684973976314 689.6790697611045
179 207.92998346815443 624.7293893018998
180 128.74450862422538 649.1866685241706
181 724.8256916460526 304.8564399861541
182 608.1306728265763 12.631105845450003
184 710.7441784232276 486.25814908001206
185 455.5458613687066 112.6935008438448
245 441.1496263521143 481.4998983974763
246 432.34321344270774 465.15079927526017
247 444.06989576705547 482.5375752199911
248 447.775728543308 491.3375142431636
249 309.71176864309194 493.8607464400002
251 652.6920229419528 284.61689326140385
252 110.2606671810832 10.705431798541088
253 459.3562951929211 508.36601341942634
254 456.56336290792353 503.8369701856761
255 112.89391999515074 64.29766339563393
256 456.5025531215377 136.5491250206178
257 597.3748652269271 678.9417660713669
258 163.34137945470096 628.4477771169293
259 132.66810430997617 581.5845223445899
260 729.2512663158932 474.834260268506
261 132.66136795049636 570.1293022506865
262 31.394172480345684 262.8756284300993
264 103.08951105057008 358.15007519195603
265 693.7398497894061 463.7726968631468
266 701.3398069385041 248.5794192350819
267 644.0580696245754 238.14519370944822
268 145.2160502897888 638.7962811607387
269 74.5136638262972 250.9927434175729
270 50.487259715944184 244.1927000554779
271 567.0490928720158 614.45590291378
272 697.8262511852244 237.1440298794925
273 701.0996620425385 62.00397267459203
