# pedestrianID x y
188 483.38252020399136 118.4577822957601
190 669.4163976945333 478.64141555004926
198 194.20634140829074 364.2887125012555
199 615.3679816595615 177.71632696592116
201 464.9932284167196 30.549272087606937
207 461.0735594887182 59.02164167005238
208 414.00093466695205 450.8288889668773
209 184.06328406670954 577.3937790936709
211 401.2790727773423 551.4862431004124
214 37.325820191442084 281.3108821792896
215 200.36998127652464 608.0369820657745
216 255.4000397407874 331.9315782585932
217 147.110050448506 673.998032132313
219 131.4340464887656 300.7508766340182
226 8.348969772663743 278.5380712567444
233 157.99536516869506 653.2827579792197
