# pedestrianID x y
40 730.6817851129911 452.2430571070101
41 724.8924978466544 440.01412407842435
46 722.1667184566638 423.00862425209044
47 576.1484918793503 562.5661252900231
49 566.3225058004641 523.2529002320186
52 725.9168834523666 295.8315595595206
53 725.2330281807752 462.3016909340106
57 503.8190255220418 373.6426914153132
58 108.04292343387476 575.0951276102088
59 443.2261228178723 97.42128125824404
60 305.2436194895592 123.20185614849188
61 555.6102088167054 129.09512761020883
62 188.72389791183298 577.6148491879351
63 574.5649651972158 180.5475638051044
64 512.109048723898 84.0278422273782
65 513.8654292343388 613.3781902552204
66 513.4930394431555 80.04640371229698
96 247.23317865429237 264.40835266821347
100 416.26914153132253 365.22505800464035
101 685.2028286832369 450.2792523143899
102 655.6902552204176 626.3712296983758
103 513.4930394431555 631.6009280742459
104 545.2668213457077 103.16009280742459
105 75.5208816705337 358.96055684454757
106 135.92262056021931 626.093047239719
107 212.06411467777357 628.0491161143558
133 143.38786757383235 598.7335375499702
134 524.6058048704082 453.1771276453191
135 468.98491879350354 450.4640371229698
136 500.65081206496524 388.55220417633416
137 321.1090801900739 497.13143470759525
138 178.90371229698383 334.32018561484915
139 224.28654292343393 419.0533642691415
140 418.3051044083527 342.4593967517402
141 336.30278422273784 450.4640371229698
142 361.2389791183295 557.5870069605569
143 374.1642999871312 516.5922636798166
144 326.6194895591648 542.7610208816706
145 143.72412782771147 686.1817310537521
150 617.1649561307348 456.1765720115715
151 10.638051044083568 132.06960556844547
187 713.8520045414195 665.0733262449027
189 731.390135495017 647.7451045427329
192 591.7758280567286 676.5635670574225
195 646.3491879350349 314.2969837587007
198 476.36078886310906 419.0533642691415
199 725.166229045267 412.66896480724745
201 473.88399071925755 369.42459396751735
202 347.9257540603249 416.8445475638051
204 195.42727868515854 596.0368585920971
205 109.35020363016507 691.6808126592474
206 206.79019021866236 644.9241446186337
208 159.25424793502327 342.9404642093531
209 428.469837587007 238.8445475638051
214 154.24954729399778 684.9983132291169
215 660.9302485677016 304.1487589466984
216 699.6158807337201 428.20665190833853
218 730.5208816705338 260.7006960556845
219 457.50232018561485 401.5127610208816
221 200.1016676560552 690.1865585919725
222 731.7439149728666 343.2387956516041
223 150.0512937675124 678.6139832734189
224 730.7021252997814 451.97052015826375
225 482.57828037296 622.2562793001052
226 590.0835266821346 285.1322505800464
228 636.6445473132985 345.99960038980134
229 681.5628734208308 304.620764043506
231 459.7740902277752 334.92593810019883
233 375.01856148491885 542.7610208816706
234 638.2990785608226 218.6731875949707
235 846.1003501122483 439.4016017983047
236 439.6821345707657 205.60556844547563
237 423.482334569593 203.68407897774264
238 208.1160092807425 226.40371229698377
240 173.19159947289555 659.9836215556281
242 97.90446754705754 306.460583495819
243 221.58902908156097 593.0653691212591
