# pedestrianID x y
3 140.27586716533233 690.7097745712949
19 121.59908055145551 691.4309395943604
86 149.5352539685751 681.8887684977934
91 577.5418356232246 685.7911079056315
93 577.375422662697 687.5084764488881
122 729.3708312742272 268.62931161919755
125 150.47992308888973 678.8724254351569
127 156.51699926840777 667.4472992230824
148 154.31091096312085 680.6217697252158
173 35.426367770900434 274.7272869196838
179 160.10496113432058 668.6997993546594
180 126.15833315803835 684.2724501250865
184 732.6340542484722 477.7897807342341
185 460.042235715703 39.939213329072935
245 485.11708703386023 551.1372312522091
246 470.98390118264837 526.5556797658217
247 487.81671508499375 553.775478317547
248 493.2860864478575 565.4540545887594
249 243.25813901378078 568.7283373419691
251 691.2661978166087 276.2039597914502
253 508.53140579998365 588.1749466195788
254 505.8185222250268 583.5008912738261
255 99.99877242741344 23.632249960135518
256 460.18045894018377 51.93111931116592
258 138.31691223542848 675.7493491888778
259 127.50901140518023 660.9767707432883
261 127.65518746033936 657.6302039342354
264 37.52060663925983 305.26865177285504
266 731.6816887332411 261.53192660967
267 711.1937087857843 256.7538938788635
268 129.6317146275346 685.5903238097575
269 16.02730415476385 269.87726438158387
270 9.616394717047918 269.0245012498503
271 575.7802109013295 686.1245723115351
