# pedestrianID x y
86 138.94335027433453 689.7503451248197
125 139.72628304347108 687.8028140412719
127 144.60808426424276 679.9175162346731
148 139.2031531485331 690.5084005313633
173 22.16143872425789 274.8274273732538
179 141.8390912687675 685.1231759653278
185 461.4888198665626 16.44607067440326
245 510.16565676202777 591.795035253259
246 494.6870427778908 563.9985750870923
247 512.7915229439685 594.4181861500441
248 518.126298291001 605.6840370745401
249 207.3684163605786 607.7731402747369
251 710.1840116431358 271.8280074422721
253 532.8653617222758 627.5641331942551
254 530.5559645865139 623.9639026943819
255 95.64499000057256 9.8787860630812
256 461.46602734845067 22.947357297527486
258 130.2741136305604 690.2200385829992
259 125.97410360117775 684.7513545273903
261 126.07617481262807 682.6008310257074
264 16.30159830254876 288.1711450268137
267 729.2534455809375 261.9198128170355
