# pedestrianID x y
86 136.11164278308874 691.8242501611194
125 136.80297036211007 690.181735676102
127 141.20851984989932 683.3599418164353
173 18.354393892721873 274.8560692955554
179 137.58114245981147 688.8884744807356
185 461.7861383484462 11.61244121383587
245 517.8086675195625 604.4107168736938
246 502.2493654611833 576.6581576629661
247 520.5344854632765 606.4861639226042
248 525.7776494696777 617.5415474537152
249 196.87802064139262 619.7029323878718
251 715.4392042894511 270.59307804291996
253 539.7549050421426 638.9740671458981
254 537.643586034078 635.4389447869819
256 461.7480652293455 16.7050318441975
259 125.6685963580224 689.5301095627636
261 125.73964717753623 687.8581024426404
264 11.668887393064509 284.49489224587205
