# pedestrianID x y
1 723.6664971317489 642.2500604309524
2 722.8449683548187 640.176878896691
3 302.24239683212573 496.5592793202264
4 251.1252900232019 532.969837587007
7 129.1655063845943 644.3080418542964
11 128.4849187935035 660.6960556844548
12 125.39675174013922 655.3642691415314
13 636.4582366589327 193.78190255220417
14 679.2283376496435 192.56029308948692
16 554.2262180974478 570.0696055684455
17 638.1450116009281 190.44547563805105
18 168.05104408352673 141.1044083526682
19 66.1682134570766 133.56380510440835
30 283.99971260544413 8.321797353490798
37 680.7030162412993 671.415313225058
80 18.019408309203882 283.51270498412214
83 683.2268202327595 608.4767296891323
86 342.6809744779583 473.45707656612524
87 162.15313225058011 390.70069605568443
90 349.43797160198255 141.51791344018318
91 531.65313225058 314.2969837587007
92 172.4837587006961 371.53132250580046
93 643.784222737819 219.39675174013922
94 442.2018561484919 76.10672853828305
97 709.6102088167054 182.18561484918794
108 143.94416024435043 679.2709143952078
111 471.6057986647234 12.845467328312422
121 709.6433391060032 280.9430992845459
122 602.7872797641934 311.5415502445247
124 730.6257394462923 267.8987482413362
125 310.99419953596293 478.11136890951275
126 680.556771331068 485.9339543314917
127 343.23781902552207 401.5127610208816
128 345.79930394431557 511.2111368909513
129 615.6098648708579 161.22201825875356
130 187.57888631090492 679.5034802784223
131 593.4779116817629 650.4223921538794
132 242.91878186639298 23.405213130713065
136 151.32299112661727 687.0970747012813
148 430.82598607888633 348.6125290023202
149 84.04292343387476 354.8074245939675
157 307.2714546612072 13.93324996046316
166 122.63605214418854 654.6124828676295
171 187.87935034802788 53.34570765661253
172 445.16009280742463 255.1740139211137
173 251.30162412993042 377.87935034802786
174 215.61948955916478 202.20417633410673
175 155.97099767981445 401.5127610208816
176 371.35289545738465 178.71057186136287
177 399.8329466357309 192.11136890951275
178 161.94895591647335 416.8445475638051
179 465.5312992893582 165.51411736660657
180 277.24550122705523 12.186955816171693
181 591.8313377948722 636.1082151698828
182 180.33636108758571 640.4339941603392
233 342.39594166047567 636.5059587564133
237 730.6809720243268 477.78597346953393
245 215.6132148544947 501.87536646917505
246 441.29416742172356 264.3537864695639
247 275.44157158074194 -866.5049259127437
248 165.52564492084795 -246.04162853161154
249 652.7521577246597 172.4689605504683
250 274.87935034802786 403.68909512761024
251 420.25986078886314 421.2668213457076
252 367.77378190255223 496.91415313225053
253 163.85385677472223 212.40172556343813
254 286.3519926100103 -282.75338379584025
255 392.20417633410676 537.8561484918793
256 182.51508120649655 608.2134570765661
257 306.08932714617174 62.01856148491879
258 437.14980396183483 52.37833163077449
