# pedestrianID x y
86 138.70279120351267 689.9322549353664
125 139.48669737038202 688.0041356348336
127 144.34341644503192 680.1986778792337
148 138.89937984204056 690.7302057650124
173 21.844669965579673 274.8299508432378
179 141.4666041812264 685.4503479839428
185 461.51605981382056 16.035819676450892
245 510.7806080726403 592.7678605549243
246 495.26602041443385 565.0207202847132
247 513.4422915684106 595.4374827862083
248 518.7689467765931 606.6588450548204
249 206.43294212430442 608.6541295093898
251 710.6118074584566 271.70802690928093
253 533.4582197860154 628.4175908864573
254 531.1937676450926 624.9471334587693
255 95.56049588363922 9.57727506143324
256 461.4905405663535 22.3703588689925
258 130.1363222004179 690.4690664984695
259 125.94718389378119 685.2253345647104
261 126.04054416293395 683.0156019762045
264 15.895190602710926 287.85464522263226
267 729.557095507546 262.0105661842692
