# pedestrianID x y
0 498.2342823894029 15.638636627018226
39 119.2436194895592 58.27378190255221
49 215.0794820856501 659.9738542183433
58 15.270025158851777 244.96660213248597
60 239.18561484918797 587.7401392111368
67 592.7378190255221 46.09280742459397
69 411.6264501160093 365.22505800464035
70 593.9570765661254 174.04176334106728
72 458.6682134570766 219.39675174013922
73 421.87353207674596 523.8284680984018
75 616.8665395742896 574.7549910134052
77 636.8654292343388 369.42459396751735
78 143.6716937354989 525.675174013921
79 242.26334106728544 161.25290023201856
80 245.76102088167056 144.15313225058006
81 414.1728538283063 98.98375870069606
82 388.9791183294664 34.37587006960557
83 387.05568445475643 20.928074245939676
96 684.8417898356473 291.0548310933329
98 732.5127610208817 508.8167053364269
100 624.3389315796406 70.24121791047757
103 229.21693735498843 47.29002320185615
106 594.7668213457077 28.691415313225058
107 125.36194895591649 312.3201856148492
108 201.16842748452748 -308.61555482638676
109 671.9907192575406 281.322505800464
110 682.3944315545244 452.74245939675177
111 506.04756380510446 380.00464037122964
112 483.75290023201865 342.4593967517402
113 -163.23299855191212 334.3052734468627
114 168.6252900232019 427.93503480278423
115 275.32134570765663 367.32250580046406
116 364.6345707656613 540.3062645011601
117 460.6102088167054 285.1322505800464
119 1057.4618517202607 1086.451527161073
120 252.58352668213462 161.25290023201856
131 354.536287060337 370.8244868837506
132 178.27690486333157 655.5605865636528
133 127.99853865206896 683.6697290927918
134 477.901392111369 530.5336426914153
136 434.31670533642693 555.1044083526682
138 156.46598946194368 642.6546133835984
139 338.3390594914891 178.79403791262516
141 620.4129930394431 153.4106728538283
142 726.6697856496284 473.63626999744935
143 511.04176334106734 316.2784222737819
144 593.0348027842227 36.682134570765655
145 366.30194569815694 557.913346531679
146 567.6948955916473 441.3967517401392
147 271.2678945381254 566.3671923109996
150 727.779050531243 473.20678811363155
152 -3.197838343960419 483.835698979784
153 703.7389791183296 257.01160092807424
154 471.5208816705337 249.6890951276102
155 167.95707656612532 326.25522041763344
156 509.58004640371234 430.1670533642691
157 421.4534577245789 479.48659729590133
158 460.5638051044084 499.2853828306265
159 447.20283741152383 544.3566632241358
160 545.9733178654293 450.4640371229698
161 437.45237402099866 518.3766851443684
162 85.99187935034809 275.6426914153132
163 212.66589327146175 316.2784222737819
164 279.0866258024348 588.401883436706
201 524.4675174013921 464.20417633410676
202 170.75616446716919 72.09827877097482
204 137.41071061561848 682.0566428938367
215 721.4035134834384 273.9719116382696
216 729.4583560827369 462.78093931704217
219 695.6964824190715 302.1293801491334
225 568.1972839107265 692.4234117757853
226 732.4443693581802 250.70746551786766
229 731.4259035099877 271.0949678527976
231 579.2022983541594 665.9357591834352
233 506.6795811243024 484.22281836473036
237 590.7691415313226 540.3062645011601
243 417.0023201856149 382.13457076566124
244 609.6771062336031 334.1659941953011
246 322.4744779582367 72.20881670533643
