# pedestrianID x y
20 56.43851508120656 240.64037122969836
21 338.7772621809745 25.33642691415313
40 505.69373549883994 141.1044083526682
41 428.99883990719263 62.01856148491879
42 436.3143851508121 49.698375870069604
43 421.7772621809745 39.00696055684455
44 406.34106728538285 25.33642691415313
45 341.3584686774942 9.187935034802784
133 253.8758700696056 238.8445475638051
134 140.75522041763347 684.9187935034803
150 -86.15782131214499 671.4536822249343
151 122.11252900232023 575.0951276102088
187 683.7296983758702 384.2691415313225
188 119.50464037122973 203.90255220417635
189 679.8410672853829 367.32250580046406
190 511.6067285382831 585.2018561484919
191 682.1345707656612 237.05336426914153
192 677.3236658932715 363.1322505800464
194 677.1879350348029 229.9350348027842
195 -214.37469642520398 875.6428392136555
196 676.9721577726218 215.92111368909514
197 676.584686774942 567.5638051044084
198 249.3561484918794 478.11136890951275
199 669.2447795823666 354.8074245939675
200 625.9373549883991 229.9350348027842
201 534.5417633410673 214.1902552204176
203 126.20765661252904 187.12761020881672
204 189.87620916127753 137.2852504965023
205 88.83642691415315 441.3967517401392
206 175.22273781902558 258.8538283062645
207 525.7436194895593 401.5127610208816
208 437.52900232018567 247.87006960556843
209 223.61716937354993 532.969837587007
210 510.7505800464038 154.96983758700696
211 623.723897911833 408.0556844547564
213 679.9141531322506 597.9396751740139
214 184.53712296983764 401.5127610208816
215 182.45280110165785 550.1815593025959
216 440.87006960556846 273.7587006960557
217 306.67053364269145 513.6102088167054
218 170.592807424594 621.1600928074246
219 256.11252900232023 423.4849187935035
220 148.5406032482599 365.22505800464035
221 208.7111368909513 338.3805104408353
222 307.669373549884 540.3062645011601
223 150.42575406032483 342.4593967517402
224 358.28422273781905 139.58700696055683
225 190.66364183927837 220.47404923554993
226 288.99071925754066 408.0556844547564
227 158.17401392111373 421.2668213457076
228 473.1181971153534 542.7308057161949
229 217.84540343126466 640.0855771987831
232 476.88704952263487 225.98242747840675
233 214.20624795155769 576.3203474818051
