# pedestrianID x y
133 284.9434825210655 17.09907658807634
188 432.31399278837944 129.61108503285107
190 638.310752604638 480.38234994146893
191 479.722909822766 29.151955481889345
194 466.21937502227905 7.765804038170108
198 212.4144983979973 373.65431246554283
199 625.3346567213385 189.82282717686627
201 466.4801073568834 50.2750256037305
204 277.4326465432103 38.93128566243451
207 459.83702252202926 103.27908342051124
208 404.69190322067834 435.11959737826004
209 196.08226231355366 553.5889851523852
211 437.7678671534725 530.3501204318189
214 70.45930673592669 286.6032976004442
215 220.62270687988294 585.1952937371304
216 285.76217962888416 337.9008279944969
217 174.2325719243102 634.066032704867
219 153.01578487638915 304.9012766672491
222 149.559136612738 679.1979868858457
226 36.67039331395026 289.09418853348905
233 163.13633397344742 646.3862980471697
