# pedestrianID x y
3 161.81395611562587 677.9382331000675
19 109.15783169278399 660.6554556214112
83 725.9869473485578 643.777486007953
86 181.14233952726596 658.2674664162626
91 577.62829220657 656.0417219872752
93 577.056063697457 655.2591944510181
94 579.2157699785437 668.1367643578368
95 725.0140552288856 487.75850549885865
122 712.634575214008 274.28336626726536
125 182.40207663659052 652.9158109773933
127 189.6600929347728 634.5680226120991
129 717.8546897167469 631.8506030341713
131 582.0946260105494 685.5437847405176
148 209.85242180813125 643.4601636965946
149 156.6378807115075 675.7412088908654
166 124.60391576587051 692.3765105528973
173 69.25027022230402 274.4660593311767
175 127.8225585220356 676.3344299212963
178 133.2254554273345 686.6069993758763
179 231.78189913642308 602.6253703101116
180 130.24739243920658 628.1349222054806
181 720.2506810389762 317.3147768759839
182 594.4240340876912 16.743314132102086
184 696.5842458549674 491.87999759275795
185 452.93319984447334 155.3441416386797
245 423.61808914470447 453.82083650094995
246 417.60398074737014 441.36539736889836
247 426.19197268703147 454.2569404280044
248 428.68834086278196 459.1214578074476
249 339.64807624130754 461.9820975195099
251 635.9403492218156 288.20004568558016
252 115.23347467786331 13.965172427781665
253 436.13475421647126 472.6024280943883
254 434.40983067276505 468.03426570994526
255 120.02564543091853 85.40721834529734
256 454.40560658325137 183.82541869561248
257 606.750399347465 669.4700967242754
258 177.54481019390158 600.9708528896589
259 135.85683022259389 531.4925114048962
260 713.9638608183749 474.6001665234182
261 135.74612486654553 514.9793472399462
262 53.64235102494933 254.27936652458368
264 142.63357391828254 388.40786202841
265 639.5085793022344 451.0340310834651
266 677.1993485906183 238.55085027596724
267 598.4778160300026 225.36270771549633
268 156.00772526085447 605.1292790696665
269 123.62458408161578 234.32089240189163
270 82.92470008269984 223.74025536025243
271 558.5007648790503 544.4397068141883
272 657.5503733369023 209.22959923928968
273 657.6314905620259 58.66073573503419
