# pedestrianID x y
1 713.8097796155249 634.7520352302258
2 712.9385934234356 631.4667106404219
3 377.8155452436195 380.00464037122964
4 332.65081206496524 478.11136890951275
5 629.8596287703017 663.368909512761
7 150.84686774941997 603.0672853828306
9 728.41075761718 259.25151068012946
11 160.00464037122975 532.969837587007
12 158.4419953596288 516.0139211136891
13 496.6345707656613 118.830626450116
14 650.762180974478 224.6450116009281
15 647.6403712296984 209.02552204176334
16 550.2797881465872 591.2542941723705
17 496.7784222737819 113.06728538283062
18 323.65545243619493 30.951276102088165
30 287.12891398846665 12.279480324183444
37 671.6600928074247 580.1392111368909
69 530.7923945445297 691.1361590292491
80 26.456037905229994 287.3655658067413
83 668.8700696055685 542.7610208816706
86 404.76566125290026 390.70069605568443
87 172.32134570765666 268.13457076566124
90 417.74245939675177 222.89095127610207
91 535.0533642691416 296.67285382830624
92 184.0255220417634 247.87006960556843
93 554.754060324826 111.63805104408353
97 668.8573085846868 264.40835266821347
108 150.3973595140144 672.3434275836192
111 475.3277813183897 17.89841882176797
114 274.6549806149844 7.871388550953504
118 317.2199355085043 10.1719282815213
120 158.44895591647335 674.106728538283
121 698.6711497410514 286.816334419613
122 545.5916473317866 288.96055684454757
124 723.0645569160091 270.1586395462099
125 399.982702923018 365.6545495627316
126 647.0907224016996 491.85921052078794
127 403.302586227231 337.9266361185919
128 433.76102088167056 373.6426914153132
129 536.3317865429235 78.72853828306265
131 598.1872950445309 636.6030171605639
132 291.2830626450116 86.70533642691416
136 158.01085774385123 683.9488806526576
148 503.58468677494204 198.82134570765663
149 96.15545243619493 244.24593967517401
157 315.05068859093063 17.687867730009728
163 612.131090487239 164.42227378190256
166 121.56371302990922 634.5189710584441
171 228.17633410672858 188.78422273781902
172 399.35058226707383 373.4226297341684
173 308.6542923433875 443.6566125290023
174 232.08418590920724 379.7968530732154
175 166.808584686775 275.6426914153132
176 459.27867722353136 237.24467565892195
177 489.0788863109049 320.2552204176334
178 194.25399123881894 249.51024074538338
219 731.8687276361602 271.7105825608479
233 375.48300618836555 604.68188259498
237 727.4690542954761 478.76057191372064
245 237.08138999997848 482.07207453438986
246 435.99820930894043 271.85347758805864
247 284.01325662785075 -748.4790183504738
248 267.2424160141214 64.9002510074281
249 599.0201723746163 209.7681864099326
250 205.23412627683138 438.82443299439535
251 -15.147191304653411 92.3733406765451
252 1155.6205208747272 645.1597707302457
253 197.41970953953467 238.35000626169474
254 315.1324821665518 -53.39335434074868
255 489.27494199535965 621.1600928074246
