# pedestrianID x y
86 135.82846792945716 692.0378137218637
125 136.5103663652399 690.4051370229043
127 140.907215384532 683.679607775539
173 18.030609745388713 274.85897500464847
179 137.2310420045114 689.1971384683949
185 461.81201326500127 11.193505796310085
245 518.5490004702483 605.4375649982586
246 502.9648809907493 577.8057853284328
247 521.1972246369806 607.585929095208
248 526.5242304347414 618.5507416541867
249 195.90445774634622 620.808754186388
251 715.9150044554501 270.4862388488776
253 540.4076288714434 640.0646221140724
254 538.3165266203356 636.5005978015603
256 461.7709488580141 16.171595417901592
259 125.64191600995336 689.9186381358802
261 125.71385522985567 688.2918032069886
264 11.263733753659352 284.1676027389221
