# pedestrianID x y
3 196.914645457685 656.6207563938456
7 126.30666333540785 682.6143711551783
11 125.88206158799704 690.1004146498955
14 728.9342453886101 252.08493078990966
16 382.20417633410676 182.18561484918794
19 141.5556844547564 487.4756380510441
83 713.553856896082 633.577683923065
86 231.64078159342796 621.0702755143584
87 63.527842227378244 679.5034802784223
91 577.809161420169 592.3720511869559
92 72.2819025522042 642.1160092807426
93 538.300464037123 455.02552204176334
94 541.77030162413 471.13689095127614
95 688.2215777262181 473.45707656612524
108 133.77929763593667 690.4436487791197
121 726.6207675621681 271.8969299984608
122 683.1017799707628 284.15904084236
125 232.44712163954333 611.9625779472536
126 721.4539911053597 478.3943648773316
127 237.39898072628887 586.2956815676799
128 156.59356677660404 684.246417727939
129 701.9837587006961 508.8167053364269
130 502.9100549387616 213.79485198676568
131 585.6415202810231 674.4947351040671
148 390.86078886310906 557.5870069605569
149 187.62761020881675 570.0696055684455
166 124.10781911692378 682.686831655612
173 117.15255879702607 274.10750925610876
175 132.9617006694176 633.3495764375305
178 145.2208914380513 667.724633174345
179 406.9443155452437 408.0556844547564
180 155.2714617169374 457.3132250580046
181 641.660342100823 313.56620405800754
182 533.3213457076566 207.31322505800466
183 378.8341067285383 154.96983758700696
184 591.6194895591648 416.8445475638051
185 455.63341067285387 421.2668213457076
186 529.3283062645012 145.6844547563805
233 125.10025123754815 836.6168296857734
245 134.34596596794782 573.6393347912551
246 458.4795340108558 240.98766752775134
247 253.55991724657247 -1158.1879503745238
248 41.18142723945666 -617.9747658999803
249 830.2752611083563 52.55716845804314
250 159.7656612529003 68.35266821345708
251 443.34802784222745 403.68909512761024
252 169.72389791183298 195.4570765661253
253 43.61380967701486 123.69814437646328
254 233.50220199244197 -718.344779659655
255 176.0638051044084 228.16705336426915
256 429.79930394431557 419.0533642691415
257 536.748259860789 441.3967517401392
258 433.4934540880622 356.54697469591684
259 153.12761020881675 255.1740139211137
260 642.7227378190255 663.368909512761
261 151.51276102088173 219.39675174013922
262 274.4454756380511 111.63805104408353
263 641.9918793503481 57.03480278422274
264 464.8352668213457 513.6102088167054
265 462.1589327146172 555.1044083526682
266 526.5962877030163 81.36890951276102
267 273.51856148491885 158.10208816705335
268 331.07076566125295 124.66821345707656
269 389.1786542923434 55.800464037122964
270 359.09512761020886 63.27610208816705
