# pedestrianID x y
1 582.3526682134572 430.1670533642691
2 578.4756380510441 425.70765661252904
3 426.8874709976799 197.13689095127611
4 457.6171693735499 209.02552204176334
5 423.78422273781905 156.5336426914153
6 580.0359628770302 136.56612529002322
7 503.6438515081207 82.69605568445475
8 526.5162412993039 110.21345707656613
9 374.1832946635731 41.35034802784222
10 491.9443155452437 14.454756380510442
30 197.2575406032483 296.67285382830624
31 722.7378190255222 188.78422273781902
32 587.9895591647332 161.25290023201856
33 579.5034802784223 153.4106728538283
34 403.2830626450116 50.909512761020885
35 406.60788863109053 39.00696055684455
36 371.35614849187937 57.03480278422274
37 515.3538283062645 64.53828306264502
49 151.54731820363057 688.2400691143373
69 427.8178584960978 672.1149843541951
72 714.670267194466 268.830604549094
78 52.05465051077779 501.3015540884881
79 45.322897015204205 467.36547783071165
80 158.4176334106729 361.04408352668213
81 725.6864531395878 265.9020480072875
83 555.9189133103896 56.614600358835624
84 468.94779582366596 139.58700696055683
86 424.4501160092808 182.18561484918794
88 497.8596287703017 118.830626450116
89 460.8329466357309 50.909512761020885
90 568.4663573085847 693.07656612529
96 727.11267052019 271.2655686052613
97 411.6194895591648 552.6264501160093
100 641.5581030899373 17.69475490064342
108 211.2559316765683 606.4224863965214
111 514.0303952947241 71.1921623872444
112 323.13122777738266 61.53149429956682
114 260.8783806384226 44.72998225110885
115 470.5208816705337 15.522041763341068
118 509.8016241299305 432.40371229698377
120 187.66473317865436 550.15313225058
121 409.03329358674756 264.857596370181
122 223.0823665893272 346.5568445475638
123 423.6542923433875 328.26450116009283
124 502.68909512761024 348.6125290023202
125 489.06612529002325 124.66821345707656
126 478.65692469709177 103.7328188938783
127 496.3422273781903 214.1902552204176
131 582.0104408352669 450.4640371229698
132 485.52436194895597 377.87935034802786
136 210.1079099334668 660.054670601027
138 131.9609397012612 687.9628503598236
141 621.1053908985125 17.697986176543115
144 632.6325098510105 8.544846156096716
146 723.955677643088 267.1355901378762
147 444.5974477958237 326.25522041763344
156 578.1867749419954 82.69605568445475
157 422.2296983758701 108.79350348027842
159 449.87006960556846 296.67285382830624
161 487.4640371229699 219.39675174013922
163 429.97215777262187 361.04408352668213
164 636.1728538283063 322.25058004640374
165 114.0069605568446 597.9396751740139
166 147.0591647331787 397.17401392111367
167 194.77262180974483 328.26450116009283
168 447.7853828306265 350.67285382830624
169 177.40603248259865 212.4640371229698
170 262.04292343387476 314.2969837587007
171 566.8421582635632 685.3786449993744
173 613.9692253874047 589.490615381322
202 117.2751653472223 22.62981777696018
219 721.1419749204451 280.8404548125429
231 577.9081249321931 691.9668612402897
233 459.090863189741 528.0132778920104
237 698.319181752083 487.7412446292127
243 432.86658932714624 130.58004640371232
245 181.57076566125295 386.40835266821347
246 418.0657475337755 295.95167974750836
247 327.8799608441312 -161.76183702185696
248 317.5638051044084 150.3062645011601
249 502.4605568445476 77.41531322505801
250 425.38331818129853 611.2233308412237
251 31.826266350766154 296.4246275241195
