# pedestrianID x y
1 730.4809233889578 647.5524360946484
2 729.9770275745798 646.3159335026703
3 221.3515081206497 615.9675174013921
4 190.82250580046406 615.9675174013921
7 127.55434766797933 666.3295420614481
11 127.02716139144437 677.0245444352338
13 737.8573085846868 283.2250580046404
14 711.1286559105303 231.13026237420164
16 495.22157772621813 414.6403712296984
18 135.88167053364273 185.4756380510441
19 65.39443155452437 348.6125290023202
80 11.6406416225021 280.5322476263184
83 699.1557590978024 621.629866913397
86 229.516241299304 600.5011600928074
87 124.52436194895594 528.1020881670534
90 293.6589327146172 41.35034802784222
91 570.1171693735499 459.6055684454757
92 132.41415313225062 506.42691415313226
93 606.1971639506163 255.52112440285103
94 430.88399071925755 233.48491879350348
95 704.4802784222738 212.4640371229698
97 738.1601653152557 127.19932162604165
108 138.69542397237262 685.117781655447
111 468.6484000717507 8.836115111184302
121 718.7359038637992 276.21645456777514
122 646.1958832494885 296.55435482325186
125 273.36542923433876 535.4106728538284
126 703.9319209655254 481.5881323979125
127 304.969837587007 513.6102088167054
128 485.0816334092296 420.4425635004981
129 723.0058004640372 242.44083526682135
130 339.5788863109049 450.4640371229698
131 589.4748421934488 662.9118436756664
132 242.8130841919451 21.104574021901513
136 145.33340153957184 689.9878489613781
148 319.1389964775855 268.7399007074389
149 82.2765092263828 405.8521836026832
157 299.9363027723251 10.580618159138314
166 123.45335510089717 669.8774031716347
172 421.0594565317225 163.0571879804879
173 165.97563805104414 271.8793503480278
175 145.96867749419957 535.4106728538284
176 327.01064926192 129.74940552260367
177 382.59976798143856 115.93967517401393
178 151.76450116009286 545.2204176334106
179 416.5011600928075 336.3480278422274
180 236.08004640371234 275.6426914153132
181 625.6171693735499 466.5104408352668
182 408.0719257540604 395.01160092807424
183 462.9872389791184 511.2111368909513
184 494.3844254133519 191.8445492435195
185 310.73382770300145 585.4301981454252
186 313.7859091013616 512.0177774234194
233 286.44297723290015 689.6236763524313
245 185.51336682328497 529.1961270521753
246 448.0790499091189 255.0530313345677
247 265.90572363373025 -993.9972630581384
248 107.06033618842358 -421.00310248681524
249 725.9332315769092 123.45075975061145
250 216.7714617169374 268.13457076566124
251 452.86658932714624 482.78422273781905
252 256.82250580046406 388.55220417633416
253 116.63423253173919 177.99226970004602
254 261.8005709070638 -487.61612040642893
255 267.38399071925755 423.4849187935035
256 251.59886772429948 497.86722006341085
257 426.1171693735499 224.6450116009281
258 349.04292343387476 207.31322505800466
259 269.0208816705337 86.70533642691416
261 236.23085846867752 80.04640371229698
