# pedestrianID x y
20 101.5034802784223 233.48491879350348
21 365.5440835266822 44.90023201856149
40 539.6299303944315 164.42227378190256
41 457.25754060324834 84.0278422273782
42 464.15661252900236 69.63341067285383
43 447.59396751740144 58.27378190255221
44 433.1102088167054 42.52900232018561
45 365.21345707656616 27.56844547563805
46 285.4002320185615 22.023201856148493
47 286.40133304500984 24.918332294362187
48 433.70438007304017 10.18261594836004
49 296.10959079100934 25.098407519712133
133 242.254060324826 257.01160092807424
134 149.99071925754063 666.046403712297
150 -157.11068877633952 682.7314902759495
151 128.35498839907197 552.6264501160093
187 678.8584686774942 412.4408352668213
188 80.65429234338751 222.89095127610207
189 677.1519721577727 397.17401392111367
190 509.47563805104414 603.0672853828306
191 707.4222737819026 255.1740139211137
192 672.1171693735499 388.55220417633416
194 702.2993039443156 247.87006960556843
195 -298.14210684572663 921.6775980729599
196 701.893271461717 233.48491879350348
197 668.008120649652 590.2830626450117
198 246.70650785222227 470.31146344056253
199 665.5556844547564 380.00464037122964
200 660.0487238979119 247.87006960556843
201 524.2819025522042 235.26682134570765
203 96.53828306264506 198.82134570765663
204 202.4498657007153 105.396509408896
205 89.62645011600932 466.5104408352668
206 181.92691415313232 290.88167053364265
207 536.8109048723899 427.93503480278423
208 426.23665893271465 226.40371229698377
209 257.35034802784224 513.6102088167054
210 546.2146171693736 177.28538283062645
211 645.3747099767982 388.55220417633416
213 670.7146171693736 618.5614849187934
214 185.50812064965203 421.2668213457076
215 285.1345707656613 542.7610208816706
216 426.61368909512765 253.34106728538285
217 337.5168225924457 500.24069137897
218 191.6716937354989 605.6380510440835
219 249.48607888631096 450.4640371229698
220 152.10440835266826 395.01160092807424
221 213.53828306264506 365.22505800464035
222 344.0255220417634 523.2529002320186
223 155.38399071925758 371.53132250580046
224 391.8399071925754 159.6751740139211
225 169.1579635501993 139.8710406783069
226 305.81670533642693 430.1670533642691
227 164.0371229698376 452.74245939675177
228 439.51664876050853 490.313503735636
229 262.019739750369 608.7428287707537
232 435.65530094202296 220.2780146167833
233 221.42330162891028 566.1881490260945
