# pedestrianID x y
86 142.22983279145308 687.3453307492014
91 577.5255409358306 691.2674820177995
125 143.2091428915865 684.98085245272
127 148.42500319920384 675.8825784603565
148 143.6456378690121 687.4920715777569
173 26.440239883127177 274.7955892469359
179 147.30139545775774 680.3332567527145
180 125.6171484037904 691.5597269389385
185 461.088331507868 22.93401497347287
245 501.65810320489004 578.0338968924616
246 486.2366240578873 550.8279351889046
247 504.69476037086804 580.863224984251
248 509.83670051264187 592.5748700333302
249 219.25389972411375 595.0973676065134
251 704.058567155852 273.2141203043247
253 525.1197407960875 614.5311075842128
254 522.625581774193 610.9278017265119
255 96.84377063217849 13.630984606958068
256 461.0990453193999 31.160426886789935
258 132.48650187205448 686.3337766214647
259 126.39587760794329 678.3103665068808
261 126.5194215061581 675.7779888690015
264 22.25609260476288 293.0643802908234
267 724.31226867544 260.49753693146874
