# pedestrianID x y
1 701.7391837663847 625.5085051087533
2 700.0268611878079 620.977817469577
3 376.78422273781905 416.8445475638051
4 380.0266821345708 419.0533642691415
5 606.7470997679815 582.6682134570766
6 731.748512024325 257.15101704062073
7 254.5638051044084 532.969837587007
9 716.4329811117469 253.46553710967277
11 190.64501160092811 403.68909512761024
12 188.69025522041767 392.8538283062645
13 390.80742459396754 46.09280742459397
14 525.6937354988399 166.0139211136891
15 524.223897911833 151.85614849187934
16 573.468514092398 640.1632376159747
17 390.20417633410676 36.682134570765655
30 290.67011865862713 16.83795807758636
36 664.2935034802784 290.88167053364265
37 662.9605568445477 489.8283062645012
38 636.8132250580047 190.44547563805105
69 519.0599969906302 688.9014862346825
72 731.6130100297744 266.24708080016205
80 35.76640323302937 291.76581104724454
83 661.9350348027842 457.3132250580046
86 383.2961409094525 380.1194311072828
87 211.56728538283068 167.61020881670532
90 475.42343387471 318.26450116009283
91 455.22737819025525 226.40371229698377
92 223.5440835266822 148.76102088167053
93 419.00928074245945 25.33642691415313
97 667.4431554524363 340.41763341067286
108 157.19485307383388 664.7849981644185
111 479.1964653298066 23.462263177376645
114 273.48763215469876 11.110572933180087
118 332.22595206724054 13.72762349328551
120 204.37354988399076 603.0672853828306
121 681.6229698375871 318.26450116009283
122 429.40323495774965 200.03937307307092
124 712.5855618890683 273.44186190813366
125 468.76450116009283 264.40835266821347
126 603.2672828250851 499.5388761432276
127 465.51392111368915 246.05568445475637
128 435.254115025849 216.91239057916687
129 417.0440835266822 10.232018561484919
131 602.8433293464308 622.2161054981368
132 381.97213162781054 121.75586862310993
136 164.68219099014428 680.8204089114039
141 635.913542222759 7.906068968249482
148 450.06612529002325 82.69605568445475
149 36.63277159876844 242.90347347513944
157 322.878649900915 21.593572393211335
159 162.56264501160098 7.11368909512761
163 318.89806634160425 227.65690795939412
166 120.31165020700698 610.1362371359993
168 386.6840796983227 108.10586203747052
171 250.62761020881675 290.88167053364265
172 389.7098802235511 520.1373339114207
173 275.9961754920933 467.6155898814222
174 236.62063191992073 358.65796205798677
175 187.5835266821346 170.81670533642693
176 522.8200250754211 358.8737802707605
177 544.1433817998746 560.851317583456
178 258.50025054976425 56.788729753581976
202 102.28441650009466 8.991501728317033
219 730.4108494714675 272.8913856799631
233 396.7614112557449 584.7874661863613
237 723.9731211570501 479.7990890383804
245 252.00724995431526 468.44818051139345
246 432.07913492860587 277.21560852235245
247 291.04337473379354 -656.1136247768529
248 304.2774365509814 179.5022616196383
249 561.7254721414669 234.06719321689408
250 235.25522041763344 443.6566125290023
251 212.3370928218564 273.25333230708515
252 723.5239221049108 587.318240337921
253 221.58552276088471 255.92808426395467
254 336.7971049229318 119.28448299146939
