# pedestrianID x y
86 138.65330254367797 689.9591311802061
125 139.44256023757427 688.0502853259347
127 144.26883785878698 680.2711642680048
148 138.83106406114152 690.771506118975
173 21.777630585354295 274.83050213443687
179 141.39727285857995 685.5384461462108
185 461.5224393085659 15.914633337173099
245 510.9258732477931 593.0264239948319
246 495.3933427354099 565.2573672574632
247 513.5852181790441 595.6424308547146
248 518.9007995385728 606.8337342270077
249 206.2519876376997 608.8379336732268
251 710.7112438522703 271.6843976664406
253 533.5848581913674 628.6173799460532
254 531.3521130960977 625.1789131177521
255 95.54277879184023 9.519743541463017
256 461.49660545010835 22.257101399152063
258 130.1059991511646 690.5291065723546
259 125.94093571764935 685.3118703706538
261 126.03168599647297 683.119590740222
264 15.80770124302907 287.7963242001573
267 729.6392770076891 262.0285473010487
