# pedestrianID x y
40 731.1763680127917 453.2228531415345
41 725.6730604843302 441.71267756386897
46 723.072317505298 425.887017828338
47 580.5371229698376 570.0696055684455
49 570.6160092807424 530.5336426914153
52 726.673811065553 294.03545796524276
53 726.3247530987585 463.3410853721606
57 509.4037122969838 382.13457076566124
58 105.8480278422274 565.0626450116009
59 575.8805104408353 164.42227378190256
60 297.20417633410676 132.06960556844547
61 565.8631090487239 135.06264501160092
62 192.67517401392115 572.5800464037123
63 586.7273781902553 187.12761020881672
64 524.2772621809745 90.75638051044085
65 504.12296983758705 603.0672853828306
66 524.4501160092808 86.70533642691416
68 375.8781902552205 5.05800464037123
96 247.5063314440347 263.6181529323757
100 423.59396751740144 356.8816705336427
101 688.6380326922389 451.95807394778393
102 655.4211136890951 636.8491879350348
103 505.6728538283063 623.7633410672854
104 551.5730858468678 108.79350348027842
105 74.1299303944316 373.6426914153132
106 140.16753915307666 598.2731790488198
107 222.8586334821175 618.786638813682
133 142.85262484932633 602.1664172945992
134 536.6022351035871 456.4064316332345
135 479.9187935034803 443.6566125290023
136 501.20747157705966 390.3627703229751
137 314.71725359363694 500.588936318595
138 185.17401392111375 344.5058004640371
139 216.45939675174017 416.8445475638051
140 420.9454756380511 334.32018561484915
141 337.9408352668214 450.4640371229698
142 373.3874709976799 552.6264501160093
143 330.51392111368915 511.2111368909513
144 338.7633410672854 537.8561484918793
145 158.2042635949665 675.5417028912515
150 621.9871451232628 456.9543220640547
151 5.061484918793553 130.58004640371232
187 715.2293225930517 664.5274856390179
189 731.933326342821 648.2259293424485
192 590.9922696843025 677.7508354411102
195 638.901392111369 314.2969837587007
198 488.4303944315546 410.24593967517404
199 725.4006069854526 413.73615092266476
201 489.94315545243626 358.96055684454757
202 344.70417633410676 419.0533642691415
204 193.24051395922126 599.0738943025376
205 110.11409374511884 692.0947407658217
206 203.77296587034976 646.9025269469273
208 158.96561092499277 342.5806752464258
209 420.7146171693736 226.40371229698377
214 153.24016654891892 685.5868948104417
215 662.8023523257508 303.18913774100014
216 700.4624290184936 429.21979389421193
219 464.30858468677496 386.40835266821347
221 196.84604097090704 690.6493564919739
222 731.9703842299991 340.9722113789906
223 148.55970329684195 679.6530266372797
224 731.2073984405099 453.2470632510276
225 486.0317824467427 625.3196953366912
226 593.9825986078887 275.6426914153132
228 642.2303031067707 341.9037618261514
229 683.1595027675121 303.42565570780516
231 517.1995359628771 425.70765661252904
233 385.22737819025525 532.969837587007
234 637.9460318274137 218.18525211206506
235 535.8886310904873 356.8816705336427
236 453.5452436194896 209.02552204176334
237 422.3175533795942 205.31901059206382
238 213.69837587006964 215.92111368909514
240 196.9267268022792 641.0290769709683
242 122.10885264303865 313.4253401564405
243 228.7783222003417 585.7152133678054
