# pedestrianID x y
1 396.31206496519724 145.6844547563805
2 395.70881670533646 133.56380510440835
30 153.67347202699295 552.8927472799988
49 175.15267192474528 677.8506160317336
67 627.0172016861089 18.776858746796808
69 363.0962877030163 585.2018561484919
70 648.5893271461717 185.4756380510441
72 655.8944315545244 253.34106728538285
73 686.2749419953598 388.55220417633416
77 729.7114479007046 272.90027487700956
78 208.677494199536 352.737819025522
79 216.29814385150817 338.3805104408353
80 228.3143851508121 242.44083526682135
81 650.1902552204176 247.87006960556843
82 683.5986078886311 198.82134570765663
83 559.4153132250581 166.0139211136891
85 42.6983758700697 97.60092807424593
96 712.8373763036018 277.9490368893116
97 246.66545572909678 669.7221182787831
98 613.7618215293779 692.4165232502473
100 635.7115666914475 35.71964256496918
108 301.64153132250584 511.2111368909513
111 548.0870069605569 167.61020881670532
112 443.78886310904875 117.38283062645012
114 212.90719257540607 175.661252900232
115 275.83062645011603 244.24593967517401
116 612.461716937355 416.8445475638051
117 370.86426914153134 82.69605568445475
118 573.1731387888588 767.5574657217011
120 230.7482598607889 363.1322505800464
121 201.82482598607893 231.70765661252898
122 74.44663573085853 626.3712296983758
123 245.8944315545244 506.42691415313226
124 209.36685314624376 615.2748983421482
131 326.07073073941433 363.64265586979275
132 320.05681959018824 540.5386517698903
133 126.52114319812328 691.6869240216117
134 729.8619489559164 363.1322505800464
136 224.1020881670534 628.9837587006961
138 139.94620023481338 672.9614346145138
139 310.508120649652 63.27610208816705
141 602.7256960233601 30.10150558998274
143 657.3097447795824 253.34106728538285
144 617.3121624094346 17.015719060537652
145 473.4582366589327 42.52900232018561
146 689.8877274911343 271.6653712118139
147 453.86010923423237 441.95869120236875
152 103.3248259860789 4.037122969837587
154 477.9466357308585 53.34570765661253
155 307.87470997679816 84.0278422273782
156 557.4313554974207 310.7125365814309
157 473.1635730858469 326.25522041763344
158 704.1322505800465 377.87935034802786
159 437.86002504700616 579.2245987937571
160 724.4431554524363 332.2969837587007
161 323.0174013921114 459.6055684454757
163 260.36542923433876 520.8352668213457
164 390.90719257540604 475.7819025522042
165 213.75058004640377 363.1322505800464
166 139.10208816705338 188.78422273781902
167 158.7614506963953 339.3192621944287
168 223.50777610116324 551.4967983133703
169 483.92019452974927 605.777765575915
201 607.2378190255221 674.106728538283
202 137.1317007402425 40.91544149476845
204 131.53572702943504 690.5386056843978
215 729.0200579166833 270.24708568068144
219 710.9409022452145 289.7706689882729
231 578.352675700353 683.0005562538007
233 486.2897095312526 503.02377537431283
237 661.8362403178946 499.1224797598143
243 476.5116009280743 346.5568445475638
245 110.21925754060331 298.6125290023202
246 329.642737922564 116.60058157682295
