# pedestrianID x y
3 141.8114831369725 689.8086667664554
19 120.99951412150091 689.8723474715863
86 151.80939165271073 680.2116933693301
91 577.5471633317907 683.9531872939331
93 577.3576911732493 685.6782242626248
94 577.9138460908899 692.2347378174984
122 728.1905622785531 269.03141823977063
125 152.85459821858223 676.9275021669296
127 158.97287199535768 664.9703480834265
131 579.7904417844742 692.6457906337573
148 158.02349122329642 678.442296340056
173 38.12701473118444 274.7066965619095
179 164.5808776894418 664.7208050244152
180 126.36266491132086 681.4180926672634
184 731.0628523664759 478.4043697346313
185 459.65678335391914 46.27040953355677
245 480.2479552077986 543.3178688669803
246 466.49440839966223 519.5835286825381
247 482.6762146296296 545.5750592204248
248 488.14462887745344 557.3127705192674
249 250.36158144911766 560.6597557522667
251 687.1179514605715 277.13744604611094
253 503.4663937819928 579.9366877553313
254 500.7694741327932 575.1045357713281
255 101.11658806716027 27.158731691743885
256 459.846082699291 59.390223148300095
258 140.385811672916 671.7244332746424
259 127.92654510576423 654.6985352603156
261 128.0559567917827 650.9369334600125
264 43.02814540425186 309.5829104491858
266 729.7142075271584 260.71249632967954
267 706.2193082699772 255.3485061079967
268 130.71310419510905 682.48587604555
269 19.66609247081736 268.75858738632957
270 12.09925209613951 267.55482155484265
271 575.2956329190052 682.3523612722123
