# pedestrianID x y
26 544.554524361949 114.50116009280742
39 154.95823665893275 547.6844547563805
47 626.7080209008479 680.7408660466764
49 511.55706765951294 515.5477874707786
57 560.1519721577727 560.0742459396752
58 75.09976798143856 361.04408352668213
60 167.1252900232019 247.87006960556843
62 349.37470997679816 459.6055684454757
64 711.8967517401393 214.1902552204176
65 415.09860788863114 455.02552204176334
66 714.6252900232018 214.1902552204176
67 516.5417633410673 540.3062645011601
68 476.91637152807084 75.6138168636762
69 233.6542923433875 108.79350348027842
70 171.85730858468682 253.34106728538285
71 31.12296983758705 222.89095127610207
72 542.4489559164733 40.17633410672854
96 289.2797934203519 381.59817177228166
100 459.9547563805105 330.27842227378187
101 726.7494153924914 468.8071413744658
103 311.1786542923434 471.13689095127614
104 717.7088167053365 203.90255220417635
105 85.88515081206498 595.3828306264501
106 323.81823655897483 465.1696574050954
107 324.0208816705337 494.54756380510446
108 239.7111368909513 80.04640371229698
109 603.2157772621811 582.6682134570766
110 268.42923433874716 567.5638051044084
111 226.90487238979122 613.3781902552204
133 135.21083334986983 644.3983573814401
134 564.0150812064966 330.27842227378187
135 594.1322505800464 412.4408352668213
136 610.5002880373701 299.2913237724937
137 474.35730858468685 356.8816705336427
138 195.74231215544776 336.6018421459233
139 196.95359628770305 266.26914153132253
140 483.1972157772622 73.50348027842227
141 458.50464037122975 350.67285382830624
142 589.0084446748243 459.94533633859874
143 425.762180974478 401.5127610208816
144 480.4512761020882 450.4640371229698
145 395.37935034802786 525.675174013921
146 458.786246204825 629.1101822323686
150 682.6463731471807 466.3463505261111
152 127.44376123659353 630.6573677852086
153 157.55515611859417 317.0498674621129
155 684.5983007801707 462.4765523158168
157 141.13041605216344 681.1291475876731
187 731.317168717288 658.2747328697454
192 582.6035789943936 691.4594326473796
195 464.5394431554525 164.42227378190256
198 569.1740139211138 416.8445475638051
199 729.203537610833 429.9415370563347
201 539.264381883693 336.3480278422274
202 272.73939879980173 415.24012865897555
204 164.5690619154471 641.4909992464073
206 165.7778346732345 672.4420895145147
208 199.91995359628774 235.26682134570765
215 690.2819997653389 289.3727493484394
216 713.4213855661767 444.35804203065936
219 644.8481021629091 344.8417744345966
225 532.8993390594462 664.1410105078153
226 720.1433123412513 227.9317385363107
228 705.303388993452 291.10241238778053
229 708.1211638896845 286.9119783630559
231 578.4965197215778 582.6682134570766
233 535.8102055073557 457.2564281335025
234 728.6647331786544 268.13457076566124
235 591.7314966032419 267.45194526207445
236 565.2726218097448 110.21345707656613
237 524.330626450116 338.3805104408353
238 381.0394431554525 48.49187935034803
239 364.1879350348028 457.3132250580046
240 479.4628770301624 380.00464037122964
241 365.48607888631096 405.87006960556846
242 418.24770602491037 374.70670505071143
243 326.2709892189417 480.45115558173796
244 380.439675174014 560.0742459396752
