# pedestrianID x y
20 716.9779582366589 249.6890951276102
21 733.5580046403713 257.01160092807424
23 733.7389791183296 279.4245939675174
25 623.1461716937356 198.82134570765663
40 720.2046664972328 427.8436384097041
41 710.389030646697 405.3470213259998
42 732.5765276096605 242.23592231059098
44 730.605323066156 244.94655889589822
46 700.3143851508121 401.5127610208816
47 522.5174013921114 430.1670533642691
49 505.11252900232023 401.5127610208816
52 714.3259860788863 268.13457076566124
53 695.9399028292783 437.1252723084285
54 689.3341067285382 192.11136890951275
55 685.4164733178654 177.28538283062645
56 616.2761020881671 178.9141531322506
57 447.85498839907194 221.14153132250578
58 87.93271461716938 676.8027842227378
59 396.63689095127614 67.07656612529003
60 430.6067285382831 40.17633410672854
61 436.723897911833 60.76566125290023
62 102.73226932632556 720.6600372196252
63 407.59048723897916 90.75638051044085
96 150.3781902552205 262.5522041763341
99 690.8607888631091 212.4640371229698
100 268.2900232018562 466.5104408352668
101 605.1566125290024 441.3967517401392
102 907.3914152307607 -169.89819597130062
133 136.1020881670534 504.0417633410673
134 409.5835266821346 487.4756380510441
135 955.3377101014904 530.6143389711699
136 445.67981438515085 244.24593967517401
137 401.77434714194754 563.2314661277564
138 164.2610208816706 158.10208816705335
139 622.3490608129465 826.8026171441508
140 315.2830626450116 508.8167053364269
141 255.7832542934551 564.5822523417746
142 145.65775943596628 683.8253513705656
143 240.75243816849874 605.7254918765082
150 515.0034802784223 468.8213457076566
151 77.10324825986083 187.12761020881672
187 686.767674905386 675.8101077968522
189 719.4399881385002 637.4913458792698
190 563.3624936153201 691.3053533449911
192 606.2527304543721 652.3640314150435
195 613.0986078886311 392.8538283062645
198 412.96171693735505 441.3967517401392
199 709.5058004640371 434.64501160092806
201 377.7203931660704 375.67635701277794
202 276.15424407288356 507.8992248318818
204 192.94547563805108 511.2111368909513
205 92.90249141803298 682.8478654411289
206 256.6357308584687 628.9837587006961
208 172.01392111368915 340.41763341067286
209 485.0487238979119 408.0556844547564
210 731.9511180419179 265.8909903962554
214 174.85621361175524 673.7837225856168
215 573.1357308584687 358.96055684454757
216 686.1163601532996 412.44302844314683
218 604.3225058004641 361.04408352668213
219 346.81579284262267 474.1124802796606
221 240.00116009280748 668.7285382830627
222 611.8979118329466 395.01160092807424
223 176.60540566959764 654.5798637442526
224 720.2615244341897 426.57697858808274
225 420.5696055684455 560.0742459396752
226 573.0169532467759 407.3537496675415
228 469.5199999123569 473.21993154351964
229 642.9199535962878 346.5568445475638
231 477.6629040034249 360.26598770766344
232 106.7389791183295 170.81670533642693
233 381.07542911263903 572.0873216196247
234 544.901392111369 197.13689095127611
235 611.4559274636788 384.75151006687736
236 315.44199535962883 200.51044083526682
237 240.677494199536 195.4570765661253
238 47.15610225286966 283.3953546787008
