# pedestrianID x y
1 712.5377160876124 633.7533542481881
2 711.6852409390196 630.3989355178719
3 388.61252900232023 373.6426914153132
4 337.72157772621813 471.13689095127614
5 628.8190255220418 655.3642691415314
7 160.2761020881671 597.9396751740139
9 727.3665661377058 258.7762748766523
11 163.2900232018562 518.4222737819025
12 162.00464037122973 499.2853828306265
13 483.4048723897912 113.06728538283062
14 636.0313225058005 221.14153132250578
15 633.1136890951276 205.60556844547563
16 553.475310033515 597.0461996924926
17 482.1809744779583 105.9675174013921
18 337.87470997679816 20.928074245939676
30 287.4482672798833 12.76244465082849
37 669.9941995359629 570.0696055684455
69 529.5342495621746 690.903911253483
80 27.35191896475114 287.77030980997245
83 665.4663573085847 532.969837587007
86 397.1345707656613 399.34106728538285
87 172.67633410672858 257.01160092807424
90 426.7146171693736 233.48491879350348
91 526.0742459396752 285.1322505800464
92 184.6067285382831 235.26682134570765
93 537.7157772621811 101.76334106728538
97 667.008120649652 268.13457076566124
108 151.10265447797292 671.5744309163305
111 475.7297540635966 18.460520303076454
114 274.54622163597355 8.176306099707624
118 318.71345984350415 10.496276314339289
120 161.0301624129931 666.046403712297
121 697.3689095127611 288.96055684454757
122 537.1299303944315 281.322505800464
124 722.07442975117 270.4930596452533
125 398.98143851508127 356.8816705336427
126 643.1738188561935 492.7110686078206
127 401.4918793503481 340.41763341067286
128 442.3155452436195 361.04408352668213
129 519.2830626450117 70.91879350348029
131 598.6921875996048 635.1973309502796
132 304.4559164733179 98.98375870069606
136 158.77911344921435 683.605441347427
148 508.6716937354989 180.5475638051044
149 98.72389791183298 233.48491879350348
157 315.8888344690617 18.08501436105015
163 593.1484918793503 156.5336426914153
166 121.43766641692008 632.0523852867541
171 233.1438515081207 202.20417633410673
172 400.93039443155453 369.42459396751735
173 318.28422273781905 450.4640371229698
174 232.72663934161795 377.0908061809188
175 167.1960556844548 264.40835266821347
176 460.062645011601 247.87006960556843
177 495.0431758537749 343.5983415282117
178 201.81202842795346 226.73137308603302
202 100.51304279109831 7.352117663845856
219 731.7094185619085 271.8459307142539
233 377.97097996005704 602.2680686771276
237 727.1079659732219 478.8655366471344
245 238.78962777075603 480.46550824650535
246 435.5369303858342 272.5287912192001
247 284.8235875819099 -738.4172370983875
248 275.68597995082695 89.8266024312866
249 594.455249619591 212.84808420986656
250 208.4993760624884 438.43005426660056
251 19.749284943131514 120.85128334634851
252 1107.7613421680385 639.268409290761
253 200.28464401737529 240.3021125741101
254 318.2376407205796 -27.989535038884245
255 498.83062645011603 628.9837587006961
