# pedestrianID x y
3 168.11860607555988 674.101607889328
7 125.61348027548638 692.0893734627492
19 103.75596825553146 646.823611559952
83 723.661911230489 641.9039179859041
86 190.50855666022568 651.4404920158892
91 577.6580768657956 645.2628988123668
92 88.26394031588059 690.8830271329267
93 576.9422867090782 642.6670981676602
94 579.7973846717559 657.448250007873
95 715.2783309706189 496.09793306498403
121 732.3032586038634 269.06229982740274
122 707.339025576269 276.0396256652523
125 191.91018757725854 645.5307299515571
126 731.3995937867487 476.58960097168483
127 198.92315266491752 625.3178132978265
128 139.97348997650022 692.4698952519466
129 711.4841777834259 624.8324133759081
131 582.7943378765791 683.4477927229732
148 229.51974396331582 631.2327077567309
149 169.03035672070325 666.454480944476
166 124.51674369603954 690.6884836346917
173 78.63756209246566 274.39651532556104
175 128.63335118523278 669.743792591428
178 135.23683428323326 683.4414621936405
179 258.3396857449461 577.8826678209906
180 131.99101682121784 603.2758794123627
181 715.261048461671 330.6155133927704
182 579.8705855564615 21.24854888930394
184 680.0895322220549 498.26141723742734
185 449.78845564297086 206.56282102027788
233 732.473287362791 336.00774725932615
245 406.32549843458963 423.9981974752757
246 403.8808949372477 419.33326686724007
247 407.89202294705234 426.6345439625954
248 409.6666118373916 428.90205381129647
249 366.5041959590379 429.33658688683806
251 620.453318802703 291.65941094019473
252 120.32397574162431 17.061052887616615
253 412.7783067770426 434.7208994459065
254 412.24926121017944 433.039235740403
255 127.86574712394844 108.69960148510403
256 451.9457980884164 237.36151158782187
257 617.8021855077354 657.9303028474122
258 194.6469075224393 570.7559400384979
259 139.7217746073341 470.64899003062027
260 684.1123276529136 474.1255079548698
261 139.7378238759374 447.7718475893663
262 86.90643729468722 241.43085050045946
264 190.624123450163 426.5088099483111
265 550.7475950792104 429.34217042695997
266 644.5281296276638 224.28881375941063
267 540.3400937158173 208.35871099534506
268 170.7855651806877 559.7335753935687
269 206.6729703189308 206.39556748072107
270 133.9807924010962 193.36774739547664
271 543.5762778934624 424.268456334613
272 581.425892240609 158.20060250665196
273 580.058300243638 52.37276895827069
