# pedestrianID x y
20 371.00464037122975 147.22041763341068
21 535.084686774942 154.96983758700696
22 498.96983758700696 169.21113689095125
23 467.7308584686775 105.9675174013921
24 596.877030162413 89.4013921113689
25 388.75986078886314 30.951276102088165
40 665.1948955916473 277.53132250580046
41 632.5498839907193 198.82134570765663
42 619.1345707656612 153.4106728538283
43 615.1856148491879 166.0139211136891
44 588.8271461716938 164.42227378190256
45 535.0011600928075 142.62645011600927
46 452.97563805104414 177.28538283062645
47 419.7076400192934 175.69482601660658
48 524.8619489559165 124.66821345707656
49 447.054524361949 183.82830626450115
50 494.1113689095128 147.22041763341068
51 709.3573085846867 613.3781902552204
52 461.46055684454757 96.22273781902553
53 451.93851508120656 167.61020881670532
54 416.84802784222745 64.53828306264502
55 455.75522041763344 67.07656612529003
56 386.7018561484919 15.522041763341068
57 300.008120649652 5.05800464037123
99 464.70272016944045 103.12123970215931
101 558.4396751740139 610.7935034802784
102 720.7784222737819 257.01160092807424
133 193.04640371229704 382.13457076566124
134 408.931554524362 520.8352668213457
135 560.0417633410673 644.7563805104407
136 290.3584686774942 24.22737819025522
137 523.309063857763 658.5482737826048
139 541.3059251211852 679.628427073248
150 316.6299303944316 610.7935034802784
151 268.8248479897195 1151.9006226949468
187 681.8515081206497 557.5870069605569
189 682.7192575406033 552.6264501160093
190 527.5794557721014 668.8095238540648
192 675.3491879350348 530.5336426914153
195 404.83178654292345 496.91415313225053
197 621.0600568057591 683.9079954103931
198 393.5255220417634 445.92111368909514
199 668.0580046403713 528.1020881670534
201 438.97679814385157 356.8816705336427
204 159.07192575406037 296.67285382830624
205 75.18329466357312 608.2134570765661
206 240.9733178654293 455.02552204176334
207 570.2320185614849 587.7401392111368
208 306.8735498839908 210.74245939675174
209 443.9396751740139 504.0417633410673
210 703.5640468976543 269.0055629468155
214 200.6438515081207 540.3062645011601
215 407.3967517401393 471.13689095127614
216 406.277623006166 240.2006561628702
217 461.63689095127614 392.8538283062645
218 355.98607888631096 504.0417633410673
219 292.84338747099775 473.45707656612524
220 177.10324825986083 570.0696055684455
221 230.139211136891 513.6102088167054
222 566.4837587006961 432.40371229698377
223 178.4408352668214 537.8561484918793
224 621.4025522041763 275.6426914153132
225 262.9837587006961 443.6566125290023
226 422.139211136891 466.5104408352668
227 190.52900232018567 597.9396751740139
228 345.48027842227384 572.5800464037123
229 464.9965197215778 464.20417633410676
230 463.98607888631096 425.70765661252904
231 430.25058004640374 172.42691415313226
232 221.37703016241304 180.5475638051044
233 266.07203100984924 503.19262195285637
234 274.52970450130766 66.87831455479599
235 632.4976811155742 465.2996805774465
