# pedestrianID x y
27 555.3097447795824 88.05104408352668
28 470.0974477958237 70.91879350348029
39 104.54060324825988 312.3201856148492
47 601.6285744973601 690.4373119883255
49 283.74709976798147 628.9837587006961
57 615.4710137248197 685.7531351426586
58 48.36499183089994 177.68648896082783
60 169.36658932714622 348.6125290023202
62 557.4002320185616 367.32250580046406
64 723.4849187935035 386.40835266821347
65 598.745939675174 401.5127610208816
66 730.0165950262706 259.22676090016023
67 556.4222737819026 320.2552204176334
69 307.11751374330896 110.215233716557
70 335.9002320185615 129.09512761020883
72 488.03828306264506 283.2250580046404
73 196.20997679814388 615.9675174013921
74 554.8561484918794 78.72853828306265
75 597.6148491879351 623.7633410672854
76 475.95243619489565 90.75638051044085
77 439.12353477275803 5.8870197650747755
78 85.63770732883374 691.3205238005603
96 512.5858468677495 397.17401392111367
100 557.3167053364269 174.04176334106728
103 178.92227378190262 271.8793503480278
106 555.4037122969838 304.45939675174014
107 244.8930049789797 410.02813520987286
108 376.7819025522042 126.13921113689095
109 487.54570037896923 774.0509593569518
110 365.071337680952 527.6940769576562
111 378.47563805104414 542.7610208816706
112 393.4582366589328 516.0139211136891
113 355.7726218097448 144.15313225058006
114 72.57278158712823 952.8627275500354
115 316.1438515081207 547.6844547563805
116 126.76566125290026 676.8027842227378
117 369.5962877030163 513.6102088167054
131 390.55568445475643 193.78190255220417
133 130.74068239817345 669.059969755205
134 631.6241299303945 390.70069605568443
135 724.9729620764135 314.6830040256967
136 528.1102088167054 436.8909512761021
137 599.6102088167054 212.4640371229698
138 170.55684454756383 547.6844547563805
139 286.12761020881675 215.92111368909514
141 563.4106728538284 202.20417633410673
142 695.6614983761696 470.4173260584455
143 392.71949967124294 345.19435704830136
144 556.1102088167054 318.26450116009283
145 360.4858614207559 373.6855766860068
146 478.5580046403713 468.8213457076566
150 712.3157326541692 470.9571715066352
152 67.40139211136892 332.2969837587007
153 510.7389791183295 380.00464037122964
154 449.5255220417634 482.78422273781905
155 363.83062645011603 395.01160092807424
156 352.5684454756381 528.1020881670534
157 319.1740139211137 485.1276102088167
158 310.13341067285387 511.2111368909513
159 317.1287703016242 585.2018561484919
160 266.26402742182626 611.32156661003
161 154.8104425861574 682.0024664668056
163 21.279141800362225 271.0457282705819
198 707.808584686775 310.34802784222734
199 732.2273674523104 442.3633456652074
201 502.262180974478 373.6426914153132
202 207.62180974477963 229.9350348027842
204 147.92604648520935 666.8085581279673
206 145.63992229156614 686.2716495888843
208 225.41415313225062 35.52668213457076
215 709.0131082015729 280.195060547959
216 722.8936980724975 455.22831669506974
219 674.380376963315 320.23616424750213
225 556.6940084136586 683.0267052913883
226 727.364655128735 241.55668207015736
228 727.5690264638478 274.1720734351705
229 723.0017160509501 277.0429221414442
231 580.8656918491681 632.1359757695016
233 523.2744954896158 469.0523903104826
235 474.45127610208823 170.81670533642693
237 568.8990719257541 530.5336426914153
238 443.5574474714797 9.524735834068633
239 619.262180974478 266.26914153132253
240 617.2180974477958 147.22041763341068
241 472.3874709976799 185.4756380510441
242 461.97911832946636 175.661252900232
243 407.4749501827582 311.1295100890331
244 481.16125290023206 459.6055684454757
