# pedestrianID x y
3 145.43714970674083 687.5587640878779
19 119.28902591153799 685.6581617393724
83 732.1849007787897 648.747709440858
86 157.31386580870623 675.9993527485598
91 577.5613391413294 679.2742588112682
93 577.3086450890612 680.6813385420915
94 578.1011944131309 688.7585123572467
122 725.3541677748268 270.0060128155644
125 158.73640906347524 672.2368013209116
127 165.08581560585125 658.8006563154177
129 731.2522460878334 645.7482387564671
131 580.2426560684005 691.1983679971923
148 166.96786134204496 672.3178396500834
149 134.7597451784942 692.1578557621158
173 44.46413097786106 274.6581368582847
175 126.16237535167555 690.2659936287721
179 176.02263547961343 654.0334109512526
180 126.96310259852966 673.8751489088522
181 730.801258052693 288.83267581224635
184 726.4426793717679 480.13835068152844
185 458.6605213145704 62.71796163105733
245 468.32442570728705 524.5394121442382
246 456.0956500428983 502.80010402270284
247 471.37648297214764 526.9616616682945
248 476.2655869361564 537.5589786831688
249 267.56944656367824 541.3347270726639
251 677.3314501138548 279.3051071307681
253 490.91991727557604 560.1492460670917
254 488.2273904809416 554.7841673271511
255 103.96773990168572 36.311833908776535
256 459.02230708508506 78.77595978846067
257 586.7916742229937 690.1862368200503
258 145.8068513628072 660.8599684552154
259 129.06971959428637 637.2334396208095
261 129.17770216505087 632.397741948304
262 11.567919653545099 270.5288259678961
264 58.01264015226327 321.2427017007043
265 729.5449462853918 472.4840529298299
266 723.8223093870894 258.19794615104723
267 692.0201052437449 251.40379331453008
268 133.89702040448242 673.2544354306491
269 30.87268397461596 265.22525230654844
270 19.479536325802915 263.05444717376923
271 573.7512076245193 670.0743238097801
272 728.0792449578561 256.8833076523823
273 730.0007218177581 64.20832714332539
