# pedestrianID x y
125 134.93417433673557 691.7358964941586
127 138.916540543259 685.7452367278933
173 15.888796603138912 274.87596944049005
179 135.0743581449194 691.1409100909491
185 461.9578035067289 8.779380396747033
245 523.2344619584014 612.4854439285318
246 507.6887274441088 585.4179120481836
247 525.8552492843859 614.9601657091612
248 530.9313957803947 625.9877332153478
249 189.68422581024745 627.9362661084272
251 718.9894803628381 269.78475492261504
253 544.4711452918359 646.4045651321378
254 542.3670153653677 643.370591527034
256 461.91225172710097 13.001831712924679
259 125.49740073501478 692.1212301814378
261 125.56122898927988 690.8009192251491
264 9.034568630257757 282.35374722177994
