# pedestrianID x y
3 146.2308185432645 687.1108847995515
19 118.93399254797167 684.7255032440953
83 731.8990554570671 648.5027892555422
86 158.48759650261744 675.1406719037738
91 577.5641145474216 678.3366787800403
93 577.298436962582 679.6128685034697
94 578.1376382768304 687.9849249689929
122 724.7617419310453 270.19098399452344
125 159.90791663988202 671.2739333633928
127 166.2401738194718 657.5359332781727
129 730.7230797413949 645.2192773599759
131 580.3297454421736 690.9266565007781
148 168.8587777816598 671.1246207529775
149 135.4746340182746 691.5922091410305
173 45.55653343645936 274.64937570874616
175 126.23085197701083 689.7008066013697
179 178.27623216390145 652.0060266749826
180 127.08096088057334 672.2371070468494
181 730.3471058685669 289.9881625514085
182 623.8588840769895 7.586791428037119
184 725.4829193820549 480.55090775775074
185 458.42541749091953 66.13881647878024
245 466.0294595029488 520.9600617629352
246 454.1312621088984 499.4907676646053
247 469.2065225570384 523.482772026899
248 474.01145846925954 533.4142811960394
249 270.8054610550138 537.7875811836544
251 675.3846999144185 279.74694707130567
253 488.4185516965564 555.8945407260384
254 485.84127563839144 550.7127209817032
255 104.57227245178456 38.419135643286644
256 458.82601270286744 82.48379868071109
257 587.3762543421282 689.4928034552061
258 147.02127453980003 658.5262918714941
259 129.30273246822873 633.5034297438065
261 129.40435498160835 628.5964275000177
262 12.663401235148205 270.1032738380533
264 60.81136399396486 323.8796535966018
265 728.0545160136921 472.12456200859515
266 722.383203099857 257.66103462392454
267 689.094268335467 250.6186264646554
268 134.63244057921915 671.1900984517182
269 33.48537563050862 264.3865147143914
270 21.04269555481017 262.0136249291388
271 573.3939188711374 667.2369751849823
272 726.5753898033973 255.96268300169072
273 728.5808454372004 64.09833232187344
