# pedestrianID x y
1 719.3197780790663 638.9721138499623
2 718.3754605073856 636.3359443185988
3 347.800464037123 443.6566125290023
4 293.0649651972158 513.6102088167054
7 130.1886694940704 630.3507024550521
9 732.351893698646 261.24220266583814
11 145.4941995359629 603.0672853828306
12 141.8190255220418 587.7401392111368
13 567.3491879350348 161.25290023201856
14 664.1798143851508 180.5475638051044
15 704.3039443155453 215.92111368909514
16 571.1276102088168 628.9837587006961
17 565.8225058004641 154.96983758700696
18 252.8201856148492 85.36426914153132
19 74.47237828488551 37.618178051454905
30 285.45499290766827 10.112654479753866
37 675.9582366589327 628.9837587006961
69 536.5394232741803 692.243130391819
80 21.99302783994315 285.3814119459204
83 675.0986078886311 590.2830626450117
86 394.59048723897916 423.4849187935035
87 171.6218097447796 332.2969837587007
90 371.3236658932715 164.42227378190256
91 563.6937354988399 328.26450116009283
92 183.63225058004645 310.34802784222734
93 639.5904872389791 161.25290023201856
94 472.0730858468678 22.023201856148493
97 669.0696055684455 212.4640371229698
108 146.9095481500364 676.0753315468532
111 473.34654654584983 15.235751373500749
118 310.16327431591986 8.411172169288673
121 704.4285281646356 283.7092850109099
122 580.0174013921114 318.26450116009283
124 727.3307379639828 268.8881480034838
125 362.36542923433876 419.0533642691415
126 665.4116170456172 488.5780324375155
127 422.69884295573866 320.5245211414763
128 396.792343387471 445.92111368909514
129 615.4570765661254 126.13921113689095
131 595.6892598693421 643.6384076748197
132 250.09976798143856 25.33642691415313
136 154.47559053941592 685.5528888861927
148 473.6264501160093 270.0046403712297
149 86.68329466357312 298.6125290023202
157 310.84298126028415 15.712225187750034
163 703.7111368909514 214.1902552204176
166 122.14034002956119 645.6249537063145
171 203.5591647331787 120.2830626450116
172 379.53663580705654 422.3725228645468
173 279.61832946635735 436.8909512761021
174 228.823602489929 395.8028360761093
175 165.28886310904878 334.32018561484915
176 489.5578055623215 253.1804809373345
177 450.83062645011603 255.1740139211137
178 163.62412993039447 356.8816705336427
179 463.19570741745935 36.127241759081414
233 359.8457602524753 618.9841047580358
237 729.1308248375638 478.2317644947576
245 227.13621051407034 491.20725803694796
246 438.5646288546438 268.2545368078831
247 279.62031768710125 -808.7514298491471
248 198.14716827512652 -143.98754663481947
249 624.1249021831933 192.34615481681953
250 187.38629913677562 441.00524862576
251 -161.54760430579663 -26.916567269743453
252 418.062645011601 537.8561484918793
253 181.12910973620663 226.56087433531746
254 299.7365598570705 -177.801123371932
255 446.0719257540604 582.6682134570766
256 138.9512761020882 666.046403712297
