# pedestrianID x y
1 382.0777262180975 136.56612529002322
2 381.7285382830627 126.13921113689095
30 148.26329321453323 581.7002695240778
49 176.62753918781414 677.1337201863289
67 625.9447626751289 19.797615061102945
69 361.2958236658933 575.0951276102088
70 633.707656612529 175.661252900232
72 641.2679814385151 246.05568445475637
73 671.0092807424594 390.70069605568443
77 728.1154208074224 274.01223785750875
78 206.02436194895597 363.1322505800464
79 221.87703016241304 328.26450116009283
80 226.0638051044084 249.6890951276102
81 635.6542923433875 240.64037122969836
82 666.6542923433875 192.11136890951275
83 558.3921113689096 178.9141531322506
85 44.05568445475643 86.70533642691416
96 711.863439101182 278.46193911281676
97 229.9023720462725 673.6919184232821
98 618.7813238030963 691.4023552217071
100 635.2730673645934 36.92696166351805
108 316.5034529792041 486.4256673411571
109 639.9802784222738 13.39211136890951
111 548.5475638051045 182.18561484918794
112 455.0649651972158 129.09512761020883
114 203.1821345707657 187.12761020881672
115 270.5150812064966 258.8538283062645
116 597.1276102088168 421.2668213457076
117 382.838747099768 90.75638051044085
118 571.1113689095127 682.2088167053364
120 242.24709976798147 354.8074245939675
121 205.6067285382831 224.6450116009281
122 73.00348027842233 636.8491879350348
123 236.78074245939678 516.0139211136891
124 179.29104560563002 648.2714785310245
131 330.87367500870363 369.9264154555562
132 324.87866566014264 535.7865481432818
133 126.57712965153873 691.3975298050545
134 716.0278422273782 369.42459396751735
136 213.07540603248265 631.6009280742459
138 140.5317546360362 671.9309904437729
139 300.36658932714624 76.10672853828305
141 601.457289377026 30.926449580650715
143 642.6740139211138 246.05568445475637
144 616.2895846842453 17.610948252173504
145 465.95243619489565 54.5707656612529
146 686.7747042255925 272.06611032546624
147 449.3522896230576 442.3342288114788
152 100.99651972157778 17.670533642691414
154 472.0881670533643 63.27610208816705
155 297.4129930394432 97.60092807424593
156 560.0747225738639 308.6172086089221
157 471.0440835266822 336.3480278422274
158 690.4988399071926 386.40835266821347
159 438.470300592603 577.2664757183635
160 709.453596287703 338.3805104408353
161 318.17981438515085 455.02552204176334
162 86.17865429234342 14.454756380510442
163 254.83526682134573 528.1020881670534
164 401.2714617169374 489.8283062645012
165 214.38747099767986 356.8816705336427
166 136.4883990719258 177.28538283062645
167 138.58968451725713 331.120216864851
168 210.93993762128102 570.7683283287103
169 513.0350880206693 634.8360831121627
201 605.3375870069606 658.0278422273782
202 138.45843956486624 42.0637315888517
204 131.73799361062052 690.1938709819123
215 728.7081176137016 270.4134342725326
219 710.3075650342673 290.3175117243794
231 578.3852524903803 682.3939051725814
233 487.4884981506419 502.09124435753944
237 659.1551020284561 499.8461979687224
243 471.4559164733179 358.96055684454757
245 110.40487238979122 283.2250580046404
246 331.53748936599897 123.72670808924006
