# pedestrianID x y
1 693.8124794788932 619.2975639411393
2 691.674142543506 613.4698653970714
3 400.0394431554525 390.70069605568443
4 401.6832946635731 392.8538283062645
5 586.2099767981439 545.2204176334106
6 728.6427121193636 254.15351602125605
7 303.69373549883994 499.2853828306265
9 706.2431081565878 248.4373582976728
11 206.96751740139214 340.41763341067286
12 203.80742459396757 328.26450116009283
13 369.80858468677496 5.05800464037123
14 468.50696055684455 127.61484918793502
15 471.4686774941996 114.50116009280742
16 578.6890951276102 666.046403712297
30 292.71328676590934 19.4848368282501
34 725.6392111368909 210.74245939675174
35 725.1740139211138 202.20417633410673
36 632.8607888631091 300.5568445475638
37 652.0255220417635 448.19025522041767
38 559.0487238979118 153.4106728538283
69 512.6237719224678 687.7365631615615
72 730.47278009875 266.42701206759443
80 41.76899366826957 294.39040405578953
83 649.3364269141532 416.8445475638051
86 399.37819025522043 369.42459396751735
87 239.5916473317866 117.38283062645012
90 489.0046403712297 365.22505800464035
91 417.50000000000006 197.13689095127611
92 250.79002320185617 98.98375870069606
97 650.8352668213457 369.42459396751735
108 160.84359151341093 660.5547870090599
111 481.47662150041106 26.63115473615447
114 272.78154065317443 12.99391307131684
118 341.3512662707248 16.004979887604748
120 245.3665893271462 572.5800464037123
121 642.0452436194896 342.4593967517402
122 435.2916147472838 203.6723763695322
124 705.2675685530205 275.6239518265084
125 492.6716937354989 207.31322505800466
126 576.1728538283063 506.42691415313226
127 555.3475240801339 139.38002753286906
128 421.0638051044084 190.44547563805105
131 605.5302337914295 613.8663677077174
132 380.8550716959596 122.35525774640121
136 168.30743978644995 679.0768034121368
141 634.7673375258732 8.697946344026303
147 512.9141531322506 12.334106728538282
148 380.5487238979119 37.84222737819026
157 327.42548926602944 23.685469528747436
159 202.477958236659 36.682134570765655
163 356.4088312707184 214.9372219079096
166 119.54503985368672 595.6198148299706
168 373.8233350860705 98.11764449033696
171 261.677494199536 340.41763341067286
172 425.14617169373554 542.7610208816706
173 282.87587006960564 473.45707656612524
174 239.00000000000003 356.8816705336427
175 233.82654713106254 78.77274811477093
176 580.2818739962424 435.4453519754463
177 571.7367596224825 677.0119566998651
202 103.41863673261015 9.99207061520204
219 729.6320110516473 273.5537121863846
233 406.08799099283556 576.3846622835671
237 722.0148316478262 480.36153041428355
245 258.53432650451657 462.55204111564785
246 430.2069543737065 279.8491973871153
247 294.5285706197252 -609.6899320535175
248 315.5788863109049 197.13689095127611
249 547.3559695342409 244.1410877232975
250 279.9419953596288 430.1670533642691
251 251.40200084617717 302.3909234208417
252 632.9187935034804 592.830626450116
253 231.6378894217554 263.25871887990013
254 350.80394431554527 127.61484918793502
