# pedestrianID x y
1 700.3562189060514 624.4476113885402
2 698.5675772052782 619.8449228371527
3 379.9187935034803 412.4408352668213
4 383.15661252900236 414.6403712296984
5 603.9965197215778 575.0951276102088
6 731.2192589759762 256.67873981955756
7 263.53248259860794 525.675174013921
9 714.7679022933642 252.66810910947558
11 193.42343387471 392.8538283062645
12 189.91415313225062 382.13457076566124
13 383.792343387471 37.84222737819026
14 514.1716937354988 159.6751740139211
15 512.8596287703017 145.6844547563805
16 574.3329466357309 642.1160092807426
17 385.35962877030164 27.56844547563805
30 291.0342439652906 17.27461011392797
36 658.4466357308585 290.88167053364265
37 661.2575406032483 480.44547563805105
38 622.477958236659 182.18561484918794
69 517.8987225344741 688.7016288236698
72 731.3993102198245 266.2783777793481
80 36.737488366817736 292.20002617099493
83 660.2041763341067 448.19025522041767
86 382.692202831948 381.73839691054184
87 215.67633410672858 158.10208816705335
90 477.6740139211137 326.25522041763344
91 447.85498839907194 221.14153132250578
92 228.7575406032483 139.58700696055683
93 406.70765661252904 18.751740139211137
97 667.4431554524363 340.41763341067286
108 157.90543386539238 664.0344287314382
111 479.61727998188877 23.99482115484709
114 273.359256521161 11.404399933213703
118 333.80842057985245 14.139821195519605
120 210.29350348027847 595.3828306264501
121 675.1426914153133 322.25058004640374
122 430.3521766559168 200.71089347197258
124 711.4257893193433 273.8323368824509
125 476.34802784222745 255.1740139211137
126 598.0601947723518 500.37198466740193
127 474.3642691415314 237.05336426914153
128 438.13158167637056 228.26182917891867
129 406.2262180974478 5.05800464037123
131 603.3374718692486 620.7619218797367
132 381.76567918412104 121.8654162969174
136 165.33651031497183 680.4906878014191
141 635.7042990416963 8.044793768026242
148 438.5742459396752 74.80278422273781
149 23.802669225127246 254.05665103640055
157 323.65285656907236 21.945412092180696
159 169.61484918793508 12.334106728538282
163 326.645469701258 225.15565646493974
166 120.18597115823876 607.4503849781603
168 384.19029273157736 105.85435162180295
171 252.74477958236662 300.5568445475638
172 393.4582366589328 516.0139211136891
173 278.90856594698255 467.89218963302034
174 236.974936806749 356.9369906144032
175 190.6624129930395 161.25290023201856
176 533.5870748057496 372.29060245518764
177 548.8451350635049 583.1710301207869
178 263.5568133891925 38.70685880131784
202 102.48779755890111 9.172130193832068
219 730.2864221381386 273.0002333406824
233 398.35369214677894 583.2600761357047
237 723.6353806655119 479.8863437616946
245 253.20398290404606 467.28627775734844
246 431.71417344251887 277.69096971845175
247 291.70149751041237 -648.4442365585377
248 306.1942917232577 184.91716384456157
249 558.8039563823313 235.9890114043755
250 248.15197215777266 445.92111368909514
251 220.8856008186125 280.1174106505996
252 683.1010233335656 581.4616600934839
253 223.51726735157544 257.3800601562898
254 338.0147987842178 127.3849375070109
