# pedestrianID x y
3 207.3203763145783 650.196988735671
7 126.59822375959182 678.6725312375299
11 126.13319969438571 687.2596068109424
14 725.268797428079 247.89127416557136
16 435.7204176334107 242.44083526682135
18 87.51856148491885 217.65661252900233
19 102.38977248905572 426.4031012647883
80 7.655379070423444 278.64011803690903
83 709.9440686711093 630.4435058376803
86 246.54178183274766 610.1747496629705
87 76.63225058004645 636.8491879350348
91 577.872757305417 570.4034420682993
92 85.1821345707657 600.5011600928074
93 510.31786542923436 390.70069605568443
94 513.0475638051045 401.5127610208816
95 695.0556844547564 399.34106728538285
108 135.03537708784398 689.1022686919152
121 724.6024787070879 272.99779020282665
122 674.0691676475833 287.114591605539
125 248.52536944657305 599.8708540124693
126 717.2300408012859 479.13284521064514
127 251.48167081319173 571.9949880965926
128 163.47264252626178 680.8241096976711
129 711.6368909512762 436.8909512761021
130 460.4083526682135 251.5127610208817
131 586.6118797077123 671.4801435563079
136 140.85035391747596 692.1938366197568
148 456.60788863109053 518.4222737819025
149 -244.85827644670226 -52.71173986201655
157 294.8181539712509 8.1608329986626
166 123.94852762121644 679.573319710676
172 256.41183294663574 1.0023201856148491
173 130.5950451826247 274.0049506776475
175 134.87716611138686 616.7901353057086
178 148.41763341067292 644.7563805104407
179 418.7942299513046 309.9869221910297
180 172.63109048723902 408.0556844547564
181 637.8515081206497 316.2784222737819
182 501.87470997679816 266.26914153132253
183 429.74593967517404 217.65661252900233
184 548.1948955916474 356.8816705336427
185 447.95243619489565 455.02552204176334
186 329.22905601535257 678.7737958510961
233 180.09120900607468 785.6934353522704
245 150.91814371343997 559.267945336602
246 455.1406831323093 245.4435912639603
247 257.40388205959016 -1110.0419386525389
248 59.71832661118983 -562.6977116696485
249 797.0126163278347 73.5911700021585
250 180.73781902552207 129.09512761020883
251 408.24309876324327 445.6470720820077
252 189.98607888631093 255.1740139211137
253 66.62044705207153 141.18121499645332
254 241.65712282443488 -650.8031872415512
255 196.04060324825988 294.73781902552207
256 383.92807424593974 457.3132250580046
257 501.2946635730859 395.01160092807424
258 473.55568445475643 298.6125290023202
259 159.33990719257545 200.51044083526682
261 147.53132250580052 169.21113689095125
262 301.8433874709977 72.20881670533643
263 594.7668213457077 28.691415313225058
264 493.4814385150812 555.1044083526682
265 500.7436194895592 605.6380510440835
266 536.8155452436195 49.698375870069604
267 302.7587006960557 105.9675174013921
268 374.7111368909513 57.03480278422274
269 342.43735498839914 7.11368909512761
