# pedestrianID x y
3 179.58985986726077 667.0795668455318
7 125.87377235351975 688.503789836878
16 268.10324825986083 37.84222737819026
19 112.8607888631091 592.830626450116
83 719.5096263882058 638.48167892508
86 207.41172335277457 639.4203403309513
91 577.7161349002582 625.4424410465543
92 73.50875120577584 687.0960256355856
93 570.0127610208817 570.0696055684455
94 576.6983758700696 597.9396751740139
95 691.2516805710909 516.8322875514903
121 730.0245998145467 270.17630035456494
122 697.6604552058369 279.28586918702547
125 208.8569786076514 632.7386522883492
126 727.6072432885567 477.27564960800987
127 214.69054078588778 609.304598211342
128 146.2114324958522 689.3251712791871
129 698.5962877030163 613.3781902552204
131 583.9806565458186 679.6742764745068
148 275.2262180974478 615.9675174013921
149 194.7533191805587 647.2044269590153
166 124.35229537257305 687.5713129894033
173 94.70436828256298 274.27467595334986
175 130.25710447609492 656.56998300242
178 139.16848345760718 677.4722416857683
179 336.6480515519976 507.97811719497525
180 135.9877493219779 546.7981661424851
181 658.9141531322507 336.3480278422274
182 560.6450116009281 78.72853828306265
183 282.6287703016242 34.37587006960557
184 643.2285382830627 492.1856148491879
185 452.09860788863114 306.41763341067286
233 677.5881670533643 338.3805104408353
245 100.30709539948079 605.319259058883
246 465.58706686251827 231.04729687495353
247 246.41233980530473 -1257.3511361167773
248 6.665838915512425 -723.9615639117782
249 894.1411283081602 11.01894461429
251 537.0429234338748 310.34802784222734
252 131.75870069605574 73.50348027842227
253 -4.1887670833552475 87.40957513763989
254 217.5410738875719 -852.9272491100296
255 144.20573273209232 158.16069386631239
256 438.723897911833 352.737819025522
257 652.2134570765661 603.0672853828306
258 263.4640371229699 494.54756380510446
259 146.07424593967522 361.04408352668213
260 641.3967517401393 532.969837587007
261 145.40487238979122 326.25522041763344
262 206.882687313467 195.00229954873734
263 713.9245939675175 130.58004640371232
264 328.4664924148106 540.0994769701998
265 451.1020881670534 452.74245939675177
266 540.5916473317866 162.83526682134573
267 394.08584686774947 182.18561484918794
268 213.39550563159438 439.1484638360851
269 390.6496519721578 132.06960556844547
270 231.7296983758701 136.56612529002322
271 515.748259860789 161.25290023201856
