# pedestrianID x y
3 178.72953686740047 667.6089616689029
7 125.85380575785773 688.7566762669528
16 262.1589327146172 28.691415313225058
19 112.22737819025528 597.9396751740139
83 719.815506130294 638.737327360986
86 206.1203018872855 640.3295829427971
91 577.7118918660337 626.7337698279053
92 74.6032610838961 687.3597294921623
93 571.4338747099769 582.6682134570766
94 576.9872389791184 600.5011600928074
95 693.3663427321967 515.1318558611432
121 730.1866715207025 270.09992638805875
122 698.4082526387018 279.0506365225333
125 207.65079490904398 633.5687374352402
126 727.9074788789586 477.22612836431284
127 213.50283148762412 610.359049940017
128 145.74168114978713 689.5658399378642
129 699.0964487852106 611.7302524795377
131 583.8924615438854 679.9536887169035
148 266.13225058004645 618.5614849187934
149 192.94217898429503 648.9703327173025
166 124.36431730183513 687.8088637121921
173 93.60039161430215 274.28278627634137
175 130.12049173347333 657.5791884803931
178 138.89978948085894 677.930505302859
179 337.90864247077536 506.8266601953399
180 135.67750539677502 551.5997036555932
181 663.4593967517402 336.3480278422274
182 562.4431554524363 73.50348027842227
183 273.84802784222745 28.691415313225058
184 647.393271461717 496.91415313225053
185 451.64269141531327 300.5568445475638
233 683.155452436195 336.3480278422274
245 98.26280391262235 607.3221656508023
246 466.0311233074514 230.50533783374544
247 246.00004786111052 -1263.4146703380225
248 4.78513440026318 -729.1364995488273
249 897.9353843257513 8.80000496580184
251 544.1716937354988 308.3805104408353
252 130.38863109048728 64.53828306264502
253 -7.319017447781641 85.10029033773137
254 216.58311252982233 -859.6888087096152
255 142.8328969539827 153.78452358861193
256 442.7911832946636 344.5058004640371
257 651.5812064965198 610.7935034802784
258 256.4640371229699 499.2853828306265
259 145.131090487239 367.32250580046406
260 640.6241299303945 528.1020881670534
261 144.11020881670538 334.32018561484915
262 193.53457423285883 200.1670250859154
263 716.5116009280744 133.56380510440835
264 314.0090419836167 530.1160000967081
265 452.46635730858475 448.19025522041767
266 549.3863109048724 167.61020881670532
267 403.41183294663574 183.82830626450115
268 209.1923475121926 449.155706965032
269 382.02784222737824 135.06264501160092
270 224.74477958236662 141.1044083526682
271 516.3259860788863 164.42227378190256
272 359.6716937354989 3.020881670533643
