# pedestrianID x y
3 142.12801244584355 689.5748900481843
19 120.8493915281454 689.5399046173989
86 152.30540457572994 679.8291413005323
91 577.5483718794998 683.5278303372102
93 577.3535326503535 685.2762090483053
94 577.9293876483849 691.94019073997
122 727.9460505852719 269.12382716193554
125 153.45240547979697 676.4643888982483
127 159.54597510798249 664.3827097799978
131 579.8362027832819 692.5049661302434
148 158.93101319865985 677.8465447265955
173 38.637062718525655 274.7016999140979
179 165.67104178412654 663.7751617615469
180 126.41551766487493 680.8227870592985
184 730.6859728428228 478.5586587620597
185 459.5729242718493 47.71511289218655
245 479.05152835178467 541.5351194309774
246 465.4711790635429 517.8601361484366
247 481.58026866535624 543.7605919656467
248 487.01872582764355 555.3882985497706
249 251.84569670438674 558.706120199932
251 686.1551191369562 277.3261727779837
253 502.29179284989226 578.0681737059746
254 499.5646252307149 573.2298466598446
255 101.36680264146712 28.020187452285317
256 459.7723676091917 61.12250356039937
258 140.89316316768077 670.7456670191781
259 128.0244447227033 653.1233141882026
261 128.1640741300838 649.1759151633763
264 44.55456511954257 310.57146884304916
266 729.2503986442008 260.4930754763227
267 705.0282329095772 254.99291285886133
268 130.98333255924936 681.6530232110649
269 20.53788553683388 268.4957002384706
270 12.691980222337055 267.1820919532033
271 575.1768294412431 681.3214765940754
