# pedestrianID x y
86 135.31665231753098 692.3903751479237
125 135.99626174505374 690.8386106786115
127 140.2572270294518 684.3584568540638
173 17.35019341762031 274.86450822257706
179 136.54603179597567 689.827096014853
185 461.86207318797165 10.389393289879154
245 520.0283746122379 607.5580499282374
246 504.4009925787772 580.2808796784636
247 522.6453737491635 609.9632005315871
248 527.9492587443464 620.9956042190996
249 193.76593686457176 623.2241447196096
251 716.9470347938928 270.26399176968397
253 541.6947198360074 642.0399457289176
254 539.4927045167732 638.7165507162985
256 461.8179789830587 15.134462004554694
259 125.59095286603444 690.6233447469083
261 125.66041879700515 689.1036131053261
264 10.563572372180806 283.57768470861845
