# pedestrianID x y
3 214.52793878329453 645.8977538394447
4 148.69721577726222 679.5034802784223
7 126.80741711500114 675.8349435128082
11 126.31886870732482 685.2586012008202
14 722.5333942782447 244.50980452848012
16 450.8828306264502 290.88167053364265
18 136.6345707656613 193.78190255220417
19 107.8496214641624 430.98266911595044
80 8.545416504568824 279.0751252753265
83 707.5034660222987 628.6179134420968
86 257.1635675366123 602.5753414591853
87 89.14965197215781 610.7935034802784
91 580.7888631090487 557.5870069605569
92 96.81090487238981 580.1392111368909
93 517.732018561485 346.5568445475638
94 495.89327146171695 356.8816705336427
95 699.9640371229698 354.8074245939675
108 135.8484348617138 688.2122320952532
121 723.2956506208826 273.7332165898642
122 667.6903650420911 289.29766131769645
125 258.71589214693955 591.5277842210901
126 714.3531643645568 479.6411305612478
127 261.5160344373066 561.9178753253985
128 168.42832932233551 678.2474286289531
129 716.6960556844548 390.70069605568443
130 441.8723897911833 308.3805104408353
131 587.2912584516052 669.4684585712142
136 141.91177840435623 691.6766899106833
148 487.0058004640372 492.1856148491879
149 -185.0920509977204 31.165066811376363
157 296.04624638015537 8.770002951581974
166 123.83515264437133 677.4497652173536
172 288.4350348027843 30.951276102088165
173 139.32516984919266 273.93527461188705
175 136.30306931710743 604.8818104262765
176 304.6148491879351 18.751740139211137
177 294.1972157772622 18.751740139211137
178 145.38631090487243 621.1600928074246
179 418.5450686746987 318.1460422647469
180 188.02900232018564 371.53132250580046
181 629.1798143851508 346.5568445475638
182 482.5823665893272 300.5568445475638
183 350.653874070658 884.0635656629546
184 533.6972157772623 318.26450116009283
185 434.7111368909513 487.4756380510441
186 412.76718564627635 428.7499783481834
233 215.14253563135912 753.4322489473501
245 160.65050127072365 551.2554951705387
246 453.3417661832987 248.1785898806901
247 259.5921122498676 -1079.688903257687
248 71.29688205297872 -527.6256320144024
249 777.8878641867522 86.69642737086798
250 186.8805104408353 167.61020881670532
251 413.7947453325708 437.71570723004857
252 205.07656612529004 292.80742459396754
253 80.24153412007543 151.1766265048884
254 246.93276679086912 -611.1806847879949
255 212.4037122969838 332.2969837587007
256 359.2587006960557 459.6055684454757
257 491.778422273782 346.5568445475638
258 473.1252900232019 251.5127610208817
259 164.79234338747105 167.61020881670532
261 144.98027842227384 158.10208816705335
262 356.97259906025283 5.855455491317985
263 563.748259860789 13.39211136890951
264 509.22969837587016 577.6148491879351
265 522.7563805104409 634.2227378190255
266 537.3839907192576 28.691415313225058
267 309.64073114395586 64.28127302225613
268 441.3446839368732 9.184697432506601
