# pedestrianID x y
3 149.4894571021461 685.2438182544963
19 117.26083623440442 680.3921909556701
83 730.6301900959021 647.5175912002838
86 163.30281687196032 671.7190318456363
91 577.5766087452218 674.0663636928421
93 577.2531085003426 675.1164900193894
94 578.3143098306459 684.5121908427618
122 722.3504133799245 270.9961824470192
125 164.40466663242967 667.4966559513423
127 171.12615549078822 652.5008574416919
129 728.2916422053516 642.7896569297815
131 580.6974224075037 689.770292417948
148 176.7120554368866 665.924859938295
149 138.93929748281607 689.0218767307678
173 50.56245896298386 274.6094449511954
175 126.52092858376632 687.203187553199
178 129.80213478707103 692.1856587536373
179 188.76043798237404 642.3881287004104
180 127.64020621401893 664.5373991680818
181 728.4704977284902 295.0993791900052
182 618.7024895140303 9.318493294350557
184 720.8199684933481 482.322113067575
185 457.4721761132205 81.96861304468591
245 457.1197777289229 506.41325539912833
246 446.2709875937286 486.50207167828705
247 460.1496298854346 508.0352461115432
248 464.25719992204563 518.3627161199364
249 284.8598528346797 521.7185126134419
251 667.3387225609322 281.5394461911438
252 106.01376600345657 8.108481504611788
253 478.0398581961804 538.3886323752754
254 475.74194017211823 533.9950234257948
255 107.38212144414784 46.9943678634088
256 458.04853354292635 101.20364201893385
257 590.5767730309713 686.187020559172
258 152.51539409143558 648.5745576794043
259 130.4055602375533 617.2267272865556
261 130.41700869577645 609.8484178635373
262 17.89486660211549 268.03935238378665
264 74.93130486771871 335.1539958043764
265 719.6156213389005 470.0255346210225
266 716.5023555584279 254.86901505909188
267 674.999615970707 246.51871023076876
268 137.87268183381315 661.0106173806416
269 45.5447612722892 260.43495761755315
270 29.748276012488862 256.6668184607957
271 571.5880231638488 652.2356790871675
272 719.0889380593055 250.79223107100972
273 721.4160034248758 63.56045789679552
