# pedestrianID x y
1 724.0562003942723 642.5083459303472
2 723.2335773498695 640.5115543182862
3 294.9303944315546 508.8167053364269
4 249.2633410672854 535.4106728538284
7 129.09229531005064 645.3487314992922
11 128.72862217566532 658.340637793357
12 125.10556844547568 658.0278422273782
13 642.7993039443156 197.13689095127611
14 681.0823568571014 195.13973885295437
16 550.2006960556845 565.0626450116009
17 643.1403712296984 193.78190255220417
18 161.03944315545246 144.15313225058006
19 64.93735498839908 144.15313225058006
30 283.9029685442393 8.1734407365815
37 679.6728538283063 676.8027842227378
80 17.671154274334253 283.3652604758205
83 684.0814700129833 609.1533026508824
86 339.27030162412996 482.78422273781905
87 161.30046403712302 397.17401392111367
90 349.433051139698 141.58066199513843
91 534.2517401392112 322.25058004640374
92 171.93851508120653 375.75870069605566
93 638.3584686774943 224.6450116009281
94 438.0870069605569 80.04640371229698
97 726.0777262180975 187.12761020881672
108 143.715358299419 679.5767310948469
111 471.46361292820023 12.64317930240345
121 710.0639753648985 280.6954171199158
122 604.9530358605105 310.6784956736751
124 730.8285998835452 267.8292859027034
125 305.85962877030164 482.78422273781905
126 681.6245822280604 485.71810133287335
127 340.0197215777263 405.87006960556846
128 340.66473317865433 516.0139211136891
129 608.828952728486 160.57118481673442
130 187.78886310904875 676.8027842227378
131 593.2864560212411 650.9596871720958
132 242.9146482157992 23.31400349486439
136 151.07698459304666 687.2326810877522
148 428.09860788863114 354.8074245939675
149 84.35730858468679 361.04408352668213
157 306.93880595851124 13.791153829718532
166 122.68311630243018 655.4345843248442
171 187.07192575406037 48.49187935034803
172 445.0127610208817 253.34106728538285
173 248.65545243619493 371.53132250580046
174 213.05800464037128 192.11136890951275
175 156.6914153132251 408.0556844547564
176 373.9607296324902 179.8649406117491
177 395.54756380510446 185.4756380510441
178 161.11020881670538 423.4849187935035
179 465.7456265113885 177.00878674097459
180 276.9574894495887 27.82591153640336
181 593.2962942070043 628.7088022143711
182 192.13482189740836 627.752758798454
233 340.3013682494418 638.2918489428424
237 730.8146516094762 477.7466013483064
245 214.43784501161758 502.90066393316476
246 441.5749013608341 263.9863861311857
247 275.0644882054289 -871.4937368726777
248 162.64124635854324 -253.3185271092862
249 655.9014686855941 170.84821806020688
250 273.52900232018567 399.34106728538285
251 431.7354988399072 425.70765661252904
252 362.69953596287706 492.1856148491879
253 162.04999891529027 211.129784138744
254 285.0499763246943 -292.35798427558905
255 386.98955916473324 535.4106728538284
256 186.75058004640377 600.5011600928074
257 312.59396751740144 65.80510440835268
258 431.116165743485 64.7733294318649
