# pedestrianID x y
1 689.9181378899115 616.3742159212413
2 687.7194837390174 609.8602656481944
3 409.0916473317866 380.00464037122964
4 412.30394431554527 382.13457076566124
5 581.5278422273782 535.4106728538284
6 727.0285590726137 252.54901384897994
7 326.02784222737824 475.7819025522042
9 700.8385728980952 245.88303387806263
11 219.7053364269142 320.2552204176334
12 215.254060324826 306.41763341067286
14 444.1589327146172 110.21345707656613
15 448.39327146171695 96.22273781902553
16 578.5266821345708 682.2088167053364
30 293.7612532529067 20.691740892306594
34 707.5104408352668 205.60556844547563
35 706.5614849187936 195.4570765661253
36 618.955916473318 304.45939675174014
37 647.0394431554525 430.1670533642691
38 528.0522041763342 139.58700696055683
69 509.52391855378573 687.1818430119034
72 729.9623127845113 266.51233100624376
79 143.8831014628988 692.5315834358544
80 44.44010518235694 295.6584350873963
83 644.3457076566126 399.34106728538285
86 411.18357144114816 350.18034921893445
87 251.1960556844548 96.22273781902553
90 490.81090487238987 384.2691415313225
91 399.4443155452437 183.82830626450115
92 264.25522041763344 78.72853828306265
97 630.7424593967519 377.87935034802786
108 162.73627946894405 658.5530968467058
111 482.52865280182436 28.115279152726075
114 272.44264287185075 13.85857439345169
118 345.975666550554 17.05211159483776
120 263.66125290023206 557.5870069605569
121 622.3561484918794 350.67285382830624
122 437.56106268584705 205.08068091594856
123 315.9872389791184 19.837587006960558
124 701.6469251531165 276.7783542843211
125 494.17517401392115 180.5475638051044
126 571.8909512761021 499.2853828306265
127 553.2068135293763 141.11807059903256
128 402.9037122969838 174.04176334106728
131 606.6993159214576 610.0213653431102
132 380.3639239941236 122.58754589455205
136 169.94449997487575 678.2321359048575
141 634.2207763074842 9.060916947020718
147 508.6287703016242 32.08816705336427
148 410.70779482022505 22.448214732241176
157 329.3750655254906 24.58436452816078
159 220.6728538283063 50.909512761020885
163 370.24848427007953 210.25291786696155
166 119.18380203183244 588.2742574186054
167 377.8491879350348 4.037122969837587
168 368.72386966253964 94.15179196806695
171 265.0150812064966 358.96055684454757
172 439.53712296983764 555.1044083526682
173 269.34686774941997 478.11136890951275
174 249.89675174013925 375.75870069605566
175 256.54856155705266 38.424805666141154
176 604.2371949358102 469.8664416831774
202 103.96301423597956 10.475679195548038
219 729.252378657172 273.8712839357272
233 410.00314476099174 573.0867028219207
237 721.1935910364436 480.626226106812
245 261.0669825757928 460.3068753949347
246 429.47046191570524 280.89904466253023
247 296.1987355696078 -589.0522912767965
248 320.94315545243626 197.13689095127611
249 541.0858948330734 247.80074786627372
250 258.64269141531327 434.64501160092806
251 263.67517401392115 312.3201856148492
252 632.5951276102089 615.9675174013921
253 235.60556844547568 266.26914153132253
254 372.83642691415315 115.93967517401393
