# pedestrianID x y
1 701.6439907934162 625.419684137503
2 699.8782371634597 620.8434282652663
3 376.7529002320186 414.6403712296984
4 380.0266821345708 419.0533642691415
5 606.7470997679815 582.6682134570766
6 731.6929510273559 257.1134320181685
7 256.2830626450116 532.969837587007
9 716.2627865908066 253.3965004799216
11 190.885150812065 401.5127610208816
12 188.9350348027843 390.70069605568443
13 389.63689095127614 44.90023201856149
14 524.0939675174014 164.42227378190256
15 521.3689095127611 150.3062645011601
16 573.6653796162257 640.4698035444362
17 389.05220417633416 35.52668213457076
30 290.7119637984373 16.89005942770953
36 664.2935034802784 290.88167053364265
37 662.9605568445477 489.8283062645012
38 636.8132250580047 190.44547563805105
69 518.9153224806786 688.8806854272177
72 731.5913779659408 266.24999003742573
80 35.89451018869733 291.8284600154488
83 661.9350348027842 457.3132250580046
86 383.23776069406006 380.27276420964114
87 211.8236658932715 166.0139211136891
90 475.6102088167054 320.2552204176334
91 455.22737819025525 226.40371229698377
92 223.78422273781905 147.22041763341068
93 417.8155452436195 24.22737819025522
97 666.9663573085847 338.3805104408353
108 157.27447594118817 664.7119561936728
111 479.2417258043811 23.527713982110836
114 273.47918924989085 11.146467849749074
118 332.4222606197138 13.775872613484495
120 204.37354988399076 603.0672853828306
121 680.1287703016242 318.26450116009283
122 429.4549677605641 200.08422024555304
124 712.4891461564434 273.47917978310363
125 468.76450116009283 264.40835266821347
126 602.6551147931884 499.645983893297
127 466.91995359628777 246.05568445475637
128 435.5635121399896 218.05662110172875
129 414.9976798143852 10.232018561484919
131 602.9042176754909 622.0848824317704
132 381.9479058565133 121.76658304504352
136 164.7719301451161 680.7866070505095
141 635.8897432780113 7.924751271258409
148 448.901392111369 82.69605568445475
149 35.43185165805552 244.20254967720066
157 322.9749197945477 21.623286958646684
159 163.57888631090492 7.11368909512761
163 319.59527522346485 227.32285719667044
166 120.29926879096678 609.857488094989
168 386.45791921389616 107.83774448630176
171 252.08932714617174 290.88167053364265
172 389.2286752521054 517.0864669137915
173 276.2904132130807 467.65118433453495
174 236.6569524373426 358.52216037332073
175 187.5835266821346 170.81670533642693
176 524.1337897590007 360.58387435719004
177 544.3177398346179 562.9978508040523
178 259.2456640119605 54.854507225378875
202 102.31184458140085 9.008220835646469
219 730.3941470746071 272.9024045418962
233 396.94558184219375 584.6061904448458
237 723.9465184775183 479.80821397628137
245 252.1290853068977 468.33685433481634
246 432.0399266226586 277.2766806343831
247 291.14103326606926 -654.9586523591059
248 304.4482760275057 180.24158419408946
249 561.4599538814067 234.27243393294356
250 238.51740139211142 443.6566125290023
251 213.48295924419136 274.1448244948288
252 718.2703508233365 586.6904723964623
253 221.79755415801364 256.11164384043195
254 336.92066214789713 120.25087481228532
