# pedestrianID x y
1 606.5556844547564 482.78422273781905
2 604.1914153132251 478.11136890951275
3 443.2853828306265 215.92111368909514
4 494.1809744779583 273.7587006960557
5 502.3457076566126 258.8538283062645
6 637.0201290164042 161.98949135656133
7 555.3433874709978 123.20185614849188
8 603.3422273781903 151.85614849187934
9 434.92459396751747 82.69605568445475
10 539.4872389791184 58.27378190255221
30 219.90603248259865 242.44083526682135
32 661.2888631090487 200.51044083526682
33 653.3132250580047 192.11136890951275
34 443.7099767981439 78.72853828306265
35 445.70765661252904 68.35266821345708
36 433.1020881670534 97.60092807424593
37 571.7726218097448 120.2830626450116
49 148.47257341839696 689.5851483026078
69 445.5505296046051 675.2463217067801
72 718.065068010303 268.3065178115848
78 157.01093589423402 1133.7011316118103
79 -25.735075907676592 380.63594784592743
80 139.01160092807427 356.8816705336427
81 729.331581814051 265.6805330283505
83 567.2877030162414 108.79350348027842
84 413.71345707656616 93.48027842227378
86 441.93851508120656 200.51044083526682
88 579.6705336426915 169.21113689095125
89 514.4431554524363 84.0278422273782
90 642.7900690494129 864.682338213238
96 728.8571757800586 270.4112122251362
97 437.96171693735505 520.8352668213457
100 642.3342966929981 15.49772224176057
108 200.96119450329442 617.735207697246
111 506.84593931135134 61.67932095788517
112 323.2020406942352 61.26491940468126
114 263.6501264642631 37.406334928343355
118 433.81206496519724 403.68909512761024
120 179.68793503480282 580.1392111368909
121 377.2161814397318 226.0998108372135
122 261.4373549883991 302.5058004640371
123 432.72157772621813 281.322505800464
124 561.7702638815832 317.935048562549
125 503.0449226296392 133.58493071885133
126 490.0226810185461 284.99843111609
127 523.024361948956 187.12761020881672
131 605.9709976798144 501.66125290023206
132 480.4872389791184 324.2505800464037
136 202.07755450224275 663.6104476869446
138 130.94436296758164 689.7223026607966
141 623.8449065953683 15.92540269863551
144 634.5750092072708 7.404533030364139
146 727.1716204610337 266.7206753922099
147 457.7504659249404 295.2687458773563
156 574.3979118329466 85.36426914153132
157 409.1925754060325 81.36890951276102
159 431.8955916473318 247.87006960556843
161 512.2656612529003 170.81670533642693
163 448.092807424594 312.3201856148492
164 688.2088167053365 292.80742459396754
165 116.84918793503485 650.0510440835267
166 140.55800464037128 432.40371229698377
167 217.3190255220418 275.6426914153132
168 465.2482598607889 304.45939675174014
169 142.66937354988406 151.85614849187934
170 269.4929369796958 352.3843694628104
171 501.7913432290957 592.3977373047267
172 549.8054189866599 674.4192010452648
173 553.9223666954379 559.9685721183572
202 114.57144402065161 20.0958824003562
219 722.684004001894 279.4705813347335
233 452.7946366466661 533.7731544792172
237 703.3273851035821 486.2380798971752
243 373.5533642691416 96.22273781902553
245 123.55915805497271 356.3145124958322
246 419.69989793861026 293.7657031091221
247 321.3545100375284 -252.5871226090807
248 327.98143851508127 185.4756380510441
249 553.3619489559164 120.2830626450116
250 366.6020881670534 580.1392111368909
251 84.5997679814385 322.25058004640374
