# pedestrianID x y
86 141.5195425910604 687.9353812130008
91 577.5240015273578 691.8068115171789
125 142.34615719235873 685.6071935994242
127 147.5929055446377 676.8669908746646
148 142.54781724958707 688.2294696684806
173 25.402900322187104 274.80291558613726
179 146.02039253508616 681.5632096420711
180 125.56702217492038 692.2554235186914
185 461.1929819107316 21.357430358039633
245 503.6381935132397 581.2963667452706
246 488.06424519569316 553.7086433026928
247 506.5722616184 583.853849042275
248 511.73376107497563 595.6024210015189
249 216.40202563130475 598.0017094172235
251 705.4527861462287 272.8870747748895
253 526.8631824542389 617.6073790216426
254 524.3811910083801 613.8647067037424
255 96.5460791040525 12.685798202489043
256 461.18917639633645 29.14626429367792
258 131.9540164388853 687.2803078971779
259 126.29697452662667 679.9013127117237
261 126.40986133711577 677.50860071339
264 20.80188517022237 291.90796555896173
267 725.5524951158227 260.8494646805712
