# pedestrianID x y
26 590.1357308584687 145.6844547563805
39 140.96403712296987 492.1856148491879
47 618.9723476158954 683.6813409718544
49 445.4744779582367 570.0696055684455
57 576.6983758700696 597.9396751740139
58 63.70185614849191 302.5058004640371
60 167.42957948457945 237.00869382826474
62 404.1809744779583 421.2668213457076
64 690.9593967517402 257.01160092807424
65 444.99851967889134 460.4973600363892
66 705.0415880065563 245.0279286890222
67 525.6415313225059 492.1856148491879
68 204.6955626994335 -103.0491510844752
69 268.2830626450116 123.20185614849188
70 179.53364269141534 215.92111368909514
71 22.9593967517402 161.25290023201856
72 530.0185614849188 94.8491879350348
96 271.95702810695684 377.8807752098452
100 478.85150812064967 292.80742459396754
101 730.6424602511095 470.51536898582356
103 268.87006960556846 425.70765661252904
105 69.00928074245945 639.4802784222737
106 419.93503480278423 452.74245939675177
107 282.24709976798147 450.4640371229698
108 270.3689095127611 94.8491879350348
109 608.7111368909514 545.2204176334106
110 314.5197215777263 542.7610208816706
111 274.9083526682135 580.1392111368909
112 155.19489559164737 650.0510440835267
113 262.7861194895026 18.781038034893697
117 137.28138639842584 689.7063755552483
131 471.6053152032492 40.41390410048878
133 133.94557957977622 651.7511591289054
134 621.0742459396752 300.5568445475638
135 644.5185614849188 384.2691415313225
136 397.38399071925755 468.8213457076566
137 497.0 324.2505800464037
138 173.43503480278426 414.6403712296984
139 209.0069605568446 229.9350348027842
140 500.14269141531327 17.670533642691414
141 479.131090487239 310.34802784222734
142 627.8798693863108 463.8796805403029
143 466.49767981438515 354.8074245939675
144 470.4593967517402 448.19025522041767
145 371.7064965197216 392.8538283062645
146 376.72720927336974 584.4243309800286
150 691.6222133214537 467.7692063375902
152 130.8155512596073 535.7045941797702
153 251.56577754042726 344.20531999691997
154 510.24908156225706 638.4614137254197
155 606.6561363985511 444.36161817164293
156 181.08872089114027 659.1250462272966
157 182.34679573938948 634.4160957415521
159 145.8556342410279 687.7005532901226
195 426.8062645011601 118.830626450116
198 632.8457076566126 397.17401392111367
199 730.0229802323606 433.2300567523261
201 539.8495649123497 336.3480278422274
202 273.2900232018562 403.68909512761024
204 159.98152525384847 648.8597169178131
206 159.71406112361706 676.4743351936827
208 213.4129930394432 198.82134570765663
215 695.6364763346509 286.96979579623
216 715.966332235311 447.33348262114947
219 652.9759341733234 338.18481053098327
225 540.3779045617235 669.9379067062036
226 722.1668508347781 231.71618075821334
228 712.6345691496185 285.2612400208343
229 712.5150551080076 283.98638144795166
231 583.0512176884481 589.1002793121992
233 533.0885682335761 459.97716688322714
235 623.4429149124752 272.1854962838371
236 562.2169373549884 49.698375870069604
237 536.5638051044084 386.40835266821347
238 416.12243101488184 24.0762631054857
239 419.6960556844548 408.0556844547564
240 506.5835266821346 342.4593967517402
241 414.63225058004645 363.1322505800464
242 418.8644624036357 388.0159749142507
243 404.4733178654293 382.13457076566124
244 340.42807424593974 545.2204176334106
