# pedestrianID x y
1 569.5290023201857 408.0556844547564
2 567.3155452436196 403.68909512761024
3 418.5104408352669 192.11136890951275
4 444.56612529002325 185.4756380510441
5 419.5835266821346 151.85614849187934
6 553.2517401392112 124.66821345707656
7 485.84570765661255 69.63341067285383
8 499.1925754060325 94.8491879350348
9 354.6102088167054 27.56844547563805
30 186.25986078886316 324.2505800464037
31 699.65313225058 183.82830626450115
32 562.2656612529003 145.6844547563805
33 552.8375870069606 138.0742459396752
34 389.3445475638051 40.17633410672854
35 392.94663573085853 29.819025522041763
36 349.15545243619493 41.35034802784222
37 494.4733178654293 43.712296983758705
49 152.88077319684314 687.6776800087699
69 421.09443887421145 670.8824349224057
72 713.2841238343856 269.0472186703026
78 47.783062645011626 478.11136890951275
79 54.86542923433876 475.7819025522042
80 159.89675174013925 350.67285382830624
81 724.0184595029929 265.9931071463736
83 556.2128145255524 56.72895051919248
84 491.292343387471 153.4106728538283
86 416.2053364269142 177.28538283062645
88 468.0580046403713 100.37122969837587
89 443.63689095127614 40.17633410672854
96 726.3875474520813 271.56846994598703
97 403.2494199535963 565.0626450116009
100 641.2786587032904 18.596466303498747
108 215.39261615769752 602.0303786777212
111 516.8715511826518 75.21145962545111
112 323.1073103039939 61.626360072345115
114 259.7931706343298 47.7054601212877
115 459.4269141531323 32.08816705336427
118 509.0591647331787 441.3967517401392
120 190.50812064965203 537.8561484918793
121 418.01856148491885 277.53132250580046
122 205.80046403712302 365.22505800464035
123 415.3526682134571 344.5058004640371
124 484.7494199535963 369.42459396751735
125 459.3016241299304 105.9675174013921
126 478.1714877789376 133.67773637957018
127 465.9501160092808 210.74245939675174
131 571.0324825986079 430.1670533642691
132 478.4930394431555 405.87006960556846
136 213.29513439025226 658.6128586809828
138 132.36447019632328 687.2510426923393
141 620.094237198233 18.372978858384272
144 631.8618584038061 8.992961100644239
146 722.6874826776083 267.30120743690344
147 436.5696055684455 342.4593967517402
156 576.0266821345708 101.76334106728538
157 442.65197215777266 129.09512761020883
159 449.87470997679816 316.2784222737819
161 477.931554524362 231.70765661252898
163 422.9640371229699 375.75870069605566
164 617.201856148492 332.2969837587007
165 113.31902552204181 575.0951276102088
166 148.58468677494204 386.40835266821347
167 41.455154152653066 529.6643756163909
168 437.8109048723898 363.1322505800464
169 193.50000000000006 231.70765661252898
170 265.6832946635731 326.25522041763344
173 637.5719852240716 600.7870106641069
202 118.26664367609297 23.562708301151797
219 720.5901006587177 281.38731913366024
231 577.9290257165944 691.5356649932776
233 461.17828156295815 525.9586743806918
237 696.5159749199408 488.3862239165739
243 450.7853828306265 145.6844547563805
245 196.77146171693738 405.87006960556846
246 417.6577726218098 298.6125290023202
247 330.62377988892484 -121.23129981934112
248 319.49883990719263 135.06264501160092
249 484.5174013921114 63.27610208816705
250 450.87360171026853 625.7924930874543
251 12.989799776905587 284.0277807510893
