# pedestrianID x y
1 726.8691668202586 644.6580691924262
2 725.9257104620608 642.9353411802474
3 255.48259860788866 547.6844547563805
4 231.47911832946642 570.0696055684455
7 128.4661692199912 654.1378734041242
11 128.00656074570423 666.1250193699431
13 698.9988399071926 224.6450116009281
14 694.7520534824579 211.1966403564966
16 527.9965197215778 516.0139211136891
17 699.2146171693736 221.14153132250578
18 104.99535962877036 192.11136890951275
19 52.78422273781905 219.39675174013922
80 15.258635653191236 282.2159898606243
83 689.9950628662727 614.1774103446445
86 292.55684454756386 528.1020881670534
87 145.2470997679815 445.92111368909514
90 349.3822492303992 142.15851718823336
91 552.0812064965198 373.6426914153132
92 154.95823665893278 421.2668213457076
93 594.9257540603248 266.26914153132253
94 405.3190255220418 127.61484918793502
97 738.5327198503054 170.48782999221106
108 141.71651641083236 681.758312478618
111 470.31690919650356 11.138627221412287
121 713.5699931406647 278.9569947381203
122 621.8928168926927 304.7550405340808
125 262.19953596287706 518.4222737819025
126 690.9906549731217 483.9832067802394
127 335.98627362898935 400.8423878090323
128 361.2674661615089 512.2309616558331
129 519.7008851475484 151.67176468377068
130 202.21693735498846 631.6009280742459
131 591.7620275505463 655.677561079618
132 242.87882105678432 22.51126654147802
136 148.88603237839385 688.3571229439226
148 397.8073660495021 342.8487857045873
149 93.69605568445479 403.68909512761024
157 304.1906369372457 12.547490405096227
166 123.00586434542359 661.5921111967152
172 438.9002320185615 212.4640371229698
173 222.16473317865433 340.41763341067286
174 183.27378190255223 123.20185614849188
175 152.26798143851514 455.02552204176334
176 322.12296983758705 132.06960556844547
177 359.6584540060214 137.71759214720868
178 157.45243619489563 466.5104408352668
179 468.139211136891 244.24593967517401
180 274.41214941670546 162.48612594453024
181 606.115984964923 568.2978086040479
182 282.28535121174576 528.801027220666
233 323.6988439113499 653.5630513743222
237 731.8061768535666 477.43887517157975
245 204.58176186859865 511.52451343079866
246 443.86588613113753 260.81208960472935
247 271.65097554183416 -915.9155469332717
248 141.24659685357648 -316.73580088217165
249 679.9022926613649 154.45393830069958
250 251.46287703016247 354.8074245939675
251 429.9883990719258 457.3132250580046
252 339.8916182628189 471.6584702700645
253 146.33410071667944 199.50567104150323
254 276.4745712625609 -367.1178232902021
255 345.8631090487239 499.2853828306265
256 217.72157772621813 542.7610208816706
257 367.9547563805105 115.93967517401393
258 393.07076566125295 130.58004640371232
259 372.02320185614855 10.232018561484919
