# pedestrianID x y
26 672.0870069605569 180.5475638051044
27 469.21345707656616 18.751740139211137
39 120.03016241299309 408.0556844547564
47 610.0180608516318 687.2944156541577
49 366.7830626450116 610.7935034802784
57 600.42343387471 647.401392111369
58 54.830626450116085 212.4640371229698
60 167.99558133538315 216.9619810258381
62 472.3352668213457 388.55220417633416
64 657.6241299303945 324.2505800464037
65 533.9988399071926 445.92111368909514
66 720.4773195120804 253.71229440873796
67 538.1809744779582 412.4408352668213
68 684.3723897911834 197.13689095127611
69 321.93851508120656 136.56612529002322
70 236.67865429234342 164.42227378190256
71 29.23317865429243 69.63341067285383
72 506.0359628770302 180.5475638051044
73 137.66125290023206 660.6960556844548
74 467.43503480278423 7.11368909512761
96 400.23781902552207 397.17401392111367
100 507.3225058004641 233.48491879350348
103 216.13573085846872 354.8074245939675
106 512.354988399072 395.01160092807424
107 246.39301778453378 401.6977786067027
108 320.55684454756386 111.63805104408353
109 611.6658932714618 494.54756380510446
110 359.43851508120656 532.969837587007
111 349.14733178654296 525.675174013921
112 209.9744779582367 650.0510440835267
113 289.3329466357309 82.69605568445475
115 229.27587204356763 611.8246214379119
117 258.4978274900117 598.5675878779438
131 436.1438515081207 114.50116009280742
133 132.28208253369286 660.5732556462607
134 649.2064965197217 320.2552204176334
135 710.8491879350349 332.2969837587007
136 451.63805104408357 434.64501160092806
137 541.9582366589327 266.26914153132253
138 171.57192575406037 473.45707656612524
139 212.17465231940662 194.8518145722856
141 514.5 264.40835266821347
142 667.2321598781435 467.6276641251903
143 450.12296983758705 340.41763341067286
144 534.461716937355 408.0556844547564
145 362.19837587006964 384.2691415313225
146 396.80742459396754 513.6102088167054
150 702.5230902789797 469.4332698244283
152 115.92343387471004 434.64501160092806
153 390.22157772621813 375.75870069605566
154 392.20417633410676 537.8561484918793
155 488.1427488801413 417.75987142252455
156 259.6032341988688 601.8644729632291
157 243.5074167340753 561.5391528801277
158 182.01067133376225 639.8932298718344
159 225.30035883149708 641.0767706191432
195 364.6067285382831 54.5707656612529
198 697.9257540603248 365.22505800464035
199 731.1044330670221 437.6750897058631
201 473.8921113689095 334.32018561484915
202 222.97679814385154 332.2969837587007
204 153.90092206725552 657.9594767646469
206 152.40522568496627 681.6289221929229
208 221.21461716937358 124.66821345707656
215 702.5298651347543 283.68564955094456
216 719.3404627456013 451.1947397993781
219 663.4126719608229 329.55505570867456
225 548.9124201085147 676.8675396290855
226 724.7527788934775 236.5400216397556
228 720.7713861056905 279.1098477758526
229 717.9997471980771 280.3678321270465
231 581.9370478031104 611.3645846565479
233 528.7012377422939 463.88868182027727
235 693.7163075884794 282.8276844468231
237 561.0069605568447 452.74245939675177
238 432.320150441004 15.776303111357668
239 530.4361948955917 316.2784222737819
240 477.4163067396564 386.4806721771499
241 433.3422273781903 290.88167053364265
242 420.69837587006964 273.7587006960557
243 420.2389791183295 320.2552204176334
244 417.215777262181 513.6102088167054
