# pedestrianID x y
1 528.524361948956 324.2505800464037
2 525.9605568445476 316.2784222737819
3 360.96635730858475 164.42227378190256
4 356.98491879350354 121.7401392111369
5 355.7389791183295 101.76334106728538
6 455.3445475638051 64.53828306264502
7 405.215777262181 14.454756380510442
8 404.54657907090467 27.752727324881686
30 156.9802784222738 405.87006960556846
31 604.3016241299305 138.0742459396752
32 460.2146171693736 88.05104408352668
33 452.77610208816714 77.41531322505801
49 158.6419124012382 685.1394655254154
67 636.6172255546633 9.819844253714493
69 385.55029107175864 664.8851231536969
72 706.7179375360178 270.0191894519153
73 730.9787689847916 408.43531376404746
78 92.76218097447799 478.11136890951275
79 101.20649651972161 466.5104408352668
80 449.0490836256238 -29.06182797777182
81 715.5284352673617 266.5773082136194
83 551.407192575406 57.03480278422274
84 578.7993039443156 210.74245939675174
86 335.792343387471 133.56380510440835
88 360.9083526682135 22.023201856148493
96 722.9030657286603 273.17294665462094
97 370.34570765661255 608.2134570765661
100 639.8309008418805 23.22297569629051
108 235.8380921948216 579.8319176598814
111 530.6152284211109 94.48028192091422
112 323.00348027842233 62.01856148491879
114 253.8159603705565 63.89962470226483
115 388.79814385150814 92.11600928074246
118 524.5904872389792 516.0139211136891
120 202.2865429234339 482.78422273781905
121 396.75058004640374 214.1902552204176
122 -169.6637847201099 892.47531613631
123 370.19489559164737 399.34106728538285
124 399.1020881670534 412.4408352668213
125 354.6020881670534 35.52668213457076
126 438.92111368909514 141.1044083526682
127 340.51856148491885 148.76102088167053
131 524.0904872389792 361.04408352668213
132 11.663242058198472 815.9335851622022
136 227.66889661255667 652.0534457858774
138 134.26745199286933 683.7442620833417
141 615.3196948712337 21.502556261426157
144 628.1390673101705 11.028563337241819
146 715.663003008714 268.24268047746926
147 427.9608054943826 380.2791306947033
156 559.8259860788863 185.4756380510441
157 508.131090487239 177.28538283062645
159 445.9930394431555 395.01160092807424
161 445.11832946635735 312.3201856148492
163 372.1206496519722 430.1670533642691
164 537.0533642691416 377.87935034802786
165 257.74527665318567 321.62497807658156
166 155.31438515081211 330.27842227378187
167 113.51990184091245 437.19383330803925
168 282.13672485889737 448.15991562694535
169 244.80510440835272 324.2505800464037
170 245.52439976301355 442.64773095464164
173 726.4888167441609 648.2634883916818
202 123.21910325874009 28.168258349568983
215 732.3635093104248 268.685713027281
219 717.9344477746753 283.83576056593535
231 578.0367194825355 689.3146083754152
233 469.9997655765327 517.8230456990024
237 687.3336532599528 491.2315003184938
243 512.7262180974478 205.60556844547563
245 128.91469080696046 377.52054330894237
246 356.25051460998844 215.14952999700097
247 333.6786542923434 80.04640371229698
248 318.87006960556846 55.800464037122964
250 559.8483360932956 689.1435328922578
