# pedestrianID x y
20 498.0580046403713 188.78422273781902
21 624.8271461716938 190.44547563805105
22 621.1438515081206 244.24593967517401
23 563.4895591647332 172.42691415313226
24 697.6078886310905 185.4756380510441
25 468.4327146171694 88.05104408352668
40 702.8515081206497 336.3480278422274
41 660.8178654292344 306.41763341067286
42 692.002320185615 192.11136890951275
43 695.5174013921114 202.20417633410673
44 652.2192575406033 210.74245939675174
45 625.4849187935035 178.9141531322506
46 548.8178654292344 290.88167053364265
47 478.65545243619493 290.88167053364265
48 611.5742459396752 158.10208816705335
49 489.20765661252904 268.13457076566124
50 613.1160092807424 222.89095127610207
52 553.1589327146172 161.25290023201856
53 542.9303944315545 281.322505800464
54 511.3352668213457 118.830626450116
55 540.6937354988399 108.79350348027842
56 465.0742459396752 68.35266821345708
57 355.71809744779586 77.41531322505801
99 363.51546786024267 -90.61177505748525
100 -56.515182854332245 966.8307441505744
101 533.3236658932715 535.4106728538284
102 714.554524361949 340.41763341067286
133 217.9881315762561 440.56713421485216
134 504.86078886310906 485.1276102088167
135 535.1693735498841 572.5800464037123
136 350.9582366589328 100.37122969837587
137 445.00928074245945 597.9396751740139
139 459.610631745788 629.1325494592814
150 364.73665893271465 560.0742459396752
151 341.0785012135895 1483.387923322322
187 680.961716937355 626.3712296983758
189 688.3634832035611 610.5838991434748
190 545.3313369339855 679.9723091075098
192 641.917613920263 591.3173827732609
195 459.74593967517404 459.6055684454757
197 598.947162052257 692.247191123667
198 418.00470356383806 464.1220405583783
199 668.8927918309258 529.0010619293694
201 354.35498839907194 386.40835266821347
202 148.38315440457063 669.3747288593609
204 176.08468677494204 380.00464037122964
205 55.07424593967522 660.6960556844548
206 245.96751740139217 532.969837587007
207 598.2900232018562 644.7563805104407
208 250.39095127610213 246.05568445475637
209 516.0058004640372 496.91415313225053
210 719.2005663642282 267.3199180039538
214 212.44431554524365 590.2830626450117
215 464.92575406032483 439.1415313225058
216 628.0243619489559 380.00464037122964
217 574.0150812064966 354.8074245939675
218 441.6252900232019 459.6055684454757
219 365.6821345707657 434.64501160092806
220 200.40719257540607 631.6009280742459
221 240.0974477958237 572.5800464037123
222 589.3192302562899 425.9783296254178
223 197.4419953596288 600.5011600928074
224 702.8515081206497 336.3480278422274
225 303.55220417633416 504.0417633410673
226 511.6450116009281 434.64501160092806
227 220.5893271461717 655.3642691415314
228 277.12296983758705 613.3781902552204
229 526.6276102088168 423.4849187935035
230 580.5452436194896 386.40835266821347
231 469.25986078886314 255.1740139211137
232 216.83990719257545 175.661252900232
233 299.41531322505807 528.1020881670534
234 340.6786542923434 139.58700696055683
235 522.8650884599996 455.77570091402
236 91.11450435075022 245.06700486363698
237 269.25454896559756 31.23408438022923
