# pedestrianID x y
3 178.236043595527 667.8702743504799
7 125.84284094394013 688.9015178753014
16 260.0208816705337 23.122969837587007
19 110.12877030162417 600.5011600928074
83 719.9844031239288 638.8644700011395
86 205.41929899689433 640.8691339449502
91 577.7092934280081 627.6194921864678
92 75.13251653847931 687.5285808900436
93 570.2320185614849 587.7401392111368
94 575.4918793503481 603.0672853828306
95 694.6865333635666 514.2097105057693
121 730.276408639722 270.0547885789346
122 698.7762977687307 278.9157959094169
125 206.94277963717354 634.1655234553743
126 728.0608574854948 477.19711758309
127 212.9252529544851 611.0109954928856
128 145.490433446991 689.7015775517696
129 699.6000348516587 612.3737157718765
131 583.8547029775431 680.1018302250764
148 260.85962877030164 615.9675174013921
149 191.7053942338985 649.6489655176886
166 124.372259314752 687.9277505563977
173 92.84163330971958 274.2878524841667
175 130.05748781473113 658.1570733571067
178 138.7498367528666 678.1963158865617
179 338.62637118890257 506.0598132593798
180 135.4941684870574 554.7552134049266
181 666.9663573085847 338.3805104408353
182 561.907192575406 68.35266821345708
183 271.39791183294665 24.22737819025522
184 649.0777262180975 496.91415313225053
185 451.33874709976806 296.67285382830624
233 686.1856148491879 336.3480278422274
245 97.10654652583544 608.5004884855318
246 466.2902808465516 230.12436338327885
247 245.75316662583617 -1266.7147597619514
248 3.5421757939147356 -732.512990860763
249 900.0435707946494 7.62884623363124
251 549.7969837587008 306.41763341067286
252 129.054524361949 62.01856148491879
253 -9.020926213462857 83.83496966933274
254 216.06470288727888 -864.1028327416493
255 142.06706766652147 151.55241501384324
256 444.17981438515085 342.4593967517402
257 647.9988399071926 610.7935034802784
258 252.66937354988403 506.42691415313226
259 144.50232018561488 371.53132250580046
260 637.7575406032483 520.8352668213457
261 143.7865429234339 336.3480278422274
262 186.03427345849684 202.5224832508094
263 717.854988399072 136.56612529002322
264 306.574940558233 523.0806794592279
265 450.5591647331787 443.6566125290023
266 553.0394431554525 172.42691415313226
267 407.2877030162413 182.18561484918794
268 206.65303278009995 454.9538644994671
269 377.06612529002325 136.56612529002322
270 220.71809744779588 142.62645011600927
271 516.9037122969838 167.61020881670532
272 363.7587006960557 6.08352668213457
