# pedestrianID x y
3 384.95362533718173 375.95207026952454
4 336.0359628770302 473.45707656612524
5 627.3329466357309 658.0278422273782
7 155.11652859374584 600.5011600928074
11 161.05800464037125 523.2529002320186
12 159.51392111368915 506.42691415313226
13 487.3039443155453 114.50116009280742
14 642.7236787671283 222.89095127610207
15 638.1392111368909 209.02552204176334
16 586.1925225048033 668.769945483766
17 486.0452436194896 107.37819025522042
18 333.54640371229704 24.22737819025522
37 670.4106728538284 572.5800464037123
83 666.379789177924 537.0030070997269
86 400.1716937354989 395.01160092807424
87 173.50464037122973 260.7006960556845
90 423.78886343378684 230.08394364244316
91 529.8155452436195 290.88167053364265
92 185.1531322505801 240.64037122969836
93 544.4327146171694 104.5614849187935
97 667.0920021549692 266.26914153132253
120 158.94315545243623 668.7285382830627
121 697.3689095127611 288.96055684454757
122 540.9170722812427 287.1437969982937
125 399.29490557908605 365.6100362689492
126 703.2576658394394 481.6391765170013
127 401.4918793503481 340.41763341067286
128 439.5720354448507 369.28334562062247
129 528.5742459396752 80.04640371229698
132 298.9836057903791 93.36979731300208
148 507.09860788863114 187.12761020881672
149 97.86774941995361 237.05336426914153
163 600.29342584102 159.6751740139211
171 231.11749653420478 195.99928981542683
172 400.99883990719263 371.53132250580046
173 316.7006960556845 448.19025522041767
174 248.10042920443482 302.7568306714785
175 168.01972157772627 268.13457076566124
176 455.57727767139306 234.85366730259753
177 491.7703997260545 328.7277813784854
178 179.13229233526485 302.7752549718136
179 464.40449662916046 101.65188031539398
181 592.2691222343785 633.9595470515486
182 207.37582885164508 615.1349905148201
233 631.2370727896812 369.8805408674389
245 297.5640283778011 429.2231962551951
246 393.49293428027966 328.1727464466979
247 355.06579508747296 215.44787110087591
248 318.96282263896245 223.1381246346611
249 452.506881881675 305.7942558226049
250 250.58814409650873 433.0697023699483
251 330.26136017336444 367.0637483757339
252 501.3584403772841 556.8198072604537
253 263.4054429948104 285.74409632874364
254 343.6347974283347 177.1755563230458
255 495.0359628770302 626.3712296983758
