# pedestrianID x y
133 295.9486043019135 44.65470209828636
188 442.8345089823006 125.68210032296912
190 649.3459877793049 479.8478331921906
191 468.7211520413459 15.350815151212803
198 205.75389394625267 369.2122484206322
199 622.2812452927 183.56297456582493
201 466.079771817247 44.338683339527115
204 277.45372946734176 24.031222631387365
207 460.13828454554925 87.93766509548013
208 407.8713064414048 438.48043911338516
209 191.61838649939975 560.7732706361825
211 426.9145131564968 537.0600492826024
214 60.66085308607819 285.283211122256
215 219.9007666007513 585.9462185343738
216 285.69994136538884 339.0932228514986
217 177.64179244333081 631.4991666034227
219 177.21396393101364 308.7438196494636
221 33.615238573575915 273.06909172846315
222 192.79309266933961 641.8076144598103
226 121.86434508766716 319.28330300827065
232 472.62193775373834 225.68774639166054
233 218.692765292538 568.4280189634584
