# pedestrianID x y
3 277.5639208627126 520.8352668213457
4 241.5160073350423 547.5563911816423
11 126.85948268428403 675.8472905478416
12 122.77610208816711 679.5034802784223
13 663.9280742459398 209.02552204176334
14 701.2765020491795 221.05566759795255
16 543.3342809922405 546.9403634685539
17 663.6948955916474 203.90255220417635
18 138.20749118305824 163.83786521334304
19 60.322505800464114 169.21113689095125
37 678.3897911832947 693.07656612529
83 701.6918834139356 623.8370454672921
86 325.6913281966367 497.74135344768274
87 155.24709976798147 419.0533642691415
90 350.30891803603015 130.75671513870162
91 541.7331678075719 340.364340355263
92 166.6020881670534 392.8538283062645
93 624.461716937355 240.64037122969836
94 425.82250580046406 96.22273781902553
97 738.7553864783401 191.10623506256778
122 626.4274109345417 301.90037206374063
125 284.22488298616014 496.91415313225053
127 336.7830626450116 410.24593967517404
128 335.3518644883197 534.1696077701893
129 669.8686663651068 166.467063160271
130 187.21345707656616 660.6960556844548
132 243.47483751027957 34.69114485204367
148 422.6519777756235 365.9351020149994
149 87.34570765661255 377.87935034802786
171 184.1589369848862 28.691415313225058
172 442.72737819025525 242.44083526682135
173 239.26202171930785 356.1698060601779
174 201.0088785892751 168.09131464072894
175 155.99303944315548 425.70765661252904
176 310.9097070473581 151.32703978401616
177 380.3696494686824 164.92078074542692
178 161.05684454756383 436.8909512761021
179 466.51557485688346 221.8430616879986
180 274.8901086703409 139.60862898882365
181 608.77221603656 556.2337188244776
182 323.1805862589547 491.1230857053205
183 557.1393741748387 669.1922686833481
184 475.3888203178391 71.9406297248154
185 234.77049693727753 635.2899506019604
186 196.84662041219028 625.6975374016462
233 640.1110492274497 360.54714676590527
245 315.4898933268619 413.7016790280152
246 386.9563427740763 337.34382580740476
247 358.23169725738364 251.8678699602647
248 330.7706930266715 259.89514023939387
249 430.7912661900565 320.1513833081622
250 263.400827343576 382.6936001219588
251 446.64153132250584 432.40371229698377
252 345.1477802768599 478.11136890951275
253 291.68178236882284 305.9978224025731
254 349.59151697453433 226.47143383248815
255 373.07076566125295 520.8352668213457
256 199.29002320185617 577.6148491879351
257 332.38283062645013 84.0278422273782
258 414.2877030162413 100.37122969837587
