# pedestrianID x y
133 308.6047739612343 74.15281382109478
188 395.13773828092354 136.12881507844756
190 621.2313852778009 481.1559112824236
191 490.50733252496076 54.11772179782555
193 644.2763647366088 11.766319499641604
194 475.32396367426486 22.763689128336516
196 476.79563937714283 23.13701960221074
198 224.17418906682053 376.067236684709
199 630.6446101429085 193.5419515383522
201 467.3476179935653 59.43562179747188
203 277.5895329948226 13.087276218510915
204 277.4024473987035 55.43183981034916
206 101.67781481308977 16.801308180557065
207 459.24172356594585 132.7986721113219
208 400.3181624741409 425.7928249390557
209 201.15079242122448 542.90853523585
211 459.85647115807456 518.0059768047983
214 88.07001233746577 290.37205710302214
215 236.49134216523143 566.7156499446261
216 310.18670164332326 343.62430377429615
217 202.40840028447846 596.2791471564722
219 195.99228408778401 312.16163769958376
220 7.06788465136136 273.18845988887745
221 64.55621036646723 270.9928781224965
222 217.1930336126369 620.7915080404023
226 147.86976022299467 329.4891504565887
228 562.5017582093941 677.5006044993918
229 143.9448586461837 685.9985171815125
232 448.35443442268655 222.46005656431856
233 222.60728675432475 562.3708924705122
