# pedestrianID x y
0 574.4605568445476 62.01856148491879
30 137.16711187838808 637.6500396961691
39 123.34802784222742 18.751740139211137
60 238.9195564273498 625.2716616679184
67 619.0369026818678 27.542560412071964
69 398.7581826114298 400.17955349968514
70 596.0007338891644 145.5013340413025
72 470.65661252900236 182.18561484918794
73 469.40374354780926 495.0906122204359
75 636.3648518660415 422.27187169855534
77 635.532302141986 338.46457617417843
78 156.35730858468682 489.8283062645012
79 229.2865429234339 190.44547563805105
80 231.47911832946642 174.04176334106728
81 449.03364269141537 130.58004640371232
82 420.7784222737819 69.63341067285383
83 416.08932714617174 57.03480278422274
97 199.1634758019297 681.5531072599474
98 715.5406032482599 542.7610208816706
103 280.05615037119213 23.122969837587007
107 76.39807445281808 308.3805104408353
108 450.169373549884 320.2552204176334
109 669.1479629120043 234.9109736799973
110 719.1523910286029 480.3902891026237
111 527.15313225058 348.6125290023202
112 502.09048723897916 316.2784222737819
113 593.8888214137665 119.7719323299912
114 166.86645608376736 384.2691415313225
115 291.5784822031858 356.31566980730685
116 395.09541884557393 511.4499057657134
117 460.77030162412996 240.64037122969836
118 585.2343387470999 693.07656612529
119 621.196435248779 162.28508168342483
120 243.78074245939678 180.5475638051044
121 28.100928074245985 228.16705336426915
123 155.10548591672762 646.02528568464
131 351.1527866839515 382.96415144838033
132 266.86645136430144 579.0088187709099
134 520.2795823665894 506.42691415313226
136 392.83724410178877 575.0951276102088
139 286.3303261886077 144.83574555867273
141 613.7494199535963 117.38283062645012
143 521.4877406913878 272.92028993060825
144 606.0851984377424 22.989617257080514
145 414.3262793200192 227.96967769264
146 569.8683860196303 400.3773506987882
147 311.29930394431557 532.969837587007
152 99.6498582426037 200.51044083526682
153 700.2041763341067 215.92111368909514
154 481.8317865429235 207.31322505800466
155 180.302242375678 291.1233520193177
156 534.8610455660476 405.46605612857985
157 323.86362934538556 436.8909512761021
158 500.5 473.45707656612524
159 450.4855519828857 531.403237614985
160 584.6234536931361 470.62085519035514
161 408.6209959430282 519.5609390619034
162 85.72853828306268 229.9350348027842
163 207.56960556844552 363.1322505800464
164 333.50464037122975 545.2204176334106
165 85.76985050837273 237.76235994598542
166 112.6290225583213 28.307226297539003
167 60.956221281913066 298.64885721567157
168 195.22198321460587 599.7361428565749
169 559.4893052088125 682.4814788139215
173 698.3639041257288 633.87590449653
201 544.1194895591648 492.1856148491879
202 136.35399447735927 40.14714073304484
233 569.7248745834909 425.8025358295864
237 612.6498564159577 513.7773313577951
243 402.4361948955917 416.8445475638051
244 612.6431515750528 400.5139084868678
245 16.24825986078895 262.5522041763341
246 321.6809744779583 88.05104408352668
