# pedestrianID x y
0 604.3062645011602 84.0278422273782
30 141.22655851828463 618.7134914894624
60 234.17517401392115 642.1160092807426
67 636.8618025330383 10.682069807119916
69 389.8097447795824 425.70765661252904
70 594.5371229698376 130.58004640371232
72 483.7285382830627 162.83526682134573
73 495.0811616505457 477.80331716549466
75 644.8642404322486 408.0556844547564
77 673.1210769539344 315.7002834298984
78 167.37819025522046 466.5104408352668
79 224.38399071925758 207.31322505800466
80 224.83874709976803 193.78190255220417
81 471.2668213457077 147.22041763341068
82 450.82250580046406 88.05104408352668
83 445.66125290023206 76.10672853828305
97 212.744467566686 678.0888894027942
98 706.3642691415314 567.5638051044084
103 311.3346113164723 10.502868596048382
107 46.858852522637534 306.41763341067286
108 435.2601159791182 345.75775625909364
109 667.0160502989324 204.43012959021667
111 535.2754936623711 328.86817305425865
112 511.8016241299305 298.6125290023202
113 615.7335536696614 113.00196809181428
114 166.13225058004645 361.04408352668213
115 288.3596740208242 345.5268212023284
116 415.8029262755192 495.22134350131034
117 462.0533642691416 212.4640371229698
118 581.9501160092808 679.5034802784223
119 592.1719297509355 115.49264718285264
120 237.86990077180158 169.22237512527315
121 37.467517401392115 224.6450116009281
123 163.68596670569312 629.6769244540168
131 350.0787893229157 386.6671135545695
132 276.1799399980321 571.3394562056723
134 541.6635730858469 485.1276102088167
136 365.9421500752327 587.7401392111368
139 281.53202031255876 141.8429697576489
141 607.8607888631091 100.37122969837587
143 525.0132868244033 246.95603429520082
144 625.6954869583603 11.43668655361945
145 417.3373811450993 202.19058496762412
146 574.854988399072 380.00464037122964
147 337.2587006960557 516.0139211136891
152 99.01333018937063 204.79898002286083
153 699.9898417069663 192.11136890951275
154 490.6972157772622 183.82830626450115
155 190.16006256768975 263.07942350010404
156 556.1755683283222 408.0556844547564
157 352.7250580046404 423.4849187935035
158 528.7897618520292 456.9671464933472
159 452.00938392952355 526.3154664398318
160 611.9675285184256 484.9111241670956
161 394.4630144773337 520.2583577250911
162 82.16473317865433 202.20417633410673
163 202.4419953596288 397.17401392111367
164 355.99883990719263 530.5336426914153
165 105.25638051044086 235.26682134570765
166 123.58152338736971 41.354491431587675
167 76.40044683722199 305.7858536522248
168 204.67366164615606 584.9190925420079
169 533.8993935527933 658.9861294750167
170 133.04925596714278 682.7776429023633
173 688.8386719230216 627.2908537135534
201 553.8880746136294 515.7305873528423
202 124.08122976773915 31.373888991509357
233 571.2274423549477 424.44999111436033
237 621.6820943527804 510.66840271708537
243 392.9324118298708 434.64501160092806
244 638.8129797329469 382.61750798230577
245 27.84106728538285 257.01160092807424
246 323.41415313225065 101.76334106728538
