# pedestrianID x y
28 694.5127610208817 195.4570765661253
29 721.1299303944315 202.20417633410673
39 131.52900232018564 123.20185614849188
49 185.2474425130268 674.1526180235577
60 228.98846149310438 528.3065719733188
62 731.4786511728558 312.28454842090053
65 719.9085271890602 290.88167053364265
67 583.4396751740139 110.21345707656613
69 429.89443155452443 306.41763341067286
70 527.2623326756966 162.5264889747
72 458.8236658932715 281.322505800464
73 380.20417633410676 542.7610208816706
74 736.6948955916474 187.12761020881672
75 628.062790740203 484.62488886906436
76 700.9825986078886 214.1902552204176
77 603.5730858468678 356.8816705336427
78 115.0777262180975 575.0951276102088
79 252.60324825986083 111.63805104408353
80 255.754060324826 97.60092807424593
81 356.800464037123 50.909512761020885
96 677.1290684970227 294.8420844956299
100 625.711532158694 65.21461159096724
103 171.01549997822818 97.21194020591217
106 584.7963197102749 98.80259775230425
107 188.34142551872912 332.41149504240263
108 439.9640485604729 242.0699334617079
109 676.5118931739025 345.921875466309
110 631.8512168167662 416.8445475638051
111 468.7772621809745 403.68909512761024
112 457.5696055684455 380.00464037122964
113 491.03632366715703 146.39567441669644
114 164.91105383029904 488.13751249646515
115 280.0498839907193 427.93503480278423
116 308.6577726218098 570.0696055684455
117 446.3921113689096 352.737819025522
119 712.5725742903345 340.0722651709612
120 264.5649651972158 113.06728538283062
131 360.5855514306947 374.9650325605553
132 233.80652380279173 606.3357377630498
134 501.12196169341183 511.2111368909513
136 500.5498839907193 513.6102088167054
138 146.74090046308464 658.4138346756068
139 305.4488501561307 157.36873964834945
141 617.8100917736491 196.16412497027332
143 485.0390434142926 330.4856216001944
144 582.5649651972158 107.37819025522042
145 401.06999178159106 313.49873539964955
146 514.7045394260359 489.8283062645012
147 250.55527112329867 585.502344604298
152 77.30998694185402 199.9523224361641
153 684.8584686774942 296.67285382830624
154 473.37587006960564 312.3201856148492
155 170.21355869797497 373.35487326994394
156 456.93851508120656 441.3967517401392
157 333.98974973496183 446.3609019734204
158 413.32014421947923 509.120030397246
159 490.5301624129931 516.0139211136891
160 499.0394431554525 475.7819025522042
161 392.50348027842233 552.6264501160093
162 94.44547563805111 348.6125290023202
163 206.67834640797898 235.810241881814
164 257.7882362748826 599.1397879796376
168 155.21110856905946 654.3560575982015
201 521.6214042163504 415.9079372542542
202 182.65153490505182 82.84728777541368
233 563.0401204265672 431.85707117739014
237 549.0649867508154 585.2018561484919
243 422.4723542649178 355.93795852786417
244 573.8059892920484 363.0901387056223
246 316.90999758469167 60.69326795004716
