# pedestrianID x y
3 138.2873252121762 692.1914007391084
16 375.42343387471004 174.04176334106728
19 138.2297387879613 499.51268641429806
86 204.1092313505883 639.939594928284
87 60.5730858468678 687.6334106728539
91 577.6881552095944 637.7172338554151
92 69.01044083526688 652.7053364269142
93 544.2911832946636 464.20417633410676
94 548.354988399072 485.1276102088167
95 685.070765661253 482.78422273781905
125 212.48178290796233 632.1885537715191
127 224.6585289051073 599.316845003331
129 701.3994370583157 522.2557394515748
130 471.3936881003461 176.5115085130324
148 380.6739708849567 567.5638051044084
149 195.61168268979443 582.6682134570766
173 63.954372913167354 274.5035188798273
178 132.09148029890795 688.6695960605254
179 391.1994056052951 416.8445475638051
180 149.469837587007 464.20417633410676
181 643.7337805088126 321.1689316895447
182 538.901568206491 192.7900187945601
183 365.87772647410543 144.43856652821
184 595.8665893271461 423.4849187935035
185 458.4002320185615 414.6403712296984
186 543.626047926685 127.12078686351374
233 661.2726863857133 341.28214326149214
245 353.0850177294591 377.4523055586241
246 372.1754305099595 357.6927058368102
247 364.4687408732915 338.15174334933687
248 356.7200165438394 335.10296008154336
249 383.98468755739526 352.49092028036307
250 156.05176584168964 56.660849089937635
251 455.3922606182397 394.59088699613136
252 166.42682331296396 182.18561484918794
253 346.9235431114535 349.38113407452283
254 362.3143412403558 328.4820974422816
255 170.09619982470167 214.48114542267996
256 416.67521098887687 430.1670533642691
257 540.7958236658933 448.19025522041767
258 395.9685196503602 384.2691415313225
259 151.1438515081207 266.26914153132253
260 642.7331786542924 650.0510440835267
261 152.21577726218104 229.9350348027842
262 272.1357308584687 121.7401392111369
263 650.6960556844548 65.80510440835268
264 456.90951276102095 494.54756380510446
265 456.3955916473318 545.2204176334106
266 523.278422273782 86.70533642691416
267 267.43735498839914 167.61020881670532
268 319.4327146171694 136.56612529002322
269 406.2577169558353 63.27610208816705
270 345.37819025522043 73.50348027842227
