# pedestrianID x y
3 195.96648191729096 655.3469286272724
4 150.8051044083527 676.8027842227378
16 450.9813371810666 290.21012460223153
18 136.71227594137355 193.3919334691242
19 114.04713142936617 437.13907483410657
86 255.36524929180703 606.1533320695474
87 91.6252900232019 605.6380510440835
91 580.3710756499014 553.1895214689862
92 97.15081206496524 577.6148491879351
93 519.1260082488122 344.5058004640371
94 493.93503480278423 352.737819025522
95 699.9303944315545 348.6125290023202
125 257.42742063671193 596.5365303339133
127 259.9362877941068 562.0596741692083
128 161.86719647092312 682.883901240582
129 717.0224755285142 387.20873012714765
130 440.679498880061 313.4031315660823
148 487.7937663688361 489.8283062645012
149 144.38279790819834 499.9875641620429
172 289.477886097313 33.22969837587007
173 123.02672126386489 274.06740166664434
175 136.19925668652306 606.3742996894101
176 306.3708237391872 20.865083518928213
177 294.5132719849449 20.12743682166483
178 145.6566125290024 618.5614849187934
179 417.0386501252761 371.1430549521257
180 189.83062645011606 369.42459396751735
181 628.0672853828307 348.6125290023202
182 481.30742459396754 302.5058004640371
183 424.55285511613187 348.0212539446075
184 533.1426914153133 314.2969837587007
185 433.0359628770302 487.4756380510441
186 436.97905263804694 345.0988602224687
233 654.0676148324694 347.7901158152662
245 340.87369596899424 389.8792732470895
246 376.9323413885795 351.07601911020845
247 362.221316700511 309.15127797392853
248 348.6050806484951 310.9279250765126
249 399.27764484135434 340.9616524214225
250 187.0296597404337 167.7016306780205
251 421.83589098278645 426.70516464391864
252 204.83670758476674 295.4595661189421
253 327.71560324590376 334.9737192933603
254 358.50479612212536 292.9242017001849
255 213.69196504713045 334.2894645325101
256 357.6113689095128 459.6055684454757
257 491.3631090487239 342.4593967517402
258 472.931554524362 249.6890951276102
259 165.47215777262184 164.42227378190256
261 145.7389791183295 154.96983758700696
262 324.88324718173953 42.61689550798988
263 561.6879350348028 13.39211136890951
264 511.1960556844548 580.1392111368909
265 524.5684454756381 634.2227378190255
266 536.9860788863109 27.56844547563805
267 313.83352489684626 72.4598978693356
268 419.80245770631063 23.15397763277782
270 453.258433897093 7.932865378282887
