# pedestrianID x y
40 447.05749884166806 15.848376103373935
133 341.3042455843913 152.76027256005162
150 120.90064089130756 689.5894335051337
151 112.21731316848789 668.7614047033101
187 689.9257540603248 244.24593967517401
188 269.19953596287706 162.83526682134573
189 684.6612529002321 222.89095127610207
190 545.5359628770302 489.8283062645012
191 557.2227378190255 156.5336426914153
192 683.838747099768 224.6450116009281
193 598.8294663573087 136.56612529002322
194 541.6542923433875 144.15313225058006
195 141.82714617169376 674.106728538283
196 542.6542923433875 132.06960556844547
197 701.1403712296984 419.0533642691415
198 260.98955916473324 397.17401392111367
199 659.0313225058005 224.6450116009281
200 516.248259860789 86.70533642691416
201 471.8689095127611 101.76334106728538
203 274.5498839907193 147.22041763341068
204 274.7772621809745 132.06960556844547
205 74.7772621809745 292.80742459396754
206 148.6241299303945 105.9675174013921
207 458.3132250580047 244.24593967517401
208 381.1728538283063 392.8538283062645
209 231.84454756380512 489.8283062645012
210 340.9825986078887 22.023201856148493
211 546.8130887581658 469.9912792107953
212 480.7738881014179 200.86667006914377
213 710.001847334272 450.2169482676673
214 174.94403315937762 303.7198474750532
215 282.4748741873265 509.52567959368065
216 382.39063296786514 357.55376326324495
217 268.99469441267547 503.3171296594913
219 244.84077842300104 323.09168538087334
220 110.17019042885278 253.55777793986377
221 151.3425190697785 265.2877759904986
222 282.279047585201 571.3339390439694
223 88.0373560384678 265.1577082729837
225 96.21732104315468 227.26789971736983
226 218.50252064933375 356.2033778603684
227 71.9144894307003 340.0128130418473
228 509.5313166270695 595.9921296134075
229 223.0314230835858 633.2376330506689
232 384.28481093000255 213.93407514947188
233 235.03950931557026 545.6379252191832
