# pedestrianID x y
2 731.1085796096954 646.942695894761
3 438.5965794527711 349.9836714688547
4 441.6136454855763 352.737819025522
5 567.1106512071569 456.7932333409021
7 388.4560057871345 416.8445475638051
9 722.5259252538932 256.44426695118995
11 241.7679814385151 247.87006960556843
12 238.8990719257541 235.26682134570765
14 390.94624038831125 59.51727218055938
15 391.6716937354989 42.52900232018561
30 285.14486942168634 11.2102697424744
34 652.0429234338748 183.82830626450115
35 652.8433874709976 174.04176334106728
36 593.0974477958237 308.3805104408353
37 639.2645011600928 373.6426914153132
38 474.7633410672854 84.0278422273782
80 16.89860116547018 283.3165544629276
83 630.4292343387472 352.737819025522
86 436.51027195514064 330.27842227378187
87 291.61832946635735 40.17633410672854
90 504.08977700151524 441.36424347667594
91 352.0023201856149 138.0742459396752
92 302.8839907192576 25.33642691415313
97 589.223897911833 401.5127610208816
118 367.5208816705337 35.52668213457076
120 326.95214132110635 520.5327809297172
121 575.5274476284555 361.7305962312608
122 444.49321755496373 209.12132723718852
123 357.97679814385157 65.80510440835268
125 505.7913647264519 129.29086057712166
126 542.1125290023202 459.6055684454757
127 501.82316953393894 181.36564019262875
128 355.75986078886314 127.61484918793502
131 598.8736254815597 631.287876444345
132 379.16473317865433 123.20185614849188
147 487.44442576423785 84.62548960536657
148 428.1035083977579 14.775171053491329
159 266.8816860580937 89.46442538924971
163 488.05303314765814 173.32613034311342
166 119.10290739224563 582.6723351349088
167 318.8604102592218 42.52900232018561
168 341.5492532142947 73.63433540751113
170 318.8618677477691 28.52931432468615
171 291.33921919127823 412.61815371099595
172 437.33927355252564 558.8921055669215
173 325.008120649652 441.3967517401392
174 285.65144229676304 421.2668213457076
175 244.00444465896845 59.54117851997728
176 556.0893960805888 409.18320948240944
177 537.7238536235236 532.6130863192676
178 234.51060371763714 124.56150144113184
233 617.8087763401952 383.3717695597416
245 270.40134298245226 451.85408568022655
246 403.5147831127773 314.833073774395
247 351.0842801828869 159.13585135403883
248 343.4953096389469 209.46196192205838
249 484.23741678138083 286.22736278692986
250 226.18909512761024 455.02552204176334
251 240.85418396963564 290.88167053364265
252 637.5661252900233 666.046403712297
253 250.73665893271465 228.16705336426915
254 418.67160737460455 91.29080824894366
