# pedestrianID x y
1 401.5487238979119 148.76102088167053
2 400.87122969837594 136.56612529002322
30 171.97825970239333 465.54323911205245
31 454.0974477958237 2.0092807424593966
69 363.1171693735499 590.2830626450117
70 653.084686774942 187.12761020881672
72 660.6403712296984 255.1740139211137
73 694.4614074218288 386.40835266821347
78 205.61020881670538 352.737819025522
79 216.08584686774947 340.41763341067286
80 228.52436194895597 240.64037122969836
81 654.9083526682134 249.6890951276102
82 688.2030162412993 200.51044083526682
83 558.3190255220418 161.25290023201856
85 37.82134570765669 111.63805104408353
97 305.8462152222161 656.0904224658981
108 297.828912606016 516.0139211136891
111 547.1880438196323 163.10751149702716
112 436.9776353862962 113.11866982809833
114 214.46751740139214 174.04176334106728
115 277.4918793503481 240.64037122969836
116 617.2714617169374 416.8445475638051
117 366.3627401881861 80.04640371229698
118 570.6778353341963 664.1300090420909
120 225.82957614761278 369.8332901664992
121 200.17865429234342 233.48491879350348
122 74.80742459396754 623.7633410672854
123 251.11832946635735 504.0417633410673
124 228.62137367280965 588.2794248190362
126 304.52006349454723 25.055095100064783
127 268.59866073530856 40.98579274275997
131 371.10565071555186 431.98246232525855
132 358.4930278110251 506.4510445290114
134 732.8897931421496 356.8816705336427
136 226.07540603248265 626.3712296983758
139 314.39661084557724 56.54639596135204
143 664.3486750798983 257.5442619253627
145 474.64212198734003 36.03429563507242
146 725.1837513517183 267.13424919386875
147 389.15169728969255 447.3458732907139
154 478.88573513969294 48.85245317336026
155 311.65546122308615 79.38045691682308
156 575.223072884759 298.3534266035725
157 475.7189055858068 322.18755880132954
158 711.3064301696785 375.75870069605566
159 462.36953383813335 488.53842859063076
160 727.4174693797104 328.33386534316367
161 326.39327146171695 455.02552204176334
163 263.65661252900236 523.2529002320186
164 393.3001383957642 468.8213457076566
165 212.10120877998978 365.22505800464035
166 140.05684454756386 190.44547563805105
167 189.812390897899 352.57698363553044
168 276.4426502635163 478.5577198132715
169 365.064286112186 487.7633341957429
170 202.82418907795264 527.9454349835185
171 569.692016903852 689.7787837536619
173 604.8867487539909 583.1819192704722
201 607.554524361949 676.8027842227378
233 583.3143325798185 413.60871722155633
237 724.3694894887961 479.5797331619164
243 479.1867749419954 342.4593967517402
245 111.45790013429043 306.8765262489609
246 346.6159629866824 174.3429841725296
247 271.7646192048677 26.841005647558905
