# pedestrianID x y
27 595.2563805104409 113.06728538283062
28 514.3491879350348 98.98375870069606
29 439.8329466357309 43.712296983758705
39 93.62877030162417 273.7587006960557
49 264.9272746583987 637.4437754914237
58 28.09412105770474 221.2238619655859
60 179.9660762195538 387.3389638578575
62 595.7865429234339 365.22505800464035
64 728.5133708830081 415.72745342593447
65 599.8150291485896 388.6071417294286
67 565.4570765661254 277.53132250580046
69 385.9473773665831 193.83211304966065
70 373.3808432250626 126.13921113689095
72 472.9814385150812 324.2505800464037
73 234.54872389791188 605.6380510440835
74 592.0487238979118 103.16009280742459
75 604.1937354988399 590.2830626450117
76 520.5348027842228 121.7401392111369
77 418.3665893271462 68.35266821345708
78 71.29002320185617 676.8027842227378
79 275.8422273781903 10.232018561484919
96 552.4985705391736 377.87935034802786
100 574.0672853828307 147.22041763341068
103 157.72706445894184 229.6436126035843
106 569.4891214813339 262.5522041763341
107 251.69172172750564 370.5570734205878
108 393.42459396751747 138.0742459396752
109 642.5360253879096 423.1600109368324
110 505.619054481975 419.2168637828874
111 400.2085006798682 513.93105925536
112 404.01696680172927 468.06762562689283
113 377.7969837587007 164.42227378190256
114 134.89622439288055 609.9143791087554
115 357.841328506758 544.8854354830304
116 138.2111368909513 655.3642691415314
117 397.9164733178655 489.8283062645012
120 278.1073426572501 21.929779402818788
131 385.0297291457663 227.84948003247428
132 187.2756327613962 647.5565688754413
134 612.8341067285382 419.0533642691415
136 567.1278224849959 419.0533642691415
137 625.7224676544012 195.05286117600434
138 172.73652917915373 577.3094801212735
139 312.3097447795824 180.5475638051044
141 573.0086107042839 199.96514748153274
143 422.3384291693842 340.8783577338209
144 565.1194895591648 275.6426914153132
145 370.5197499479598 369.4641578894432
146 517.5309629576512 450.77871207243106
147 185.63820919757103 645.6628555183412
152 56.18793503480282 285.1322505800464
153 545.7900232018562 350.67285382830624
154 450.96635730858475 450.4640371229698
155 335.5638051044084 382.13457076566124
156 388.12296983758705 504.0417633410673
157 349.3341067285383 471.13689095127614
158 342.54176334106734 492.1856148491879
159 357.7784222737819 575.0951276102088
160 370.521973310253 548.3209402863997
161 290.34401922954544 602.8251939525588
162 110.55520281933144 497.61801048257485
163 146.45057609127971 247.60815573038832
164 163.41666596569124 668.7949456438163
201 501.01388142118645 384.62595800223374
202 204.3491274856426 188.38802261414017
208 225.85315437507157 2.3087338772033084
228 704.5885470436358 290.6741800746591
233 555.3664070235934 439.16657960541846
235 484.69237415626986 126.15509498872295
237 554.5241208798986 561.6128077716515
239 656.3232141316364 249.6890951276102
240 637.7118073618086 96.83132427508971
241 481.348179900236 138.3689390591031
242 471.0042640317409 131.17567689398092
243 412.4657607450172 324.6402599463269
244 518.8317865429235 441.3967517401392
246 302.6522390309624 40.64659756288486
