# pedestrianID x y
1 550.524361948956 373.6426914153132
2 548.100928074246 367.32250580046406
3 358.5116951849088 202.95798761599178
4 409.8677494199536 159.6751740139211
5 404.81322505800466 139.58700696055683
6 510.77146171693744 98.98375870069606
7 447.87470997679816 46.09280742459397
8 448.74245939675177 65.80510440835268
9 315.45707656612535 2.0092807424593966
30 172.85382830626452 356.8816705336427
31 655.3921113689096 166.0139211136891
32 515.3132250580047 120.2830626450116
33 508.64269141531327 111.63805104408353
34 366.15197215777266 22.023201856148493
35 369.016241299304 12.334106728538282
36 309.19489559164737 14.454756380510442
37 450.592807424594 9.187935034802784
69 422.7689587606617 672.1731582274398
78 64.03712296983764 480.44547563805105
79 68.2459396751741 485.1276102088167
80 163.5002953057582 325.06948962937554
83 558.7114302125433 57.65656984345271
84 534.0788863109049 175.661252900232
86 401.970323695803 173.5781641155838
88 411.64617169373554 69.63341067285383
89 412.5719257540604 15.522041763341068
97 387.8051044083527 582.6682134570766
108 210.25564256525402 610.6097934857221
111 485.1750782844721 28.03723227986412
112 321.9139095678236 65.70576823337102
114 271.92746623485874 13.409135274036103
115 427.7846036438755 58.27378190255221
118 514.7733529602617 471.13689095127614
120 197.43585028106733 516.7590366203882
121 421.2208357715132 256.708781227497
122 168.030005763113 405.3487793712084
123 394.72157772621813 369.42459396751735
124 454.03828306264506 397.17401392111367
125 407.1149934638888 76.14220101097182
126 477.4161518564555 183.74035573523406
127 406.50348027842233 192.11136890951275
131 554.4848524895809 401.2974805039889
132 446.9037122969838 436.8909512761021
136 185.43418600523933 671.7789429100358
147 416.618222794542 366.4664504357573
156 568.3172407518842 140.41487631455385
157 473.37122969837594 144.15313225058006
159 447.8164562911839 350.8900228718875
161 465.723142260457 261.95747371683314
163 402.23211233074466 401.5127610208816
164 582.2544041616904 352.737819025522
165 123.91203178614175 534.535091780843
166 153.48607888631096 363.1322505800464
167 166.90426179523678 368.08515141187
168 417.2906412119315 388.795616727522
169 220.639211136891 271.8793503480278
170 277.5742459396752 354.8074245939675
171 479.53583020277426 554.0981272089332
172 510.4740656034693 639.4256572979764
173 513.4583168978005 537.6043580268475
174 524.133977860271 648.3377791942347
176 716.3668979769282 625.7702498469807
233 596.917749543801 402.05022299174937
243 483.01812943245193 175.83756674353938
245 163.54715139443036 429.4181902029021
246 422.678389334846 281.97363977118073
247 344.85004210978593 72.81072611260977
248 319.8909512761021 100.37122969837587
249 446.5023201856149 37.84222737819026
250 451.0495503451391 626.0944278789701
251 36.124112167624986 298.3278871643632
