# pedestrianID x y
25 737.354988399072 251.5127610208817
47 561.0931418509487 521.6503544624692
49 552.0750649745232 485.3581464159131
52 731.5486240233816 284.7528527945095
55 736.6740139211138 197.13689095127611
56 731.6001420096437 229.9350348027842
57 489.2865429234339 322.25058004640374
58 113.60208816705338 615.9675174013921
59 498.24245939675177 127.61484918793502
60 347.41879350348034 96.22273781902553
61 516.5174013921114 108.79350348027842
62 158.74704515441098 609.2246305385977
63 517.1542923433875 154.96983758700696
64 463.2830626450116 58.27378190255221
65 545.7134570765662 647.401392111369
66 461.715777262181 49.698375870069604
96 233.33758700696058 260.7006960556845
100 353.0418136932321 427.93503480278423
101 666.3688104848475 443.8095326679211
102 660.1171693735499 585.2018561484919
103 545.570765661253 666.046403712297
104 504.80858468677496 82.69605568445475
105 72.55568445475637 302.5058004640371
106 132.45901694829396 645.8885146660729
107 213.3474001224274 626.3382432251385
133 145.6345707656613 585.2018561484919
134 491.6911170247034 443.6566125290023
135 426.7384870434761 473.45707656612524
136 487.39907192575413 348.6125290023202
137 312.36112011480077 511.8451157038983
138 167.9512761020882 277.53132250580046
139 253.53644432667022 452.74245939675177
140 379.0032314034989 389.0411297902049
141 305.6542923433875 489.8283062645012
142 309.9976798143852 587.7401392111368
143 323.07656612529007 547.6844547563805
144 273.08277627169963 570.6246872693159
145 191.13081903446516 650.9437959405008
146 553.2207727695273 686.796797978316
150 597.2323362398992 452.82830011399835
151 30.222391546192846 144.15313225058006
153 101.21034483903848 300.5606849704006
155 664.9212290569994 458.3830219560867
156 141.17540186573305 688.8134654688379
157 150.62960746829341 670.9251270524127
195 699.3487131178027 318.82659690111984
198 430.5310081922956 443.51009689369437
199 725.5929722539986 413.9628084747549
201 431.855535569 397.94103738898286
202 366.2906218296878 416.8445475638051
204 204.72593438009378 584.6951839971534
206 194.3291225357372 650.9048545089291
208 171.89099195968183 359.9400578529684
209 455.58584686774947 294.73781902552207
215 641.0165927692339 316.2784222737819
218 695.956125155104 288.85573928251
219 411.2747472863007 428.7402157654558
221 194.4285353756845 690.8014282880788
222 704.1600928074246 324.2505800464037
225 471.68374463095205 612.8350996419124
226 589.2923433874711 328.26450116009283
228 355.9200636560733 556.4630928333801
229 706.7447795823666 328.26450116009283
231 505.2931252538353 399.0223484154022
232 34.861948955916546 167.61020881670532
233 325.7456349258481 570.0696055684455
234 641.1810873238546 222.00123039748053
235 552.0645319289745 371.5247537706678
236 442.53712296983764 207.31322505800466
237 378.2774975087839 195.51869928283628
238 201.6914153132251 273.7587006960557
239 201.24835599016174 626.7291760662911
240 282.042375400761 566.3057199075351
241 176.39169449923708 636.9302953190636
242 210.38466241519708 339.61276179059837
243 268.0683294577675 542.3550340047035
244 216.6377847780989 650.781859477439
