# pedestrianID x y
26 427.65197215777266 34.37587006960557
39 128.4849187935035 660.6960556844548
47 608.592807424594 610.7935034802784
49 547.4537973113297 570.0696055684455
57 539.7424593967518 439.1415313225058
58 101.08916764654177 502.98816517346216
59 651.4640754215976 207.57732917976293
60 246.60788863109053 178.9141531322506
61 621.530162412993 161.25290023201856
62 200.37507681677693 525.5102325595964
63 663.6844547563805 226.40371229698377
64 589.9269141531323 127.61484918793502
65 457.34570765661255 562.5661252900231
66 591.516241299304 124.66821345707656
67 467.58120649651977 652.7053364269142
68 435.04176334106734 48.49187935034803
69 171.58584686774947 35.52668213457076
70 35.14037122969842 310.34802784222734
71 29.140371229698417 334.32018561484915
96 238.7135673007229 300.5568445475638
100 430.5047501656608 342.5746929338137
102 646.4627858755252 690.352668213457
103 461.9628770301625 582.6682134570766
104 600.1566125290024 124.66821345707656
105 71.7436194895592 445.92111368909514
106 192.23201856148498 537.8561484918793
107 247.55104408352673 565.0626450116009
108 175.04949889349564 26.311739801729612
109 581.9954647562708 678.2206232973515
110 171.6064077391649 647.4352392703355
111 132.91931099536623 691.1575749346335
133 131.91192002135801 657.4567885665415
134 427.3574488680523 401.7694577152159
135 513.2343895890449 435.1745605849542
136 469.09746368705595 416.8860911914494
137 401.56032482598613 441.3967517401392
138 186.18307480388603 368.6945394922221
139 179.99535962877036 373.6426914153132
140 447.71635947899364 249.26670024777746
141 382.0300149341514 441.28937569624264
142 442.7262180974478 513.6102088167054
143 397.6206496519722 478.11136890951275
144 410.0359628770302 501.66125290023206
145 259.51450137339987 602.1717132654278
146 476.1919317370474 643.526436553229
150 702.1037294411988 468.23942823749155
152 126.5048353796059 661.3802250507234
153 192.88835694889016 324.8474640270742
154 551.2909640076228 678.3583333944699
155 590.4125955626027 442.7511960782535
156 192.41382239956934 651.6326346290101
157 190.2235080131169 623.3731024652972
159 164.40177032769506 676.0607043060056
195 574.832821644681 273.7587006960557
198 513.7342309217638 421.1291238706582
201 537.0145074209474 336.3480278422274
202 310.324926088117 422.64709026069283
204 158.3008077382739 644.9298020499973
208 186.95475638051047 342.4593967517402
209 356.63291317025846 142.62645011600927
215 703.4057507615678 283.3828521109743
219 535.6631876170558 358.6223889569351
225 549.8181285064046 678.2406156989678
226 614.4215178122637 226.40371229698377
228 435.60947629075946 493.1445205534638
231 545.2726218097448 487.4756380510441
233 447.7018561484919 511.2111368909513
234 656.8585521808693 242.36500061093935
235 545.5660347395386 287.8192831343157
236 540.254681422183 226.40371229698377
237 469.83178654292345 221.14153132250578
238 275.97099767981445 174.04176334106728
239 294.83954793799074 525.9817101390706
240 393.9264477127765 478.8736733541733
241 262.1202862901818 526.5907561153615
242 311.30157696550333 373.8387187187923
243 300.51200906399157 506.6247962732751
244 290.71933572118917 613.1317394976514
