# pedestrianID x y
1 365.65197215777266 126.13921113689095
2 365.49419953596293 114.50116009280742
30 166.64400106376502 491.40321886602055
69 361.25156390020516 563.8387977959557
70 619.1880007582457 162.83526682134573
72 626.808584686775 238.8445475638051
73 657.3629883245475 399.34106728538285
78 216.63341067285387 365.22505800464035
79 216.49767981438518 322.25058004640374
80 224.1531322505801 266.26914153132253
81 619.8955916473319 233.48491879350348
82 646.2412993039443 182.18561484918794
83 560.2819025522042 193.78190255220417
85 49.9118329466358 55.800464037122964
97 289.19435823287995 660.0789216968126
98 622.0127610208817 674.106728538283
108 317.4489559164734 487.4756380510441
109 643.572000035362 28.663807310070887
111 548.6215682139807 195.06021662888455
112 470.2234546931949 140.53723313674618
114 194.8871127677741 199.38859328264016
115 267.4421674425447 273.25681157531557
116 583.3947508059315 430.1670533642691
117 393.77557386724135 100.37122969837587
118 569.9970103555512 691.3009798715624
120 253.6870737540754 347.8721198699693
121 204.1497912614919 216.72984659193213
122 71.56032482598613 647.401392111369
123 227.57424593967522 525.675174013921
124 200.85562842229737 619.38534525939
127 271.2838843898113 28.086060010785808
131 349.69717184810264 397.426736532984
132 347.2353992728243 514.9762174994687
134 703.1478621913596 380.00464037122964
136 211.81264068609045 628.9837587006961
139 288.6634484732495 89.71855838450075
141 624.0425761405398 18.679941988179863
143 629.510041894497 238.8445475638051
145 462.4422990564089 66.90781850572895
146 699.2083467677447 270.566165410176
147 417.2501215922056 445.40826602686815
152 97.82353305042008 32.77402241227804
154 466.7305090906363 77.25861271295702
155 285.1683838226268 111.63805104408353
156 544.1635730858469 298.6125290023202
157 463.89329104490145 350.67285382830624
158 675.4169129621417 390.70069605568443
159 460.5863713109593 495.7263615299839
160 696.8324412347673 348.6125290023202
161 324.9209133907534 448.93219810685537
162 83.516241299304 30.951276102088165
163 249.83410672853833 525.675174013921
164 413.4118719980324 504.274424062834
165 214.81206496519727 352.737819025522
166 136.9895591647332 164.42227378190256
167 170.6595892875698 345.0890963164672
168 263.74847939948734 496.96421920676386
169 392.22128688560986 514.4439862606745
170 189.40426142208503 559.9240030169046
173 619.0404715449621 590.7643649306914
201 604.5160652076174 651.3482796553101
233 581.256651079079 415.64918378190873
237 706.787415165144 484.39323246695665
243 466.29962201906164 371.96996545196924
245 108.86726609638977 267.4146411813142
246 344.17950498873506 164.00392275126896
247 273.6718654692095 18.570215523738213
