# pedestrianID x y
20 602.8491879350348 209.02552204176334
21 698.1972157772623 226.40371229698377
22 729.7401392111369 285.1322505800464
23 644.8433874709976 228.16705336426915
25 539.0301624129931 138.0742459396752
40 715.9838018121634 415.64302659551106
41 699.621054769813 377.2215058083032
43 730.7285382830627 185.4756380510441
44 717.1809744779583 233.48491879350348
45 696.8897911832946 214.1902552204176
46 646.6589327146172 395.01160092807424
47 489.0046403712297 365.22505800464035
48 677.3271461716938 192.11136890951275
49 496.301668560499 329.32175310637496
50 721.8329466357309 273.7587006960557
52 634.1334106728539 214.1902552204176
53 643.4988399071926 395.01160092807424
54 596.5603248259861 154.96983758700696
55 608.6728538283063 144.15313225058006
56 534.9554031995391 120.2830626450116
57 401.0406032482599 139.58700696055683
59 319.439675174014 15.522041763341068
61 404.2899156523464 20.15166722573499
63 326.51795411828954 31.064645838956398
96 56.3860618958411 261.693023260753
99 576.7783195039897 185.97223362838565
100 201.54098853595104 548.3613386412344
101 512.7865429234339 480.44547563805105
102 708.7781659324362 409.8230330665826
107 144.24683364279713 682.7312011679206
133 131.37958245708109 426.90796958050123
134 340.75955562862595 503.6978256360637
135 510.754060324826 513.6102088167054
136 403.86426914153134 167.61020881670532
137 399.6914153132251 562.5661252900231
138 164.0696055684455 58.27378190255221
139 394.97215777262187 587.7401392111368
140 238.3747438009758 569.2921747953218
141 229.15050098535897 592.767806099699
143 240.75023325616453 602.7954743873025
144 166.32286500081818 666.7799313430436
150 439.8435933665822 525.675174013921
151 90.20417633410676 251.5127610208817
187 675.1693735498841 671.415313225058
192 623.4557420933048 630.3383224142839
195 522.649871252385 436.8909512761021
198 387.3034070498736 416.06623227721883
199 691.477958236659 489.8283062645012
201 380.9372484399296 379.9945800815393
202 268.8425342424927 513.0064942244416
204 196.33526682134575 441.3967517401392
205 96.68719468080936 687.7600556049254
206 248.03712296983764 587.7401392111368
207 613.8236658932715 698.538283062645
208 216.40528772428374 298.57838301663384
209 500.6115037237245 452.11762139829665
214 214.64687441009266 629.3108791235451
215 513.5092807424594 405.87006960556846
216 684.3881644904999 397.29297360255794
217 670.7280404503628 330.0218865570481
218 512.029280629043 414.5484349104501
219 343.5298616696252 473.45707656612524
220 217.3758700696056 676.8027842227378
221 242.46635730858475 623.7633410672854
222 587.2529002320186 452.74245939675177
223 201.1341848757161 631.2231700244924
224 717.1357674165914 416.877819234983
225 359.4675174013922 545.2204176334106
226 575.0241394085289 403.8774863919367
228 238.17573168684945 646.0670031193695
229 578.6438515081206 384.2691415313225
230 677.8074245939675 365.22505800464035
231 477.48491879350354 324.2505800464037
232 163.72853828306268 178.9141531322506
233 354.26566125290026 565.0626450116009
234 433.60788863109053 166.0139211136891
235 583.3132250580047 425.70765661252904
236 237.5926606457575 196.8386424967593
237 227.88341822928396 165.99129575234915
238 59.62930305865446 285.11791950343525
242 75.10170524395352 297.8050256802465
243 227.64404035473652 591.849853193607
