# pedestrianID x y
25 699.4396751740139 238.8445475638051
46 723.7393021586855 431.28278080341113
47 546.3259860788863 496.91415313225053
49 535.5232018561485 459.6055684454757
52 715.2331786542924 310.34802784222734
54 724.802784222738 215.92111368909514
55 712.1020881670534 188.78422273781902
56 692.5969541428185 217.65661252900233
57 478.65545243619493 290.88167053364265
58 104.54414685817632 629.4397977118252
59 461.1148491879351 110.21345707656613
60 377.6264501160093 76.10672853828305
61 489.4443155452436 93.48027842227378
62 135.2563805104409 631.6009280742459
63 477.0719257540604 135.06264501160092
64 429.5208816705337 40.17633410672854
65 558.9628770301624 671.415313225058
66 428.09048723897916 29.819025522041763
96 216.24245939675177 260.7006960556845
100 314.8392534720257 427.93503480278423
101 646.6140538921372 434.41916451113724
102 662.7928951156315 558.4256480369705
103 559.1508120649653 693.07656612529
104 480.7668213457077 67.07656612529003
105 64.76334106728547 262.5522041763341
106 127.58495778705982 681.0619153767938
107 200.2048103949612 636.9757208363808
133 142.86774941995364 562.5661252900231
134 467.02900232018567 445.92111368909514
135 391.682867050221 484.06011528257926
136 480.29350348027845 322.25058004640374
137 327.59823402252033 520.7691789673603
138 162.01160092807427 237.05336426914153
139 281.45322026151115 475.7819025522042
140 376.8165864466028 433.2560706199968
141 287.1271585983862 515.6207681916537
142 273.85266821345715 605.6380510440835
143 294.86542923433876 562.5661252900231
144 253.49249746036907 589.8288723008343
145 170.36408892470243 665.2446674207243
150 579.6396244918444 450.4640371229698
151 54.27030162413001 145.6844547563805
153 79.60576102039876 294.26184027200054
155 684.5010963609346 462.68772367196084
157 139.8068751940672 683.01705300041
195 670.9752328004719 348.6125290023202
198 402.729758820729 459.53877741124825
199 723.319749901025 405.20096432242434
201 398.85683163765043 397.17401392111367
202 334.75174013921117 443.6566125290023
204 202.41106650262236 567.5638051044084
206 218.77330656469968 635.5911222713505
208 167.69818586148554 353.0301650519172
209 469.41041564650334 331.6409030220141
215 617.0398139620187 332.2969837587007
216 727.9849004448215 459.58273113113734
218 672.7197076956909 310.83428929851465
219 401.2108646002745 436.5449637682518
221 219.43593717696922 687.573178172741
222 670.8025076942278 348.6125290023202
225 448.67328568775525 594.649254056989
226 587.0011600928075 358.96055684454757
228 330.6390534803638 574.1406145389337
229 684.1600928074247 340.41763341067286
231 498.51023632366474 387.5349518646421
232 58.249419953596316 167.61020881670532
233 333.437170046571 574.5113252300433
234 632.3445475638052 217.65661252900233
235 566.0643917539534 374.4030389350252
236 410.07795682825036 203.90255220417635
237 328.1614610737162 188.78422273781902
238 203.41183294663577 306.41763341067286
239 171.5813118567259 652.0408339551484
240 251.4612092248241 589.3223352369258
241 154.04807069939082 666.0771080423029
242 186.59913700293365 330.57038177133694
243 260.7544717248585 550.4696383814237
244 196.6767536601559 661.3829289380058
