# pedestrianID x y
3 215.21957703637352 644.3875975399893
4 152.85614849187937 655.3642691415314
16 462.44086453535203 342.3263415820642
18 186.099516935407 159.6751740139211
19 102.77958236658935 425.70765661252904
87 107.71693735498843 577.6148491879351
91 571.9791183294665 513.6102088167054
92 115.87122969837591 555.1044083526682
93 548.5683792430355 307.15833429594346
94 471.52436194895597 308.3805104408353
95 702.4825986078887 296.67285382830624
125 272.56198796579565 582.027949775229
127 273.6197165654112 548.6462891027644
128 175.46986803800255 666.5375171243488
129 718.8074975775047 330.27842227378187
130 425.00002162290315 368.81312351134164
132 287.42463770633947 19.296135069228527
148 514.0822463206565 459.65392922124454
149 132.2436517754478 478.75110953959114
172 321.32877276485897 70.22294714683665
173 143.20837760104166 273.92951802134644
175 136.7946635730859 585.2018561484919
176 341.55818320483087 54.638835714499784
177 325.9184585251201 57.03480278422274
178 143.03480278422276 592.830626450116
179 417.4850782703296 357.78695900085427
180 207.41995359628774 336.3480278422274
181 631.2633410672854 397.17401392111367
182 447.7853828306265 350.67285382830624
183 423.79350348027845 466.5104408352668
184 517.6218097447796 266.26914153132253
185 391.9547563805105 525.675174013921
186 417.2772621809745 388.55220417633416
233 651.7423318205052 350.0119958782752
245 336.27878930481893 394.3095526474144
246 378.6649030084531 348.63759405262016
247 361.4726530851464 299.3560451494433
248 345.59455869168187 301.7876048855145
249 404.902268988514 337.3019254694848
250 188.82879241481243 212.4640371229698
251 418.29063949091045 443.6566125290023
252 222.8759778708088 331.5824012056371
253 320.92559327229657 329.33045665944127
254 356.8699769168438 280.3919893519146
255 224.50715464634033 373.6426914153132
256 322.6593727584376 479.9808845789154
257 467.8491879350348 300.5568445475638
258 445.27887130047793 217.0267484101763
259 201.26682134570768 132.06960556844547
261 170.6067285382831 124.66821345707656
262 349.46171693735505 14.454756380510442
263 529.0429234338748 1.0023201856148491
264 530.2481436642993 611.2639285856652
265 551.7970950849478 664.2071438589767
266 510.56813071499664 16.418039662167185
267 300.9198426155159 47.053457861055755
