# pedestrianID x y
3 428.42923433874716 361.04408352668213
4 431.7447795823666 365.22505800464035
5 565.1994201409979 487.6080018720773
7 363.95755907545305 437.3961320330244
11 231.55220417633416 277.53132250580046
12 228.6531322505801 264.40835266821347
14 410.02436194895597 77.41531322505801
15 408.5916473317866 60.76566125290023
34 673.3248259860788 192.11136890951275
35 673.4048723897913 180.5475638051044
36 596.0788863109049 316.2784222737819
37 643.9222737819025 397.17401392111367
38 494.3457076566126 100.37122969837587
80 7.391254718113258 279.1996950744344
83 634.5939675174014 373.6426914153132
86 425.80742459396754 340.41763341067286
87 275.97099767981445 59.51740139211137
90 499.046403712297 421.2668213457076
91 366.04640371229704 156.5336426914153
92 286.8399071925754 43.712296983758705
97 608.0657300243386 392.8538283062645
118 351.5023201856149 17.670533642691414
120 302.70301624129934 532.969837587007
121 590.0823665893272 358.96055684454757
122 453.1620698465962 213.92815552313186
123 343.49983326076693 52.844855492250325
125 502.6365914445849 137.97575856705785
126 553.0895112996893 473.45707656612524
127 499.1310472625525 184.0902016055053
128 372.17981438515085 142.62645011600927
131 595.3681127069779 639.3999145931801
132 375.7448396086975 124.9265060099138
147 496.8849985797922 65.36035389840994
148 411.6063370627717 20.75920768994018
149 15.52230359491329 260.1302729156088
159 248.52951238147827 74.80278422273781
163 497.15041294996564 170.03603924271172
166 119.93362126334658 600.2153440959312
167 340.43354483823913 26.450116009280745
168 327.42497027182577 63.75356940287657
170 339.43490500798407 12.39728738315706
171 281.7761020881671 392.8538283062645
172 442.91799625577795 561.0669177537674
173 303.41799991493696 456.74354021040426
174 269.4196942925086 410.9482004341285
175 235.62260104965438 79.1079159936059
176 546.2051888386515 393.9967727945005
177 534.2460856212693 513.5998054265501
178 228.80898037986606 142.80322719491267
233 619.2589561624904 382.1802943013558
245 272.4635221538737 449.40789316930795
246 402.6839718805996 316.1867525435405
247 351.4481856566577 163.39722022206482
248 331.59251301342266 202.03486139232263
249 481.2512234776549 287.8865479497701
250 241.45707656612532 448.19025522041767
251 254.6779773483572 306.41763341067286
252 636.8967517401393 647.401392111369
253 240.17053364269145 249.6890951276102
254 409.2969837587007 97.60092807424593
