# pedestrianID x y
188 543.0449386577912 106.47190990872198
190 705.6433052074999 476.9085022215258
198 172.82474703917856 353.407417288661
199 604.5192923740366 162.78752574177972
201 463.60146100266735 14.260048903359273
208 423.9362861635871 465.66495494632
209 172.86046737400264 601.2241666316902
211 360.422192595351 568.7547071946079
215 188.13893730631642 628.6627925547634
216 231.2316105230181 327.8427371759874
219 140.58782250448 301.4252994436476
222 145.36305095618349 680.9506469601753
226 71.04908502363381 300.6537214772381
232 518.8103958797403 232.17514414274166
233 209.57574911573678 579.9943228670013
