# pedestrianID x y
3 204.83635302337694 650.1064340558481
4 149.99071925754063 666.046403712297
16 457.40419752440965 318.6934689279109
18 161.43967517401398 177.28538283062645
19 109.78770301624135 432.40371229698377
86 262.0555154203222 599.467004280432
87 98.32598607888633 595.3828306264501
91 576.6336520801359 536.535950617058
92 105.1867749419954 570.0696055684455
93 533.1752027020152 325.58781261360355
94 485.592807424594 330.27842227378187
95 701.6925754060326 326.25522041763344
125 265.0210023124987 589.0763968230638
127 265.6507359109141 555.9217444730505
128 172.99535962877033 676.8027842227378
129 718.4984702908109 361.7134201044828
130 436.2945260652207 338.8334337983168
132 311.9827801138361 3.8047986862849354
148 504.0301624129931 475.7819025522042
149 138.2509534581198 491.67965050959776
172 304.0004193108033 50.4999507201495
173 131.49030772283237 274.0092510304816
175 135.36194895591652 597.9396751740139
176 322.3267541704825 39.00696055684455
177 308.6310188114447 39.82252158936156
178 143.4350348027843 605.6380510440835
179 417.2400373945031 364.07628817674225
180 197.9419953596288 352.737819025522
181 631.0684454756381 371.53132250580046
182 460.9580810632173 321.3483417544342
183 413.20881670533646 448.19025522041767
184 527.4373549883991 294.73781902552207
185 413.5742459396752 506.42691415313226
186 427.8573085846868 380.00464037122964
233 652.8503074169261 349.0811629863864
245 338.7674604277261 391.8294606204188
246 377.69410822860385 349.8526054484567
247 361.8781811782645 304.91468558015094
248 347.1958712408523 306.1573579296407
249 401.8837212385439 339.40507391563835
250 189.0926741142445 190.72572040482785
251 414.5184389157396 430.1670533642691
252 214.59628770301626 312.3201856148492
253 324.27866497390715 331.86705298098343
254 357.7810454380864 286.8221379805866
255 219.20765661252906 354.8074245939675
256 341.0197215777263 473.45707656612524
257 481.7923433874711 322.25058004640374
258 470.36816810246046 237.77066273858682
259 178.09512761020886 147.22041763341068
261 156.71229698375873 141.1044083526682
262 340.82598607888633 27.56844547563805
263 546.2645011600928 6.08352668213457
264 519.3225058004641 592.830626450116
265 536.8259860788863 650.0510440835267
266 524.0608763694843 20.928238376066336
267 308.22445377895644 59.48740211798298
268 441.23700877654585 13.579035747280662
