# pedestrianID x y
245 427.5839804277782 459.55281610690207
246 422.15082370474727 449.720078768697
247 432.8724146498799 463.3006405751251
248 436.514618179419 467.81845630273756
249 333.25361548575194 464.0372552535251
251 732.1034942057179 266.56633794444195
253 446.352468198187 488.48865027999506
254 443.45408056740865 479.06390546001904
256 459.7291670468624 56.85049444669641
259 127.13821148386687 665.3745102909018
261 130.80654890816996 597.0938542294301
264 136.00553923810492 383.94126512183163
265 695.8151209501403 463.407882081482
267 644.1498005532472 239.8525353433168
269 140.7833666695109 221.49356120299566
271 563.2862109626561 576.1594273469982
272 732.8277776439604 259.29751422212365
