# pedestrianID x y
3 432.8236658932715 356.8816705336427
4 436.1438515081207 361.04408352668213
5 565.9183842654687 476.70245484693504
7 372.14518449627127 431.1547077880596
11 232.5440835266822 268.13457076566124
12 229.67981438515085 255.1740139211137
14 402.23821344520906 72.86452799981814
15 403.58584686774947 54.5707656612529
34 665.570765661253 188.78422273781902
35 664.9512761020883 178.9141531322506
36 593.0951276102089 316.2784222737819
37 640.2343387470999 386.40835266821347
38 487.3364269141532 94.8491879350348
80 11.430920872714607 280.9046307659081
83 632.0126534421033 366.108044767694
86 430.13689095127614 336.3480278422274
87 282.4976798143852 52.125290023201856
90 501.28422273781905 427.93503480278423
91 359.59860788863114 150.3062645011601
92 294.1832946635731 36.682134570765655
97 598.7127658655321 395.01160092807424
118 359.90542806578907 26.76171708046581
120 311.4176334106729 528.1020881670534
121 584.9477648923009 360.80523013183966
122 450.2149914609722 212.4328820134795
123 350.0870069605569 59.51740139211137
125 505.9537087550977 129.11343035167616
126 548.0093888716901 467.64373113167284
127 499.8670691734788 183.202932588079
128 364.5197215777263 135.06264501160092
131 596.6262996807892 635.9315136142344
132 377.416005996431 124.340243733623
147 494.6821345707657 73.50348027842227
148 417.6801138810099 18.92431877543242
149 11.182965920617178 263.83890455556605
159 256.80807115096314 80.04640371229698
163 493.25280896627123 171.29788289621555
166 119.65238603439704 593.2145740633227
167 332.15499496033425 32.08816705336427
168 333.0433698916928 68.29391283994589
170 330.4711159665414 18.751740139211137
171 287.0738192373838 399.38391024215207
172 440.6908690435627 560.1281031521212
173 312.45828021058935 452.1551860816023
174 277.2465958999972 420.614339765551
175 239.50534196573278 71.0952928048732
176 549.2450648567468 399.01343427522266
177 535.508402524186 519.1453529223955
178 230.58850699524936 136.5552660988693
233 618.6648117852862 382.61632309772796
245 271.8644831422857 450.3155090421316
246 402.983617592309 315.6770775538596
247 351.3288404537805 161.57567819353332
248 336.00500873883124 204.58135396062255
249 482.53292708641993 287.468400099671
250 234.74361948955922 450.4640371229698
251 248.15661252900236 302.5058004640371
252 636.1415313225059 655.3642691415314
253 244.94895591647335 244.24593967517401
254 416.3190255220418 96.22273781902553
