# pedestrianID x y
1 534.9524361948957 338.3805104408353
2 531.106728538283 332.2969837587007
3 361.6990215862236 177.8282362734785
4 371.92923433874716 130.58004640371232
5 367.9303944315546 114.50116009280742
6 471.71229698375873 73.50348027842227
7 416.762180974478 24.22737819025522
8 407.80394431554527 40.17633410672854
30 163.00580046403718 384.2691415313225
31 619.7563805104409 147.22041763341068
32 477.14153132250584 97.60092807424593
33 470.55220417633416 86.70533642691416
34 341.45243619489565 6.08352668213457
69 402.0199946359416 667.7940199828865
78 88.32018561484927 485.1276102088167
79 91.66589327146175 485.1276102088167
80 164.20473311259596 308.71279179558917
83 557.8364269141532 59.51740139211137
84 566.723897911833 198.82134570765663
86 357.762616763592 147.19831288327364
88 378.33642691415315 36.682134570765655
97 375.63225058004645 600.5011600928074
108 224.4498407324839 596.0937218994334
111 499.50503411149185 49.02286484807297
112 322.69586981183454 63.07683012491628
114 261.99414508389447 39.2219831576868
115 399.62566714952106 82.69605568445475
118 521.4686689270752 502.5317925597063
120 201.04141054221964 494.6882104648283
121 409.67053364269145 226.40371229698377
122 133.39008644120887 455.6122799698367
123 377.9837587006961 390.70069605568443
124 418.01422788525787 404.6877997779495
125 367.21751501924064 45.465610595328506
126 455.2624779533454 154.96983758700696
127 359.6635730858469 162.83526682134573
131 538.5546982808982 364.73884858562514
132 416.2490996993546 454.5528321860632
136 199.18759768119955 665.3560824236611
147 396.1340669718446 399.0149679655692
156 563.4371125833247 171.11785301060092
157 493.4383356589452 167.78173138235599
159 445.1925754060325 382.13457076566124
161 452.925854695328 299.1025560884043
163 381.67053364269145 421.2668213457076
164 551.5265664420548 370.5444610200479
165 144.30024789992873 494.0087478340703
166 156.81670533642696 340.41763341067286
167 151.49082262110974 386.6478524852059
168 377.9327696915575 406.52511237545747
169 238.75638051044086 308.3805104408353
170 273.12513177448346 383.5220318537375
171 495.11281908454663 573.5427206756548
172 525.2263467048757 653.9905131455708
173 528.3948747053273 545.1772436620129
174 544.5094224043683 667.8220638856749
176 732.6284526870787 643.9520722797149
233 594.8386922709516 403.88801884372054
243 501.83095208788393 196.59209571155915
245 137.69953596287706 441.3967517401392
246 411.1606998724425 251.5127610208817
247 344.2958236658933 69.63341067285383
248 322.8051044083527 65.80510440835268
249 416.5730858468678 14.454756380510442
250 469.38945116846605 637.3929694353441
251 24.583710512915022 289.70249175966615
