# pedestrianID x y
0 720.2041763341067 159.6751740139211
1 322.3422273781903 74.80278422273781
2 324.0672853828307 63.27610208816705
30 157.96837563439587 533.0441339592207
69 355.9939927131649 520.2627778489596
70 598.4209456842163 146.0907010055299
72 569.9060324825987 207.31322505800466
73 598.2703964364184 427.8269350080115
78 211.516241299304 401.5127610208816
79 218.9037122969838 287.04408352668213
80 217.762180974478 271.8793503480278
81 563.4106728538284 202.20417633410673
82 574.0672853828307 147.22041763341068
83 556.4582366589327 142.62645011600927
97 263.2413616569194 665.6815163728655
98 677.0174013921114 647.401392111369
108 360.84106728538285 441.3967517401392
109 653.024854994572 87.27167566496183
111 549.554524361949 244.24593967517401
112 508.19096944310735 218.3678410769041
113 731.3207979760639 183.22917816176607
114 172.45823665893278 249.6890951276102
115 271.79699823723377 298.0465583621043
116 512.088409254825 451.9747977820927
117 441.02756122785047 129.28062527073857
118 570.8550795339416 646.9955851810784
119 574.0977819021424 16.595886898051944
120 318.97390533498464 206.1843341693989
121 119.70602238278526 209.97712336396324
122 70.22157772621813 684.9187935034803
123 207.15703833195136 562.5314901585633
124 153.46230911149482 667.0076430424496
131 356.6615643324212 386.40835266821347
132 312.90487238979125 537.8561484918793
134 653.0079709384271 419.0746526170084
136 258.939675174014 618.5614849187934
139 260.8123002736904 129.7695011175167
143 571.2610208816706 207.31322505800466
145 444.6866870252973 114.66997824918514
146 662.7501318718319 300.7728640631063
147 422.63805104408357 439.1415313225058
152 100.10226867823714 91.0209162932764
153 735.9582366589327 175.661252900232
154 448.6571997066743 128.291085772728
155 245.34918793503485 167.61020881670532
156 563.7904389449723 350.1728615628771
157 440.83518110505787 350.67285382830624
158 628.4811570778099 400.06004198153505
159 457.49368272819294 505.74528241571034
160 650.7991891440433 389.82614410789955
161 416.7698299621696 477.88098249797645
162 82.72157772621813 86.70533642691416
163 226.27958236658938 496.91415313225053
164 373.04640371229704 518.4222737819025
165 168.22079614039217 300.55554562579835
166 140.96287703016247 120.2830626450116
167 140.27923656602596 331.82212759550754
168 243.89402408696532 525.995347733895
169 441.48562222574714 558.7496425305388
170 170.29194176488355 601.2487836835427
173 643.8135946238615 603.2433722246532
201 593.953596287703 608.2134570765661
233 577.7432741341302 419.0096332972967
237 676.4749140645586 493.67533871376685
243 441.1035579212021 422.2495921779065
244 729.8446286263031 318.26450116009283
245 90.41724631568887 242.84321944856703
246 339.24709976798147 148.76102088167053
