# pedestrianID x y
20 166.83178654292348 210.74245939675174
21 403.754060324826 70.91879350348029
22 306.68445475638055 29.819025522041763
23 313.35150812064967 3.020881670533643
40 584.1925754060326 182.18561484918794
41 499.2099767981439 113.06728538283062
42 504.8271461716938 93.48027842227378
43 484.61252900232023 86.70533642691416
44 471.9095127610209 68.35266821345708
45 403.48491879350354 53.34570765661253
46 318.9454756380511 54.5707656612529
47 322.0777262180975 80.04640371229698
48 400.3955916473318 42.52900232018561
49 330.94663573085853 60.76566125290023
50 299.6049590604504 12.439934999141776
133 223.28984261972215 268.13457076566124
134 225.74367804534623 626.0328069927652
137 535.7264536653132 665.2787378670822
139 513.7625047476926 666.194760961615
143 140.44659143143144 686.7593038966364
150 209.9484428598674 626.1539338067968
151 133.99883990719263 520.8352668213457
187 677.7389791183296 445.92111368909514
188 37.199535962877064 244.24593967517401
189 675.447795823666 434.64501160092806
190 504.25290023201865 628.9837587006961
192 669.0290023201857 419.0533642691415
195 271.9327146171694 567.5638051044084
196 737.8178654292344 257.01160092807424
197 661.1055684454757 626.3712296983758
198 289.7529002320186 511.2111368909513
199 663.7656612529003 416.8445475638051
200 712.0348027842227 270.0046403712297
201 508.7830626450117 264.40835266821347
202 170.2253561951856 635.3245661267027
203 53.64617169373554 221.14153132250578
204 165.14645315666752 203.09205049024786
205 88.74245939675177 504.0417633410673
206 194.27842227378193 332.2969837587007
207 549.792343387471 468.8213457076566
208 411.3723897911833 207.31322505800466
209 310.62076112129546 491.90949569067857
210 599.1937354988399 210.74245939675174
211 674.2331786542924 363.1322505800464
213 663.2099767981439 652.7053364269142
214 185.6020881670534 450.4640371229698
215 313.18909512761024 525.675174013921
216 412.9129930394432 235.26682134570765
217 334.60700781117225 471.78130622153424
218 225.36426914153137 582.6682134570766
219 237.53132250580052 480.44547563805105
220 156.18445475638055 436.8909512761021
221 221.03828306264506 401.5127610208816
222 396.64978657184446 502.3199481649759
223 159.0266821345708 414.6403712296984
224 448.0062082021636 190.44547563805105
225 215.7086218799265 313.1779243854222
226 323.2057696107218 423.4849187935035
227 173.13225058004645 489.8283062645012
228 402.5265251044522 484.5448259279112
229 364.706616998904 533.9149511711399
230 309.5237007956041 544.4973122076993
231 444.43751591729267 74.14964473446398
232 270.77463418549155 196.98031387292605
233 257.87644727256406 515.6285771374664
235 630.3620873761798 465.3695392659077
236 52.86719960317345 257.5272398177563
237 272.45340800459263 19.296206371109744
243 155.7362284884321 669.9684316467931
