# pedestrianID x y
3 187.2875199509474 660.601988703775
4 146.06264501160095 687.6334106728539
16 445.04756380510446 271.8793503480278
18 116.47200206173422 204.25866661186728
19 121.70279380524272 442.93086451104637
86 246.89939177301747 610.8729486730982
87 84.17053364269145 621.1600928074246
91 577.5997679814386 560.0742459396752
92 91.90603248259862 590.2830626450117
93 507.6567442095151 363.2932916147888
94 502.262180974478 373.6426914153132
95 699.4675174013921 371.53132250580046
125 250.1768147792401 601.046615803413
127 253.62112070549583 566.875955118056
128 150.0437993456407 688.8753182564594
129 714.5800464037123 408.0556844547564
130 446.3505941826438 289.982416086725
148 476.13749088684426 504.23250783631283
149 149.12582947617614 508.6319243940028
172 275.93416320965235 19.13835051738436
173 113.61567285100956 274.1416152761326
175 134.491779511492 624.9887087342827
176 294.61920247352043 5.185722704754341
177 281.4472342649813 4.512970150357393
178 146.38283062645013 628.9837587006961
179 416.89446347352083 376.3577166832409
180 181.57076566125295 386.40835266821347
181 628.4431554524363 328.26450116009283
182 489.91995359628777 287.04408352668213
183 440.03220643327705 243.78429648463487
184 537.1484918793504 332.2969837587007
185 442.477958236659 475.7819025522042
186 455.04697264504995 310.26421902935084
233 655.2429294601468 346.7931982459993
245 343.06154696130983 387.9628527711517
246 376.23311097728504 351.97381380466516
247 362.49651924330567 313.4171686363224
248 349.88241617699623 314.7604108210075
249 396.65232422684534 342.8387823536711
250 185.28994174823038 151.74698797677007
251 428.35687409182583 418.44850558604696
252 199.7517401392112 277.53132250580046
253 330.45594428257976 336.8110608231814
254 359.1187274343484 297.28918335389557
255 204.97331786542927 318.26450116009283
256 365.8480278422274 459.6055684454757
257 499.6206496519722 363.1322505800464
258 477.64915988831046 270.0976638386571
259 163.39095127610213 180.5475638051044
261 135.81670533642696 169.21113689095125
262 313.4501217061154 54.458930618256176
263 576.4547563805105 20.928074245939676
264 504.9141531322506 567.5638051044084
265 514.6867749419954 623.7633410672854
266 538.0116009280742 36.682134570765655
267 316.1218097447796 82.69605568445475
268 395.28131104241953 33.32073504576513
270 436.029937493351 17.063394638773893
