# pedestrianID x y
3 327.3254911469447 470.6081324179097
4 277.1252900232019 528.1020881670534
7 126.24439793418165 683.0274003967291
11 138.8758700696056 631.6009280742459
12 134.86774941995367 618.5614849187934
13 597.0023201856148 175.661252900232
14 668.3445475638051 177.28538283062645
15 728.9222737819026 235.26682134570765
16 563.002320185615 603.0672853828306
17 595.7180974477959 170.81670533642693
18 214.94417334885296 111.3816243636546
19 66.27610208816708 78.72853828306265
37 678.8410672853829 647.401392111369
83 677.1925754060326 603.0672853828306
86 373.89791183294665 443.6566125290023
87 169.49767981438518 358.96055684454757
90 349.5073235697067 140.55665957954378
91 540.1047345428767 312.91580746720496
92 179.8805104408353 338.3805104408353
93 667.4443155452436 190.44547563805105
94 459.7250580046404 44.90023201856149
97 679.9953596287703 192.11136890951275
122 590.4702791360977 314.6926626154362
125 342.8723897911833 448.19025522041767
127 355.1785015361851 383.256912468878
128 374.44193493702295 473.8181355696503
129 641.1044083526683 150.3062645011601
132 243.0713615121758 27.44793246880083
148 454.90255220417635 304.45939675174014
149 81.60208816705335 322.25058004640374
163 728.836456920732 231.70765661252898
171 198.96867749419957 90.75638051044085
172 436.3578085851194 283.1759806219011
173 268.14269141531327 410.24593967517404
174 239.07489523385516 253.43024429299234
175 161.5034802784223 361.04408352668213
176 368.2602684888314 177.28538283062645
177 431.7587006960557 226.40371229698377
178 161.72389791183298 382.13457076566124
179 465.7263751692156 178.79666184727023
180 276.0000088259615 83.98072188222258
181 602.5872042227339 587.9399439706137
182 281.66085264299767 536.4006915815868
184 465.30989511971427 18.351305677284508
185 180.5394817730933 663.3558343459656
233 636.8080073830591 363.9255527893134
245 308.5742688834641 419.61326813255954
246 389.35657906197844 333.78366204836436
247 356.9637250510625 237.6834409973242
248 326.21031501503273 247.4107935915496
249 439.2571221566162 315.1022034017557
250 292.9686774941996 427.93503480278423
251 372.6594813317761 401.7344727170641
252 395.215777262181 518.4222737819025
253 280.5979328515681 297.9571875493829
254 347.2677299009973 206.5891523756825
255 422.4037122969838 562.5661252900231
256 159.59512761020883 642.1160092807426
257 271.39791183294665 24.22737819025522
258 439.8581368109343 48.934941267792524
