# pedestrianID x y
3 354.33178654292345 430.1670533642691
4 300.112378858932 506.4182399562847
7 129.74844229882476 636.1870609138747
11 148.6299303944316 590.2830626450117
12 147.00928074245942 572.5800464037123
13 552.2981438515081 151.85614849187934
14 663.1100395264435 193.3045235394609
15 689.3365597215012 207.31322505800466
16 575.8700696055685 639.4802784222737
17 552.131090487239 145.6844547563805
18 267.93206510777514 73.50348027842227
19 77.70190129979412 28.614018248323617
37 677.907192575406 618.5614849187934
83 675.8202841792223 580.3028356952382
86 400.61565033843596 410.13560017379075
87 172.385150812065 316.2784222737819
90 382.89800104954804 175.23459467598633
91 560.0487238979118 324.2505800464037
92 184.3097447795824 294.73781902552207
93 622.7830626450116 148.76102088167053
94 476.38979118329473 10.232018561484919
97 664.8758700696055 221.14153132250578
121 731.7601555089275 269.9949038118084
122 575.2668132132433 316.2784222737819
125 368.68909512761024 408.0556844547564
127 374.3058363286922 365.7957387080202
128 403.6303018135365 430.1670533642691
129 600.1194895591648 113.06728538283062
132 255.91116122149876 35.013287688322784
148 478.36774941995367 260.7006960556845
149 87.76682134570768 287.04408352668213
163 687.9077943063705 204.16949294220916
171 209.81045264653778 132.66777129824976
172 422.1345553171425 320.3181812568979
173 284.38979118329473 439.1415313225058
174 252.5445573975857 282.01338205615195
175 165.83062645011606 320.2552204176334
176 402.55166541098924 209.23916833150582
177 457.6624129930395 268.13457076566124
178 164.41531322505804 340.41763341067286
179 465.1820801845872 145.9261941967585
180 276.71560815283425 45.236189577748014
181 598.1201561904392 607.7160483843224
182 251.28928576452904 569.8411674987946
185 151.14511779601042 684.6879724118586
233 634.743628832318 366.5866308074008
245 304.3348607337569 423.9409559190267
246 391.0265352022963 331.402201463167
247 356.0769541190508 228.1182026089303
248 322.90834180284486 237.13215251227962
249 444.7912349397148 311.1692674556544
250 276.3016723389842 429.95961858537447
251 354.2286240623704 387.2193985617983
252 426.9078992487217 545.0445586587455
253 272.9767501490338 292.4503352918474
254 345.5079549376772 194.43043710247682
255 455.29350348027845 590.2830626450117
256 132.59280742459399 674.106728538283
258 457.8931561128975 10.166192037775183
