# pedestrianID x y
1 616.9095127610209 518.4222737819025
2 614.4965197215778 513.6102088167054
3 457.29002320185623 233.48491879350348
4 504.35945078998435 293.2054607609111
5 527.3772593192461 294.3524664187829
6 670.1054088297667 198.29588116308705
7 548.431554524362 169.21113689095125
8 663.0916473317866 177.28538283062645
9 479.0127610208817 115.93967517401393
10 577.3167053364269 90.75638051044085
12 295.84299570382353 11.6075486838506
30 222.81670533642696 198.82134570765663
32 714.1589327146172 224.6450116009281
33 704.8967517401393 217.65661252900233
34 477.6171693735499 100.37122969837587
35 478.55220417633416 92.11600928074246
36 482.3735498839908 129.09512761020883
37 584.1670533642691 156.5336426914153
69 529.4247500231525 691.6201507511643
79 162.8375870069606 608.2134570765661
80 103.13734549295603 326.25522041763344
83 574.2829128510222 145.19663834247157
84 373.70765661252904 60.76566125290023
86 451.6484918793504 217.65661252900233
88 641.2296983758702 205.60556844547563
89 555.5835266821346 110.21345707656613
90 552.0377264078486 619.232983367821
91 245.3751907855101 23.174578662023364
97 457.0498839907193 496.91415313225053
108 150.3166925020681 677.5906407037656
112 318.76976450374997 77.25638596771675
118 456.96171693735505 371.53132250580046
120 191.04436889036114 590.2830626450117
121 463.3672055409691 335.3860605788268
122 260.9753332348368 275.28718158407423
123 431.10788863109053 257.01160092807424
124 617.8384963152326 302.12396240949016
125 503.71752074848837 132.49354907073706
126 469.5208816705337 287.04408352668213
127 533.1658932714618 158.10208816705335
131 614.2378190255222 535.4106728538284
132 453.2269859241373 364.51706338082954
147 445.8426212305456 259.8312651796786
156 602.8559427855749 110.07437978801516
157 368.3923686896087 46.81910868235032
159 411.8189261503815 216.64933602925345
161 527.4125821937336 126.0447244150334
163 441.69837587006964 285.1322505800464
164 734.1776843006309 271.7582581341818
165 109.20069605568452 684.9187935034803
166 123.02784222737822 452.74245939675177
167 219.64246478669844 231.88438226534333
168 442.76505764535796 242.0796006006492
169 108.67401392111373 110.21345707656613
170 260.6194738799479 239.88768364636422
171 410.0725046538529 451.93128668187944
172 432.0732075580027 567.8228314970347
173 451.2010598260037 503.2518035874045
174 432.42652188643245 556.3244821215812
176 647.3431528878232 531.5663810645755
233 605.4379622060834 394.43776518526687
243 331.71291943724447 71.40539104048925
245 225.09757752667 396.72897864808544
246 412.3315689706456 303.5471724095007
247 347.4872679498197 109.6931660331388
248 337.0475200916698 196.89861875597185
249 546.4454756380511 166.0139211136891
250 321.20765661252904 555.1044083526682
251 105.86012115759365 310.47712261520905
254 448.29426903683594 30.667359339196267
