# pedestrianID x y
0 608.8120649651972 86.70533642691416
30 141.7697005045833 615.6402277597074
60 234.04487058783613 642.6214007178482
67 639.0765322399845 8.53806048942096
69 385.69287180627816 427.4646780364569
70 594.5371229698376 130.58004640371232
72 485.8422273781903 159.6751740139211
73 498.4269716779602 476.24996694009553
75 647.9952817937327 405.87006960556846
77 677.8049555407797 312.2674511153502
78 167.37819025522046 466.5104408352668
79 222.80278422273787 209.02552204176334
80 224.6125290023202 195.4570765661253
81 474.0220417633411 148.76102088167053
82 453.36426914153134 89.4013921113689
83 449.3097447795824 77.41531322505801
97 214.31060520963695 677.7930901637116
98 705.0754060324826 570.0696055684455
103 316.8019605407536 8.856447811405829
107 42.827619236147 306.41763341067286
108 433.76450116009283 346.5568445475638
109 665.8674484293899 202.847150661126
111 536.5292570246951 326.25522041763344
112 513.0232018561485 296.67285382830624
113 618.3344521206341 112.47833061297335
114 165.56183432253852 358.96055684454757
115 287.9327960457213 344.30638405161227
116 419.9444890798604 495.25410907133914
117 461.68909512761024 209.02552204176334
118 579.8167053364269 676.8027842227378
119 590.4600699286615 111.2450695434629
120 237.24620115901547 166.43989212086933
121 38.84570765661255 224.6450116009281
123 165.1687258809805 626.7464454989895
131 349.9731122051003 387.1749694655011
132 276.99861458433776 570.6612290024644
134 546.3544983965483 485.1276102088167
136 362.02783620544915 591.0966203321449
139 280.93664572140943 141.34835234655776
141 604.8791367654483 97.46415739665795
143 525.6601889975758 244.1723085199374
144 628.2786638093912 10.241639807342356
145 417.7906152395095 198.98718031740142
146 576.3071028395035 375.8623584501341
147 339.0058004640372 511.2111368909513
152 100.12877030162417 200.51044083526682
153 701.1532028811458 189.74696464281007
154 490.6972157772622 183.82830626450115
155 190.33178654292348 262.5522041763341
156 557.2591208479547 408.0556844547564
157 355.9435241006487 418.04775112882277
158 535.3506919856205 460.2009796476024
159 452.16485505620113 525.9658371065455
160 613.2378190255222 482.78422273781905
161 392.33542911604803 520.2949026353482
162 81.76102088167056 198.82134570765663
163 201.77030162412996 403.68909512761024
164 357.7192575406033 532.969837587007
165 107.21693735498843 238.8445475638051
166 125.35847753881725 43.4372839528911
167 78.35895077905427 306.6948833245878
168 205.56893450354232 582.9400314338844
169 531.450545205715 656.0319120349167
170 134.07450125861652 679.324992014115
173 687.3648244463188 626.6608810938218
201 555.2447795823666 516.0139211136891
202 122.75606965370046 30.112856622644767
233 571.5103121998419 424.26637296883723
237 623.1297784938123 510.1662751340691
243 391.6832946635731 436.8909512761021
244 640.9582366589327 382.13457076566124
245 29.26102088167056 257.01160092807424
246 322.1531322505801 103.16009280742459
