# pedestrianID x y
16 336.01253380209585 120.85214845500363
19 122.71026968956164 543.0884157445288
86 185.46641352845492 655.6668822078146
91 577.5696623077177 674.2370563248546
92 65.016241299304 682.2088167053364
93 561.4930394431556 511.2111368909513
94 564.8758700696056 540.3062645011601
95 676.631090487239 528.1020881670534
125 194.11724368754284 647.0328853579424
127 211.01868355151504 613.3150283631475
129 698.0591647331787 570.0696055684455
130 386.27814807303247 43.04224032583375
148 336.4538604000281 597.159222539161
149 210.20301624129934 621.1600928074246
173 38.23894240711547 274.6896187599712
179 370.7900232018562 459.6055684454757
180 139.73190230278124 496.83372863614005
181 645.7005991811187 327.5876009721301
182 551.6182823414306 142.4968292001837
183 329.59976798143856 96.22273781902553
184 624.3399071925754 468.8213457076566
185 450.600928074246 369.42459396751735
186 570.0040439672039 72.75803538149464
233 664.3293997912025 339.0915500068666
245 358.5726822211689 372.5432845438132
246 370.2591015774117 360.44487106511394
247 365.55599454780895 349.854932444994
248 360.5370238650371 346.66999188167284
249 377.36898939630873 357.1698480834545
250 145.73350364789337 10.834400716199127
251 481.68731551213153 348.4241977094196
252 149.80162412993045 133.56380510440835
253 354.7970212249514 355.52078173315437
254 364.15794861733497 343.59831629029077
255 156.7721033997943 195.61585828218853
256 400.45837305378234 406.75989582507157
257 642.2106654090936 543.1775944857478
258 339.98667935973975 430.1670533642691
259 150.9640371229699 310.34802784222734
260 643.2923433874711 603.0672853828306
261 149.82134570765663 273.7587006960557
262 249.41634518974075 154.8528826888954
263 682.3213457076567 93.48027842227378
264 373.9205836449671 501.66125290023206
265 444.1832946635731 508.8167053364269
266 513.7853828306265 118.830626450116
267 312.3097447795824 180.5475638051044
268 294.6330166430087 195.74426144197915
269 456.9155289565008 98.5317535493208
270 295.03248259860794 97.60092807424593
271 420.6357308584687 29.819025522041763
