# pedestrianID x y
3 362.80031283218193 425.10631487725453
4 362.4593967517402 439.1415313225058
5 620.7865429234339 608.2134570765661
7 219.3805104408353 567.5638051044084
11 177.4118329466358 450.4640371229698
12 175.67401392111373 436.8909512761021
13 422.59860788863114 76.10672853828305
14 569.5401765179845 192.3254365570094
15 567.8649672366869 178.36120792187214
16 579.814512277668 653.8070302954762
17 423.7819025522042 65.80510440835268
36 696.9930394431556 292.80742459396754
37 665.0800464037123 520.8352668213457
38 692.0046403712297 215.92111368909514
83 662.9605568445477 489.8283062645012
86 371.60591902252 412.31577399282037
87 190.0069605568446 202.20417633410673
90 459.23455689271367 282.0677157617362
91 481.60324825986083 251.5127610208817
92 202.39095127610213 183.82830626450115
93 462.8352668213457 55.800464037122964
97 667.7157772621811 310.34802784222734
120 180.94779582366593 626.3712296983758
121 705.6044083526683 302.5058004640371
122 504.27517237159503 244.24593967517401
125 438.57145709034745 303.1891371247192
126 654.2184564078352 491.6708123014498
127 442.2786793589899 288.3964045926751
128 457.6849185101156 297.2903917118166
129 460.1484918793504 41.35034802784222
132 352.6503103775575 136.97232037697918
148 501.64153132250584 113.06728538283062
149 94.29449081984491 193.15962329967647
163 559.4150556151966 148.81498579533232
171 239.2250580046404 258.8538283062645
172 373.03829084783564 406.630019520803
173 341.97656223080463 474.5382374689684
174 243.45289287386515 326.4508290990445
175 179.36890951276106 209.02552204176334
176 480.6409761996045 303.92976100180846
177 504.30008277590207 382.0214493457194
178 195.25152565794917 257.8925683239017
179 463.464356865169 55.2179125179202
181 586.381730196673 663.5405357744486
182 164.68195697049623 659.2589909227897
233 627.3025878429065 373.38081850348635
245 290.2966261921113 435.7029178569291
246 396.1263237117705 324.97378258714554
247 354.0795853757869 199.41102982681983
248 314.08147468483486 208.42995609729198
249 460.90332928530876 300.1197907161186
250 221.1496519721578 436.8909512761021
251 306.6674606857339 350.4049050309408
252 571.0627545535797 566.2200984044856
253 254.354930965885 278.49099103351455
254 341.4354140662126 157.36083525945799
255 534.283380600683 662.7866564192576
