# pedestrianID x y
0 616.7262180974478 92.11600928074246
30 142.79955036240642 610.1435753654121
60 233.86658932714622 647.401392111369
69 383.48143851508127 432.40371229698377
70 593.3631969479437 131.09702139024742
72 490.2587006960557 154.96983758700696
73 505.70322130780477 471.57952710261225
75 657.1720825594082 402.9264246088956
77 683.2020562537331 304.4928955463632
78 173.99535962877033 466.5104408352668
79 223.26450116009283 215.92111368909514
80 225.05568445475643 202.20417633410673
81 479.3341067285383 150.3062645011601
82 462.43851508120656 94.8491879350348
83 457.25754060324834 84.0278422273782
97 218.3161129200997 676.7677683357041
98 702.9419953596289 577.6148491879351
103 323.07541402463596 4.840954793404434
107 34.753737558179985 304.45939675174014
108 429.5012449329559 350.66170032105873
109 664.828918888588 194.4348218762788
111 537.0837465550256 319.3210188540704
112 513.7366589327146 290.88167053364265
113 629.4783420922545 111.63805104408353
114 164.69148350444797 348.6371428817203
115 287.11024274043444 341.7248732636762
116 426.20944915271537 494.54756380510446
117 463.65661252900236 202.20417633410673
118 579.5348027842228 674.106728538283
119 586.0510440835267 103.16009280742459
120 235.34015945017143 163.64102188905076
121 46.257540603248344 222.89095127610207
123 167.70815956439375 622.8538475260282
131 352.5735366809223 385.9231911505887
132 279.2197174462085 568.638957019546
134 553.0973203109379 477.2561272498418
136 352.88834987442465 590.2830626450117
139 279.6940987263839 140.6479000087694
141 603.8196180134573 92.09859976553642
143 527.3526682134572 237.05336426914153
145 418.4626371085916 193.5380053610358
146 575.762180974478 375.75870069605566
147 345.81206496519724 508.8167053364269
152 99.10691133644731 195.37148324048286
153 703.2210982469915 185.4756380510441
154 492.0197215777263 183.82830626450115
155 190.86774941995364 258.8538283062645
156 561.6827540829685 404.61360777880765
157 365.2271465599603 414.6403712296984
158 541.6417446387425 452.74245939675177
159 452.59073082700115 524.0365585455381
160 612.5208816705338 478.11136890951275
161 388.68201342212245 520.4793994097714
162 79.64733178654296 192.11136890951275
163 202.91647331786547 408.0556844547564
164 352.56148491879355 532.969837587007
165 107.56728538283068 249.6890951276102
166 128.0182578464332 46.59124936461287
167 81.57577970122796 308.4592890844744
168 207.9934453602932 577.7841288853728
169 525.53789973411 649.412364905472
170 137.30211587049936 674.3302393991663
173 684.4735970351846 624.144237960321
201 558.4411064698272 523.2529002320186
202 119.9833916280423 25.77218547443175
233 571.8701211520929 423.89045750008256
237 627.2546799736195 509.2167079359378
243 388.5777262180975 443.6566125290023
244 647.9187935034804 377.87935034802786
245 36.360788863109065 257.01160092807424
246 322.0255220417634 105.9675174013921
