# pedestrianID x y
245 427.7039233435055 459.55932207997785
246 422.27549936664366 449.7975770828502
247 433.031988821459 463.41762308554996
248 436.61959997327165 468.179436732808
249 333.01970439360747 464.08269978242134
251 732.2846082037541 266.43255930616516
253 446.5289404148958 488.7548053353188
254 443.798727342626 479.3858198026501
256 459.74759236803004 55.89944700217986
259 127.06345221953497 666.618122362649
261 130.7232829600741 598.285020796254
264 135.80975917393255 383.1719023988835
265 696.5290752385012 463.6090147777727
267 645.0709136785831 239.96253400416086
269 140.67221167102696 221.85339142537202
271 563.5075316562967 576.3328378811204
