# pedestrianID x y
133 299.90492806464954 52.293240904586014
188 425.52478004068416 129.489758023558
190 637.7638153890433 480.31225041519076
191 475.36308578704313 29.428700685676475
198 212.01068895149 371.8555628126161
199 625.4659768960944 187.0890228236007
201 466.4637831392562 48.3975289978044
204 277.4369776288737 35.19808467682255
207 459.84389889465405 102.80354591706333
208 405.17503830456184 433.91803774464364
209 194.99643110511897 554.3667221637222
211 441.93941787736065 530.8204397451552
214 69.23082636181755 286.97373129573026
215 224.90761400596642 578.6743917454727
216 295.4059166755915 340.7238716284741
217 186.63606388630922 620.7469235627859
219 182.31836133619294 310.0513608320197
221 43.04393691338093 272.4144225313742
222 201.41621291197853 634.7766623785961
226 131.34515417755762 322.9295316451212
232 464.67736469014227 224.69162487795947
233 219.93872054349538 566.6664698938456
