# pedestrianID x y
0 615.5452436194896 92.11600928074246
30 142.7552492422241 611.0674391758499
60 233.86658932714622 647.401392111369
69 383.4564488254473 432.4209472720147
70 593.3537671694943 130.8296945786359
72 489.2204176334107 156.5336426914153
73 505.1352059847503 472.31269083628456
75 656.24964032632 403.68909512761024
77 682.3512228544755 305.24034449136275
78 172.34106728538288 466.5104408352668
79 223.4883990719258 214.1902552204176
80 225.27958236658938 200.51044083526682
81 479.3341067285383 150.3062645011601
82 461.0452436194896 93.48027842227378
83 456.09048723897916 84.0278422273782
97 217.5618389765578 676.9486789853648
98 702.9419953596289 577.6148491879351
103 322.45518024094423 4.791053663722763
107 36.670193401685395 304.45939675174014
108 429.4095127610209 350.67285382830624
109 665.4591356564671 195.7397850662625
111 537.2494199535963 322.25058004640374
112 514.1054100173926 291.3775745999481
113 628.8056950933319 110.85509975892123
114 165.25867730196725 350.67285382830624
115 287.16607455969324 342.43146531552185
116 424.9730073707132 496.2334671876507
117 463.65661252900236 202.20417633410673
118 579.5348027842228 674.106728538283
119 586.3450416251351 103.40506813031104
120 235.54848029678334 164.23395994332554
121 44.88167053364276 222.89095127610207
123 167.27713697307482 623.0821413727642
131 351.09770258653157 388.55220417633416
132 279.06954391477854 568.8319965592709
134 551.155452436195 480.44547563805105
136 356.5548121399334 590.2830626450117
139 279.98783572973764 140.71357124024385
141 604.223897911833 93.48027842227378
143 527.4209030106165 237.31583019135883
144 632.9207538592294 7.262596531264182
145 418.2850724701268 193.65915737997614
146 575.768065540594 374.0018287306451
147 345.81206496519724 508.8167053364269
152 98.31757701000382 195.01525450504317
153 701.436701596019 183.95095576379975
154 492.0197215777263 183.82830626450115
155 190.8410304378704 260.5460426064951
156 559.7829596822617 407.624039246039
157 363.2391011529329 414.6403712296984
158 539.4000065963904 453.72830389156445
159 452.47775845227056 524.4015394854016
160 612.5208816705338 478.11136890951275
161 389.4147643529496 520.4551362449226
162 79.1682134570766 193.78190255220417
163 203.13805104408357 405.87006960556846
164 354.2807424593968 532.969837587007
165 107.97447795823669 247.87006960556843
166 127.89374178791991 46.24223882773726
167 80.88485593602736 308.1605161413866
168 207.48178555967033 578.8083692211203
169 526.5816108841864 650.0115648929858
170 136.71692695773726 675.2207226928016
173 684.885663797711 624.6225310956361
201 557.7941275127529 523.5121401534707
202 120.75109269355235 26.293235258812054
233 571.8411346691429 423.93060745139235
237 626.6653193202699 509.28509913375365
243 388.58954376583864 443.96676557474575
244 647.6016890033985 377.87935034802786
245 34.94083526682141 257.01160092807424
246 322.0255220417634 105.9675174013921
