# pedestrianID x y
1 541.1960556844548 350.67285382830624
2 537.024361948956 342.4593967517402
3 362.47533686679236 190.23926724488905
4 383.4872389791184 141.1044083526682
5 381.52900232018567 120.2830626450116
6 483.84338747099775 82.69605568445475
7 425.96055684454757 29.819025522041763
8 419.61252900232023 48.49187935034803
30 165.9837587006961 373.6426914153132
31 631.9187935034803 153.4106728538283
32 489.14733178654296 104.5614849187935
33 482.8433874709977 96.22273781902553
34 349.50000000000006 11.280742459396752
35 353.63689095127614 1.0023201856148491
69 407.87241944152834 669.0228586247749
78 79.95591647331793 485.1276102088167
79 84.59976798143856 487.4756380510441
80 163.73201856148495 314.2969837587007
83 558.1171693735499 57.03480278422274
84 557.2575406032483 192.11136890951275
86 373.0370255303801 158.1677123900625
88 385.38399071925755 47.29002320185615
97 379.13341067285387 595.3828306264501
108 219.74263530232116 600.9798684375033
111 494.34807425339545 42.84567969083256
112 322.4456841569649 63.87409801590179
114 264.84539975224453 29.123672062404147
115 406.35150812064967 74.80278422273781
118 518.9222737819026 492.1856148491879
120 199.11368909512765 499.2853828306265
121 416.9590950332728 233.48491879350348
122 144.6614086703463 441.3852588017906
123 382.5881670533643 384.2691415313225
124 430.8880621761148 397.17401392111367
125 377.86745494394944 53.553940794241754
126 463.0058124912039 164.24893479816348
127 374.08120649651977 172.42691415313226
131 544.3414168627672 375.75870069605566
132 421.0661632309251 450.4640371229698
136 194.72030280393665 667.563034370927
147 400.1055684454757 392.8538283062645
156 563.4791183294664 161.25290023201856
157 489.4097161962165 162.34642774771538
159 444.6589327146172 373.6426914153132
161 456.40719257540604 287.04408352668213
163 389.4900806461694 413.6468843944889
164 560.1925754060326 365.22505800464035
165 140.4105949899271 506.74262401583525
166 155.60556844547568 348.6125290023202
167 155.6025673684731 379.6427475640499
168 392.8800132982309 400.21233820608705
169 232.50580046403718 296.67285382830624
170 276.4328320352722 375.14503498414496
171 489.4898036093766 566.9460164079543
172 520.7178121004594 649.5458643133204
173 524.2917685673456 542.9202699851539
174 539.311028573839 661.4660192478009
176 728.9755593772583 638.8299539308891
233 595.56405426324 403.2799008664589
243 491.6192749276254 185.4756380510441
245 143.3483308249678 439.5099676991991
246 418.7845828414119 260.7006960556845
247 344.4565729785626 67.55791200463727
248 325.79466357308587 74.80278422273781
249 425.7726218097448 20.928074245939676
250 464.931129484738 634.1992739649188
251 28.468402712378822 292.7036262590631
