# pedestrianID x y
20 263.37587006960564 169.21113689095125
21 462.94199535962883 114.50116009280742
22 391.44315545243626 97.60092807424593
23 384.40719257540604 49.698375870069604
24 499.92343387471 10.232018561484919
40 647.6403712296984 209.02552204176334
41 562.354988399072 156.5336426914153
42 557.0440835266821 120.2830626450116
43 545.6798143851508 129.09512761020883
44 527.2610208816706 118.830626450116
45 462.8584686774942 97.60092807424593
46 375.00928074245945 105.9675174013921
47 379.5266821345708 135.06264501160092
48 455.88979118329473 82.69605568445475
49 391.27958236658935 118.830626450116
50 387.93851508120656 74.80278422273781
52 381.7436194895592 40.17633410672854
53 347.50928074245945 88.05104408352668
54 349.53828306264506 8.148491879350349
55 436.4704647706996 23.209966453078543
99 444.29985906075865 59.42133693010164
101 574.558921652617 668.6513916196321
133 202.87492159861588 324.0468113484684
134 331.56772032346015 560.0742459396752
137 509.3478018416695 645.5259504699504
139 487.82475344352383 649.7741308242339
141 129.9854724601299 693.1352524294392
143 160.72414578645737 669.5342975796603
150 275.639211136891 605.6380510440835
151 131.39250225012574 479.32679955437186
187 682.7668213457077 496.91415313225053
189 683.0904872389792 489.8283062645012
190 505.970493194453 656.364210601547
192 674.4849187935035 471.13689095127614
195 335.35699436431236 532.969837587007
197 658.1867749419954 668.7285382830627
198 337.4815236131788 481.5182015201029
199 669.508120649652 471.13689095127614
201 474.6763341067286 310.34802784222734
202 189.73169136967894 607.5320739593898
204 153.3806562266455 235.49438905098808
205 82.80858468677496 555.1044083526682
206 215.51160092807427 392.8538283062645
207 561.7421101404218 527.4700999194041
208 361.45984914096596 205.60556844547563
209 369.300464037123 478.11136890951275
210 678.1798143851508 257.01160092807424
211 721.3967517401393 316.2784222737819
214 193.03828306264506 492.1856148491879
215 357.66913284901256 495.51287079262795
216 425.74318804474865 225.77880718583774
217 353.5278388895165 432.40371229698377
218 278.1171693735499 545.2204176334106
219 247.58816705336432 506.42691415313226
220 161.47331786542927 504.0417633410673
221 229.29698375870075 457.3132250580046
222 477.2290974147255 473.45707656612524
223 164.39559164733183 478.11136890951275
224 530.9008977089568 238.8445475638051
225 235.1542923433875 384.2691415313225
226 362.4858086423957 447.8441189400003
227 177.72737819025528 545.2204176334106
228 374.8314563045287 525.675174013921
229 408.56612529002325 508.8167053364269
230 381.04542543171016 483.5217078372286
231 432.8965020419909 119.13671876952178
232 237.94398094756966 191.82499580049694
233 263.9668179694503 506.1620011274947
234 275.3407847490668 57.82618834922693
235 596.6863247480416 462.45104652291076
236 92.34261422259317 242.88437309250932
237 263.1405798394797 49.93636680886495
243 171.100241417526 652.5114219108436
