# pedestrianID x y
3 401.58674981537115 388.55220417633416
4 404.95337822494497 390.70069605568443
5 584.4791183294664 545.2204176334106
7 307.82019619510464 489.8283062645012
11 210.6716937354989 334.32018561484915
12 207.7331786542924 320.2552204176334
13 365.68909512761024 2.0092807424593966
14 463.6890285024284 123.55391879603427
15 463.95285172031896 108.79350348027842
16 577.4083526682135 671.415313225058
17 427.67439572533425 10.444417762397018
34 721.5603248259861 210.74245939675174
35 720.5 200.51044083526682
36 628.4408352668213 300.5568445475638
37 651.1832946635732 443.6566125290023
38 549.953596287703 147.22041763341068
83 646.8863109048724 412.4408352668213
86 400.6528271433374 367.32250580046406
87 241.6821345707657 111.63805104408353
90 489.4060324825987 369.42459396751735
91 413.27494199535965 193.78190255220417
92 254.16705336426918 92.11600928074246
97 645.7939020820271 371.53132250580046
118 315.4289345509026 9.08397246741053
120 251.01517821686446 567.5638051044084
121 636.595535143483 342.7974648548985
122 470.3048594836008 224.56048638691152
123 303.9573765117437 2.662752845086003
125 494.55324345266575 200.02325332643866
126 576.2882463905275 507.78071760131803
127 491.3083468244202 190.77912841510135
128 415.5255220417634 187.12761020881672
131 587.1977527454992 666.5188537327743
132 367.6970961914185 129.19789074408973
147 512.9677701703016 18.0610115792848
148 378.3893533472502 35.8539623515871
149 45.342178514985356 235.51076550631197
159 207.04914785020523 39.00696055684455
163 519.6325673112406 162.679331265832
166 121.96484730288259 635.0617636633888
168 303.25776839655174 44.43490077510959
171 260.9403825098018 347.43615908821016
172 428.7018561484919 545.2204176334106
173 277.8921113689096 473.45707656612524
174 241.73549883990722 361.04408352668213
175 212.8355650629545 119.56765363819555
176 524.1005580840704 360.65468922529425
177 523.666719254362 464.3700335117499
178 216.024574140323 186.24653165079118
233 622.3235661893248 378.99321216190293
245 278.9289940129065 444.5703866489669
246 400.40485835253446 319.3419737432273
247 352.28276674838924 176.81816182744487
248 315.34190530024995 197.13689095127611
249 474.34446368317714 292.5331540669473
250 269.99535962877036 434.64501160092806
251 269.64645857880004 317.329808123596
252 632.5870069605569 603.0672853828306
253 238.17010605284096 267.99795823048447
254 358.2262180974478 124.66821345707656
