# pedestrianID x y
3 374.35850321922726 421.2668213457076
4 378.52665976025185 425.43679422251785
5 608.8457076566126 585.2018561484919
7 247.2081804501445 541.6222800426362
11 188.08584686774947 412.4408352668213
12 186.12412993039447 401.5127610208816
13 395.6206496519722 52.125290023201856
14 535.2004347912729 171.5636659674162
15 532.3478203157948 158.10208816705335
16 575.9143173232885 645.9898064944193
17 397.1241299303945 42.52900232018561
36 667.7122969837587 292.80742459396754
37 663.8120649651974 494.54756380510446
38 647.6566125290024 195.4570765661253
83 663.1990049173238 464.3628040668403
86 378.2069202774468 393.6166152057852
87 206.87935034802788 172.42691415313226
90 473.2861583594702 309.8538965478349
91 459.7192575406033 229.9350348027842
92 220.0220417633411 154.96983758700696
93 425.96055684454757 29.819025522041763
97 668.3656585343977 331.46277213915886
120 197.41565617681502 605.6380510440835
121 686.5672853828307 314.2969837587007
122 493.6509025724104 239.12555203684423
125 462.5092972579258 275.6426914153132
126 626.097004367504 495.71001458790016
127 460.9911083398414 256.37708454394647
128 445.1036881826986 254.53591348851478
129 426.1832946635731 16.593967517401392
132 357.42164326109986 134.67184557958265
148 460.4222737819026 89.4013921113689
149 79.99742444644502 205.51701096715817
159 156.30821150688885 4.037122969837587
163 546.5341356837503 153.24388392332037
166 124.09716184968516 685.3385247527226
168 270.3285923107942 19.518282773477786
171 248.55684454756386 281.322505800464
172 383.0075488093737 476.15582229511296
173 324.0679563144883 472.60485324129985
174 241.08604062558123 337.49971291730066
175 186.09280742459399 178.9141531322506
176 495.0036617029507 322.3337486688479
177 510.7566468015438 405.7867760170136
178 201.89127611269882 233.52252731369487
179 463.0730740083931 34.53254341589531
181 582.8615416025402 675.9555033343283
182 143.02498512188134 680.821898751796
233 625.6669687451684 375.25847720772634
245 287.01732999374605 438.35594029965387
246 397.5048961797274 323.2547842157476
247 353.4637217936665 192.23763954441384
248 311.62106959144324 201.63957923034386
249 465.53938687722007 298.0162071740892
250 232.1682134570766 441.3967517401392
251 294.38614283328735 339.30337095450454
252 607.256364471965 570.8911454956141
253 248.80670632293882 275.55694630746524
254 340.47575365079234 148.97249330382283
255 554.7231326717153 679.1088166422077
