# pedestrianID x y
133 294.3181445275167 39.21036584922332
188 450.2208443682057 124.09672556003551
190 654.1818117328122 479.5154556963462
191 466.43573786130855 9.273973403894347
198 203.1410370644896 367.7754044369572
199 620.6500360833209 181.47128352301328
201 465.85831522937497 42.154110022420184
204 277.46374933661025 18.443283557031123
207 460.34249490290193 81.2156050240061
208 409.64283245435126 440.3128262434262
209 189.5214074153832 564.5459860526021
211 421.3831899449173 539.4670103591868
214 56.34481356583137 284.4105254847579
215 217.35080528177986 589.0535919273424
216 280.2196000670359 338.3394540548507
217 173.30912735244135 638.2544555872279
219 173.57461621877056 308.28367438612895
221 29.824530697137 273.4571014528171
222 188.29717029586357 646.4619856877268
226 117.11838289685289 317.58587099957845
232 476.03614680971344 225.96830407856663
233 217.87320288235853 569.6176821379009
