# pedestrianID x y
19 99.06148491879355 631.6009280742459
86 136.73837328412472 690.0615212432806
93 575.9814385150812 623.7633410672854
94 579.7900232018562 642.1160092807426
125 147.4566991952629 680.8747149986857
127 175.74622700883737 649.4440322534873
129 729.1739992214257 644.7759913226805
148 247.53943102998574 620.520012632771
149 158.43869482811726 677.4106654552966
179 285.28360159375603 552.5497480045294
180 131.8386758698401 604.8246641415276
181 706.4996041736039 342.4593967517402
182 566.0754060324826 28.691415313225058
183 253.79350348027845 8.148491879350349
184 662.5533642691416 506.42691415313226
185 446.72737819025525 257.01160092807424
233 728.9872206335101 340.41763341067286
245 387.59690411863096 399.8908882977966
246 387.59857296605543 398.5067107380375
247 387.6160447500545 399.6578892039247
248 387.5962499496683 398.53308844111484
249 387.60281409469815 397.85188549452033
251 603.2776775402514 294.73781902552207
252 124.86146294527663 24.987259192321407
253 387.5797191007059 399.50088736504665
254 387.6389781661592 398.35231952267316
255 121.04574975659908 86.88864523165888
256 449.9269735689607 297.50973786264797
257 627.4570442667626 647.6673410819398
258 215.20997679814388 530.5336426914153
259 144.55452436194898 403.68909512761024
260 640.3619489559164 485.1276102088167
261 141.71229698375876 369.42459396751735
262 196.2583858944659 202.11268615462342
263 729.6763341067285 151.85614849187934
264 301.3773697397221 522.3918639169508
265 454.7633410672854 408.0556844547564
266 597.5278422273782 203.90255220417635
267 459.32134570765663 187.12761020881672
268 243.42705565878683 335.694877264382
269 330.6922748971461 161.25290023201856
270 205.47099767981442 150.3062645011601
271 512.9570765661254 190.44547563805105
272 405.52436194895597 39.00696055684455
273 370.6496519721578 32.08816705336427
