# pedestrianID x y
40 446.48607888631096 90.75638051044085
41 374.75638051044086 27.56844547563805
42 382.37819025522043 12.334106728538282
43 396.78404665608554 15.498414267572862
133 303.4301713920077 196.10747347334944
150 126.15396969140264 638.5879027547484
151 105.59396751740144 608.2134570765661
187 691.2134570765662 332.2969837587007
188 177.57540603248265 182.18561484918794
189 686.5672853828307 314.2969837587007
190 518.9257540603248 547.6844547563805
191 637.2633410672854 210.74245939675174
192 684.0498839907193 310.34802784222734
193 693.7598607888632 197.13689095127611
194 629.863109048724 198.82134570765663
195 177.08310981504246 626.1783200856925
196 628.7169373549884 185.4756380510441
197 700.4709976798144 518.4222737819025
198 257.4419953596288 427.93503480278423
199 678.5812064965198 306.41763341067286
200 545.223897911833 148.76102088167053
201 544.5266821345708 169.21113689095125
202 130.56554867747687 690.6958668808039
203 184.5870069605569 166.0139211136891
204 191.16125290023206 151.85614849187934
205 83.78306264501163 388.55220417633416
206 159.67981438515088 205.60556844547563
207 502.587467184977 354.1029290598673
208 430.4737645035071 291.17312507847055
209 205.01972157772627 550.15313225058
210 449.6682134570766 105.9675174013921
211 583.0011600928075 445.92111368909514
212 665.6194895591648 395.01160092807424
213 702.9733178654293 540.3062645011601
214 182.32830626450118 367.32250580046406
215 237.3244233340207 553.3835647154332
216 437.5533642691416 310.34802784222734
217 246.11484918793508 530.5336426914153
218 138.76102088167056 650.0510440835267
219 264.2006960556845 371.53132250580046
220 148.3178654292344 308.3805104408353
221 200.68445475638055 292.80742459396754
222 296.84570765661255 555.1044083526682
223 151.07308584686777 283.2250580046404
224 300.87819025522043 98.98375870069606
225 172.60071122118273 191.4140333246994
226 265.06013863401756 375.9013004371884
227 127.02180174246291 392.7227023967291
228 469.40111760477964 533.0167942873476
229 285.7801341609902 589.4410452188307
230 186.26739771777238 647.2811395885739
232 335.585502744217 206.31655825282917
233 245.25845750502842 533.1957299745395
235 692.9010608307011 470.7546850899717
