# pedestrianID x y
26 578.3538283062645 139.58700696055683
39 142.57656612529007 506.42691415313226
49 457.7112026394175 562.5661252900231
57 574.3457076566126 592.830626450116
58 64.3070325261089 316.2784222737819
60 166.75664784494336 263.14694370270223
62 392.9989697828194 425.9059758695568
64 695.5406032482599 244.24593967517401
65 450.5577868944455 476.10146983976057
66 703.6413786786001 243.50150237922782
67 523.4361948955917 504.0417633410673
68 596.0261946413376 154.8029364384296
69 261.42343387471004 118.830626450116
70 175.21328982747266 222.89095127610207
71 24.136890951276143 175.661252900232
72 535.0916473317866 82.69605568445475
96 322.7108080497536 388.62577886338516
100 473.35363923975757 295.65966928841607
103 279.04018330869826 434.64501160092806
105 71.78494491141124 629.9564931938398
106 408.3512810053674 457.3132250580046
107 291.80742459396754 457.3132250580046
108 264.61832946635735 93.48027842227378
109 606.5904872389792 555.1044083526682
110 304.0116009280743 547.6844547563805
111 262.19953596287706 587.7401392111368
112 146.41631456006468 645.3822558875822
113 260.3945463349484 20.62854893903842
115 191.93399493320715 637.5653246653396
117 242.79123772363963 607.6111190132021
131 471.5153907429859 42.86038499495327
134 607.7252119614678 306.41763341067286
135 636.0702838313771 390.70069605568443
136 389.2911832946636 478.11136890951275
137 492.92111368909514 328.26450116009283
138 174.29409679652127 411.1483424430425
139 203.64696713715392 238.98373332693942
140 498.03243087712144 29.60828504441717
141 473.92923433874716 318.26450116009283
142 646.8883938734582 465.0433195025132
143 458.6868048168566 358.96055684454757
144 459.30394431554527 452.74245939675177
145 378.2116431932377 396.0870112657212
146 373.239330014164 582.6550839572068
152 131.42739143508348 519.9949347426216
153 316.4635216406957 361.3458131533128
154 446.2409417266748 585.1170777655515
155 492.25726015899846 418.4896165764075
156 263.1617302492365 597.4873908430698
157 245.312062738742 559.0524116896762
158 195.37665035917175 625.0314835890815
159 235.8174982179429 633.0055523341358
160 207.93936086015395 648.7781463796333
161 162.8399477407993 679.913751114761
163 64.36592784164792 262.96893912731866
195 435.8101051108575 130.69121011054693
198 619.482692207327 399.34106728538285
201 524.1913659312905 336.3480278422274
202 285.55751808583227 410.24593967517404
208 210.53236403304157 209.02552204176334
219 662.2654509461983 328.90267797161295
228 552.0768584155984 404.66530894807426
231 582.9938774025936 590.8837356397896
233 543.3884395132333 450.67107858054794
235 488.8488781229159 252.6535975201435
236 565.7139273789815 62.46443446072018
237 535.3084212498346 377.0140063531249
238 422.23274095661867 21.65396986741145
239 409.00464037122975 421.2668213457076
240 501.3816705336427 350.67285382830624
241 406.78060369125603 371.53132250580046
242 416.5403181904229 337.7665660104017
243 395.31396179310326 393.5220421925388
244 329.77442584846887 550.603589373972
