# pedestrianID x y
20 405.54640371229704 151.85614849187934
21 556.4605568445476 164.42227378190256
22 528.3329466357309 187.12761020881672
23 492.5104408352669 123.20185614849188
24 621.4941995359629 111.63805104408353
25 406.1716937354989 46.09280742459397
40 674.5255220417633 290.88167053364265
41 643.4605568445477 228.16705336426915
42 631.5510440835267 164.42227378190256
43 632.062645011601 178.9141531322506
44 611.0139211136891 178.9141531322506
45 557.77030162413 153.4106728538283
46 478.48491879350354 202.20417633410673
47 451.40447556793464 226.99181896464023
48 544.2517401392112 133.56380510440835
49 463.04640371229704 209.02552204176334
50 524.0939675174014 164.42227378190256
51 732.8793503480279 577.6148491879351
52 486.800464037123 111.63805104408353
53 476.0870069605569 193.78190255220417
54 436.9269141531323 80.04640371229698
55 474.969837587007 78.72853828306265
56 402.5313225058005 29.819025522041763
57 312.5730858468678 23.122969837587007
99 477.0857551964938 128.44128755171985
100 120.04408352668216 687.6334106728539
101 549.4965197215778 592.830626450116
102 719.5371229698376 275.6426914153132
133 189.29814385150817 401.5127610208816
134 433.9162070654205 508.6245320189661
135 551.2459396751741 628.9837587006961
136 303.3422273781903 42.52900232018561
137 469.90659984690035 618.934213169196
139 451.0256998491856 627.1915776893262
140 132.72035549704998 693.050891737917
141 170.85227836478836 652.359775114078
143 192.95040273160518 642.1459905987423
150 320.6378776493824 612.285829879197
151 112.83007048439381 380.8753492362823
187 681.3793503480279 575.0951276102088
189 682.2726218097448 570.0696055684455
190 554.8584907143531 686.1017771296011
192 675.5770157638493 537.082655115844
195 424.66009280742463 487.4756380510441
198 401.8248259860789 450.4640371229698
199 670.8209886698121 527.1787663166859
201 431.7447795823666 365.22505800464035
202 223.78958648745933 569.9281683333365
204 166.12412993039447 318.26450116009283
205 71.20185614849191 623.7633410672854
206 243.00580046403718 473.45707656612524
207 577.2761020881671 603.0672853828306
208 299.3167229188503 212.99962259873627
209 457.8921113689096 511.2111368909513
214 204.61832946635735 555.1044083526682
215 423.79350348027845 466.5104408352668
216 485.1554517155224 253.15367930422389
217 492.6692844314028 383.9414141381097
218 380.7250829925042 491.6109055726238
219 309.77494199535965 461.9025522041763
220 184.5301624129931 585.2018561484919
221 230.83062645011603 528.1020881670534
222 586.8712296983759 427.93503480278423
223 183.50812064965203 557.5870069605569
224 645.8755522062202 285.48336397926835
225 271.8329466357309 461.9025522041763
226 444.5406032482599 452.74245939675177
227 196.41531322505804 613.3781902552204
228 329.53828306264506 582.6682134570766
229 480.4512761020882 450.4640371229698
230 493.82134570765663 416.8445475638051
231 444.1670533642692 195.4570765661253
232 251.10788863109053 174.04176334106728
233 272.8211435877386 493.8587238192134
234 271.86247131697496 131.30971008374343
235 550.3904155733838 458.269124486325
236 152.24933218207758 222.37912186299855
237 249.33638528398782 96.48027000569334
243 194.66683498037793 627.3758920676288
