# pedestrianID x y
3 407.52784222737824 380.00464037122964
4 410.8201856148492 384.2691415313225
5 583.1598709253749 537.8561484918793
7 318.74848050917245 480.90999477112575
11 216.49767981438518 322.25058004640374
12 212.06960556844552 308.3805104408353
14 449.28021866153415 114.50116009280742
15 453.96139967243687 101.4267003960549
16 578.2470997679815 679.5034802784223
34 710.824825986079 207.31322505800466
35 709.8526682134572 197.13689095127611
36 622.9686774941996 302.5058004640371
37 647.877030162413 434.64501160092806
38 533.7389791183296 142.62645011600927
83 645.6118856981623 405.2989352273595
86 406.8283062645012 361.04408352668213
87 249.5974477958237 98.98375870069606
90 489.0440835266822 382.13457076566124
91 403.66589327146175 188.78422273781902
92 261.37935034802786 82.69605568445475
97 635.0104408352669 375.75870069605566
118 325.0374290104079 11.220832271176304
120 260.0498839907193 560.0742459396752
121 626.434253258422 345.92520991223705
122 466.8561517219816 222.56674460162898
123 312.6482621767499 11.707968301510185
125 493.6483708078734 185.47691685128268
126 573.7409626002815 500.7316748550913
127 492.7054700944476 189.55557448513076
128 405.69953596287706 177.28538283062645
131 589.0371236681272 660.7542213467704
132 369.31319714653034 128.2564210367877
147 510.47544393787354 26.439822066117237
148 384.93016157606894 33.11880419556847
149 38.73886081505124 239.74695470222971
159 215.34598255018915 47.29002320185615
163 512.989741426135 164.14983265665498
166 121.56531065001865 627.4950786380292
168 307.32390206418364 48.70218606830616
171 263.61252900232023 356.8816705336427
172 435.9489559164734 552.6264501160093
173 271.1299303944316 475.7819025522042
174 243.36822577619367 367.32250580046406
175 217.80538302181216 110.59953669712952
176 527.2207707502816 368.08411262508133
177 525.4598223247017 472.32710654418196
178 219.0361904464259 177.75183374949938
233 621.6476439685042 379.62034117308474
245 277.7816432708208 445.6127492976218
246 400.94791050447805 318.564389994981
247 352.06501316641715 174.18729283880495
248 319.0459549921598 197.13689095127611
249 475.66993622807263 291.58366156712697
250 260.1287703016242 436.8909512761021
251 265.2406119057747 313.6861077656636
252 634.0301624129931 613.3781902552204
253 235.96830131128814 266.43547751689186
254 370.4825986078887 120.2830626450116
