# pedestrianID x y
133 297.5885646410849 47.12813898765253
188 437.61987034105107 127.51444008407795
190 644.7856880141691 480.0457901233114
191 472.48609827352317 21.104996613219615
198 208.23120893428984 370.0541665368282
199 623.4513280954891 185.55763294553086
201 466.22813611208755 46.27613310175182
204 277.4456443374288 27.131925120252724
207 459.9955019290356 92.72367410913382
208 406.8646428809071 436.6330394422762
209 192.5750520143736 559.2126978525515
211 433.8766095378556 534.3827232467343
214 63.819065281159425 285.9430205551183
215 221.56541639682445 583.3526973001773
216 289.89660337202076 339.865844548287
217 181.56517936401139 626.2684642517495
219 179.21878878774402 309.30429625276037
221 36.882442263408116 272.82413859766984
222 196.94820573486874 639.1355391850847
226 126.33573421703865 320.86995868766
232 469.0862990279373 225.23921030755946
233 219.26823363831218 567.6244220843732
