# pedestrianID x y
1 382.0777262180975 136.56612529002322
2 381.7285382830627 126.13921113689095
30 168.95913369575538 479.36045932233685
69 361.2958236658933 575.0951276102088
70 634.0508018478953 177.40532001396747
72 641.2679814385151 246.05568445475637
73 676.1519909756094 391.3549153621555
78 206.02436194895597 363.1322505800464
79 221.87703016241304 328.26450116009283
80 226.0638051044084 249.6890951276102
81 635.6542923433875 240.64037122969836
82 666.6542923433875 192.11136890951275
83 558.3921113689096 178.9141531322506
85 44.05568445475643 86.70533642691416
97 296.45292319642016 658.4386840656799
98 612.9513873222741 692.7649529551579
108 306.00567169116516 499.30499743160294
109 638.9174433074447 11.890513684566477
111 548.4895178953062 180.8860050874316
112 454.9158034305303 127.50490294219489
114 203.5612958403427 185.15307533780623
115 270.60815518508747 255.90657728264367
116 597.1276102088168 421.2668213457076
117 380.50123613415815 90.75638051044085
118 571.1113689095127 682.2088167053364
120 240.56218464147736 354.8074245939675
121 205.6067285382831 224.6450116009281
122 73.00348027842233 636.8491879350348
123 236.78074245939678 516.0139211136891
124 214.1308139985103 603.8331874502261
126 293.87420456387423 15.056672662368774
127 269.84380861154176 34.14705534274134
131 360.13793501981746 414.5681360443095
132 353.89220978744305 510.6841851814484
134 717.0306538092542 369.8891872889661
136 214.84691924190255 631.6009280742459
139 300.36658932714624 76.10672853828305
141 631.8033499969147 11.327972090678559
143 645.0083977023585 248.96357650881296
145 466.8435364920296 52.84284790398057
146 711.178016579164 268.7440289903334
147 405.1763772833668 446.32596611063116
152 101.74928931009799 15.992310722006563
154 473.205869932674 61.2119284686965
155 298.8691440629882 95.61349861717905
156 562.6295874917433 306.84382117529935
157 471.0440835266822 336.3480278422274
158 692.2218783247879 384.7903528266585
159 461.38205316288975 492.63904622672743
160 710.1801402346375 338.3805104408353
161 318.1525961093866 458.9023551526924
162 86.17865429234342 14.454756380510442
163 254.83526682134573 528.1020881670534
164 401.22010877146187 486.6074499206468
165 214.38747099767986 356.8816705336427
166 136.4883990719258 177.28538283062645
167 179.40214715573518 348.1239521160139
168 269.2581010467912 488.00764015435
169 380.3251839667352 500.6275175978775
170 195.8222591144404 544.7983450111492
173 613.538574853826 587.6298268400895
201 605.3375870069606 658.0278422273782
233 582.2586318726015 414.6947700899059
237 714.261552573801 482.6897750988378
243 471.3799007499831 357.6019692069698
245 110.40487238979122 283.2250580046404
246 345.2094045612941 168.6453754123016
247 272.83132274971837 22.453246557339543
