# pedestrianID x y
1 711.326776880012 629.3535608918385
2 701.276265483102 620.1642626429731
3 451.76837915047383 328.26450116009283
4 457.09512761020886 332.2969837587007
5 570.1472166518564 398.8109290763306
7 424.81085175828207 376.93358702253994
9 684.0768940553547 235.82001150729974
10 732.3607888631091 214.1902552204176
11 265.3422273781903 203.90255220417635
12 263.0649651972158 185.4756380510441
14 354.600928074246 36.682134570765655
15 350.16654941498535 18.816923366976773
30 287.27494199535965 40.17633410672854
34 617.5116009280744 174.04176334106728
35 618.1322505800465 162.83526682134573
36 620.546403712297 271.8793503480278
37 627.0974477958237 336.3480278422274
38 441.631090487239 55.800464037122964
79 146.65591907106702 691.6845188322166
80 33.02771983179546 291.03392977215685
83 617.3723897911833 318.26450116009283
86 447.78999969765 311.6571162453827
87 289.2438234572034 13.532773234801615
89 708.3886310904873 200.51044083526682
90 508.8062645011601 473.45707656612524
91 322.9837587006961 111.63805104408353
97 561.6516423767504 416.8445475638051
118 390.15535543590124 91.41725845208322
120 357.3508249732258 506.42691415313226
121 547.2749419953597 384.2691415313225
122 392.8142622464017 195.4570765661253
123 362.6809744779583 80.04640371229698
125 505.3969597853154 129.94519097945346
126 521.0143940795978 429.63348575290144
127 506.66808160059543 176.37534865890183
128 327.0058004640372 101.76334106728538
131 604.0003832932193 614.4424327800764
132 362.31509277909373 118.830626450116
147 472.02004600594364 120.71837611646683
159 296.0254010974453 111.63805104408353
163 470.37223370713673 178.57531011080368
166 117.72094596728483 556.5061353215634
167 288.50629917711825 70.30431449790726
168 357.5541534370588 94.8491879350348
170 288.46171693735505 58.27378190255221
171 304.2001809274754 447.19999567406757
172 428.93459394839954 555.6475097696921
173 339.7331786542924 434.64501160092806
174 313.70466939559935 446.00465546466125
175 261.64761178325546 32.55831563118555
176 573.1241717574007 429.81347074023296
177 545.7470800822417 563.238865160054
178 244.22436221419895 99.56216261422459
233 615.6636931913857 385.43864993859097
245 277.35169570405264 445.92111368909514
246 404.96779745559786 312.66331557544424
247 350.3354601352596 149.16561817325072
248 353.0974477958237 212.4640371229698
249 490.11036599691926 283.29128196718165
250 206.2668213457077 457.3132250580046
251 213.4615509843339 275.98205985950983
253 273.6635730858469 185.4756380510441
254 424.0292028962885 80.17548873106917
