# pedestrianID x y
20 224.64501160092811 185.4756380510441
21 436.6728538283063 97.60092807424593
22 356.8491879350348 68.35266821345708
23 354.60788863109053 29.819025522041763
40 626.7679814385151 202.20417633410673
41 535.5974477958237 139.58700696055683
42 544.2552204176335 123.20185614849188
43 521.9907192575406 111.63805104408353
44 503.03828306264506 96.22273781902553
45 436.7633410672854 78.72853828306265
46 352.2343387470998 81.36890951276102
47 355.74593967517404 110.21345707656613
48 431.88051044083534 67.07656612529003
49 367.58932714617174 94.8491879350348
50 352.385150812065 48.49187935034803
52 352.52436194895597 20.928074245939676
53 317.23517389760326 44.43050360156663
99 451.7792790767708 32.04860615222247
101 576.2058098371473 686.9601784921218
133 211.94431554524365 296.67285382830624
134 298.0998846932453 580.0692506002478
137 520.4152012958307 653.7206568452126
139 499.5653070659646 656.7926261564679
143 151.80731196743753 675.9874019112318
150 248.15081206496524 618.5614849187934
151 137.60440835266826 492.1856148491879
187 680.8225058004641 478.11136890951275
189 678.554524361949 466.5104408352668
190 501.9454756380511 647.401392111369
192 672.1032482598607 450.4640371229698
195 309.1496519721578 550.15313225058
197 658.4930394431555 658.0278422273782
198 317.2629660687708 494.18424458288223
199 667.1890951276102 450.4640371229698
201 487.42575406032483 290.88167053364265
202 181.4664326647217 619.1366867300504
203 17.26450116009289 240.64037122969836
204 158.0957307262729 222.15267474246193
205 85.3503480278423 537.8561484918793
206 205.12877030162417 371.53132250580046
207 557.2742923352113 505.0334526969484
208 389.21317672105874 205.60556844547563
209 354.2963739139242 501.2445546609861
210 647.2737819025522 237.05336426914153
211 700.8062645011601 334.32018561484915
213 658.2412993039443 682.2088167053364
214 189.61484918793508 475.7819025522042
215 339.02784222737824 508.8167053364269
216 419.5291527071941 230.42235240820264
217 339.16547248580326 443.6566125290023
218 254.6821345707657 562.5661252900231
219 235.73201856148495 506.42691415313226
220 159.67053364269145 475.7819025522042
221 226.0220417633411 436.8909512761021
222 443.05085589237456 487.4756380510441
223 162.39675174013925 452.74245939675177
224 495.63008464082134 219.39675174013922
225 227.49762628366176 354.559276643587
226 341.1579608207382 433.5922236811707
227 176.44779582366593 523.2529002320186
228 382.87178599683176 494.27610294067597
229 388.39443155452443 518.4222737819025
230 353.53952732916605 510.3901243698898
231 437.2842349409978 101.22480969327688
232 249.35600322297876 194.2504988173862
233 260.95149804316304 509.65008004114287
234 276.3276598493719 33.18895636311053
235 610.8141748810353 463.7336072371859
236 76.29178686416209 250.06327837251789
237 267.19256689629634 37.19668463658866
243 165.34515486279423 659.5244926236012
