# pedestrianID x y
3 141.75754885259903 689.2578077228897
16 378.08120649651977 175.661252900232
19 138.7903413988078 494.2708935781981
86 207.6601667956857 637.8715262772301
87 61.308584686774964 682.2088167053364
91 577.7075463100198 629.2958871871168
92 71.9211136890952 644.7563805104407
93 543.7598607888632 459.6055684454757
94 543.9559164733179 475.7819025522042
95 687.4860788863109 478.11136890951275
125 215.53459860246636 630.3315932352948
127 226.44749386399675 595.8536464133621
129 701.2320185614849 513.6102088167054
130 488.972882681515 195.92572658193706
148 385.75775336905775 560.0742459396752
149 189.16241299303948 572.5800464037123
173 68.24258641288854 274.4690856677455
178 135.69821585491934 682.6033155278895
179 399.16589327146175 414.6403712296984
180 153.05800464037128 461.9025522041763
181 643.4581194118806 320.0783844416773
182 535.2932063231551 202.79122659242256
183 375.83976214903277 151.85614849187934
184 591.6194895591648 416.8445475638051
185 457.09396751740144 419.0533642691415
186 535.0316067949341 137.25285869274896
233 660.9435997438037 341.83816951630627
245 351.90056873884896 378.2833117487908
246 372.5104929772969 357.23243451621335
247 364.2732995047446 336.31343011237647
248 356.22211400923374 333.49519398652325
249 385.48214385204693 351.8084345068576
250 157.6046202195718 64.11797037315748
251 449.3087396947849 398.0836542618641
252 169.3561484918794 190.44547563805105
253 345.65241889308595 348.31512811010344
254 362.11421266305985 325.92931789451245
255 172.8754603569317 222.4048147209319
256 423.46534539771704 425.70765661252904
257 538.6380510440836 443.6566125290023
258 405.2295503833931 377.7467267139947
259 152.46635730858475 258.8538283062645
260 643.8294663573085 658.0278422273782
261 152.1995359628771 222.89095127610207
262 275.35498839907194 114.50116009280742
263 646.0278422273782 60.76566125290023
264 462.8399071925754 508.8167053364269
265 460.2784222737819 552.6264501160093
266 526.1136890951277 84.0278422273782
267 271.93387470997686 161.25290023201856
268 328.45243619489565 129.09512761020883
269 397.86407906512727 60.00734991821503
270 353.4350348027843 67.07656612529003
